0
3558
1001
0
4604
3621
0
1001
0
2757
0
0
0
4614
5002
0
0
1001
4355
4665
0
1001
1001
0
0
0
5002
4734
0
0
4529
1001
0
4803
0
5002
0
4803
4803
4739
5258
3924
4665
4908
0
4946
4803
1001
1001
0
0
3621
0
1001
4834
0
0
0
0
5330
4803
3621
4772
4640
4380
1001
5002
1001
4351
4803
0
3052
4755
4946
1001
4739
4908
5079
4712
3621
4658
0
0
0
1001
0
4641
5330
1408
0
0
4915
0
3052
0
5079
5002
0
2123
1001
3621
5136
4692
0
4385
4738
4915
0
5002
0
0
4014
0
0
3782
0
4803
1001
4890
5338
0
1001
4915
0
1001
4006
3194
0
1001
4665
3621
4738
0
1001
4803
4255
0
3029
5079
0
0
5366
4535
4142
4946
3621
5079
4915
5188
5079
1001
5002
4519
4803
4039
4726
4594
4351
5079
0
4665
0
3252
0
3194
4653
3621
5366
5136
1931
0
0
4632
5269
4803
0
2314
0
5338
4572
0
4915
4676
5338
4803
2586
2314
5330
4915
5102
5079
4665
4692
4526
0
4692
2012
1001
3735
4915
5079
0
5338
4641
4765
0
3577
3877
0
0
3621
0
4658
0
0
5199
4803
1001
4692
4229
5002
3194
0
0
4803
4641
4803
0
4739
0
4550
1001
0
0
0
5258
0
0
3621
4361
0
5338
4803
0
4568
4619
3621
1541
0
4803
2542
4479
0
3768
0
0
0
3029
0
0
5366
3378
4270
1001
0
4544
4586
0
0
4832
0
3621
0
4692
4614
0
4640
0
4604
3194
1001
0
4739
4803
3621
0
4908
4641
4739
0
4803
4390
0
4361
1001
5269
3621
0
0
3231
0
4834
0
4535
3194
1001
0
0
4946
0
5002
1001
4660
0
1001
0
0
4326
3721
0
1408
4391
4738
0
4667
0
4737
0
0
5330
0
3621
0
4692
4396
4803
2757
4765
0
3621
0
4544
1001
3621
4632
0
0
0
1001
4667
2874
4615
0
0
4665
4803
4632
2542
4474
4660
0
0
3621
5369
4834
0
2895
3695
4184
5366
4803
0
2757
4726
5256
5079
0
3621
0
3978
4915
0
4188
0
4613
3383
4395
3777
2314
0
0
1764
4539
5366
5079
4900
5002
4772
1408
4658
0
4892
5002
4326
5079
4803
0
5079
0
4658
4596
4816
0
5338
4803
0
4692
3621
2757
4658
0
1001
4915
0
4707
4319
0
0
3621
1001
1001
3076
4272
4739
1001
4915
3621
0
4739
5079
5256
0
0
0
0
4673
0
0
4739
0
1001
4641
5079
0
0
0
4803
1001
0
4665
0
5199
4803
0
4173
5223
4803
1001
0
3758
4641
5338
4669
4738
3523
5366
1001
4660
4258
0
0
0
5002
4641
5136
4803
0
4803
1881
3621
0
0
5002
0
0
0
0
3621
0
4803
0
4667
4803
0
4676
5079
0
4335
3621
4240
4658
0
4361
3621
4640
4407
4665
5079
4596
0
0
0
0
4962
4908
5330
0
0
5002
4803
0
0
4834
0
4915
3621
4318
4665
5330
4667
0
4258
0
0
0
0
4832
0
0
5256
4641
0
5079
1408
4803
4803
0
0
3052
0
4900
3194
0
0
4649
5079
3621
5246
4739
4644
0
0
0
4616
3621
3621
0
4737
3621
4307
0
0
0
0
0
4803
1001
0
4674
4665
4832
5222
4983
4911
0
0
0
0
4658
4645
0
5079
4674
5079
3621
4586
0
0
3621
0
0
4596
5369
0
3194
4596
5079
1001
0
0
4665
0
0
4915
4946
0
1001
3621
1408
4541
4737
0
4946
4361
0
0
4739
4335
4803
0
4803
4946
0
4692
4596
4665
1001
1001
0
0
0
3347
4803
3621
0
3621
0
0
4803
4755
3194
4803
3999
5002
5188
3383
0
3252
4983
4908
4803
0
4669
5330
0
4096
4636
0
0
0
4983
4667
4915
4596
0
4890
4665
3347
3523
4739
5002
1408
4632
0
4915
4890
0
0
3194
1408
4531
4739
0
1001
0
4272
4803
3904
5002
0
3621
0
0
0
1197
1001
4399
5079
3621
0
4229
3621
4620
0
3621
4255
0
4665
0
0
1408
0
0
0
0
0
5258
3347
1001
0
0
4596
4119
4592
0
4455
0
5002
4629
4577
5338
4641
0
4665
3621
2314
4803
3621
0
5330
3052
4739
4596
4803
4299
0
0
0
5188
4803
4665
1408
4803
0
4641
4946
1408
0
0
0
0
0
0
0
4142
4658
4669
5258
0
4421
5258
0
4915
0
4803
0
4641
4592
4915
0
4428
4550
0
1001
4946
1001
4734
0
1001
4641
0
0
3383
0
4361
4803
1001
4915
0
3600
0
0
0
5136
0
4739
0
1001
4946
0
4701
5366
4803
4803
4592
0
4604
0
0
4739
4803
4596
1408
4890
4665
1931
0
0
3884
3621
3621
0
0
4544
0
0
0
3194
3194
4803
1001
4739
1931
0
4669
0
4493
5269
3621
1408
5079
4604
3557
1001
0
1001
0
4911
0
4915
1408
3621
1001
4734
4983
4803
4573
4803
4456
1408
5002
0
4099
4600
4915
4641
4803
0
4435
4915
0
0
4581
0
4803
4455
3621
3621
2542
5002
0
4596
0
3621
4946
4816
0
4438
4892
4725
0
4456
4915
0
5366
3621
1001
3621
4427
4803
4915
4665
1001
5136
4660
5079
0
5079
3621
0
4803
4803
1408
0
3898
4803
0
3621
2895
0
0
4803
5079
4269
0
0
0
0
0
4351
0
4765
4565
1408
0
2895
4911
4384
0
0
0
0
3978
4641
0
4660
0
4739
4665
0
3621
0
4673
4542
0
0
0
1001
5258
0
0
4227
4118
0
4983
0
3581
4739
3621
0
0
5222
1931
4665
3347
5366
3194
0
4737
4834
3194
4803
4803
4725
0
0
4596
0
3621
3621
0
4658
1408
4660
4983
0
0
0
1001
4803
3383
0
4692
0
3621
5002
4834
0
5338
1001
4665
1001
5258
4739
3194
0
4665
0
0
4665
1001
3347
3376
1001
0
0
4641
0
2542
4669
0
4803
0
4803
1001
4803
4445
0
0
5366
4946
0
0
2314
0
1001
3325
0
4665
4946
1408
4667
4803
4803
4632
0
4334
0
4592
0
4946
5330
4667
0
0
0
4640
4641
4024
0
0
4399
2895
1001
0
4596
3621
0
4519
0
4737
5258
4692
1408
1541
4592
1408
4915
0
4653
1408
4915
2123
4641
4983
4915
1408
5102
4658
5338
5002
0
0
0
0
0
4665
4391
4669
5002
0
4401
4148
4915
4983
5246
4803
4803
0
4658
0
0
4803
4803
0
5366
0
4596
3753
4669
4946
4755
0
4629
0
4890
1001
3621
4692
0
0
4946
5079
4803
4596
0
4596
0
0
4803
4692
5269
0
4550
4228
3621
0
0
1001
0
4669
4739
4226
4911
4098
4665
0
4658
4803
4662
4803
0
3067
4803
4765
4803
1408
4596
5258
5002
0
4803
4983
4665
0
4739
1001
5369
0
5258
3621
3194
4158
4803
0
0
4644
4803
5079
4911
1001
3194
0
4679
0
1408
5222
4803
4539
4694
4692
0
0
0
0
4803
0
0
0
0
1001
4692
0
0
0
4983
1408
4665
0
1931
0
4645
4890
0
5330
3649
1001
3621
1001
3287
4892
4803
3052
4915
4658
4579
0
0
0
4529
4529
4335
4614
0
3621
4803
4890
1408
1001
0
4262
5256
4644
3194
0
0
4983
4619
3621
0
4561
4641
0
0
5338
0
0
4669
4725
0
0
4803
5002
4739
4685
0
0
4734
0
0
0
1001
0
5002
4890
0
3621
4272
0
1408
0
4946
1408
0
0
5079
4803
3347
4803
4692
4658
0
5079
0
4592
5222
0
0
3621
5079
4816
4501
0
1001
0
0
1408
4692
0
0
0
4803
0
5079
5079
0
1764
4526
4915
5002
5002
1408
4692
0
0
0
5258
4755
0
1001
1001
0
0
0
0
4405
4692
0
0
1001
4665
0
0
0
0
5011
4658
4119
0
5002
3383
4915
0
5079
4596
0
1001
4669
1001
5079
4737
0
5258
4803
4803
0
0
4454
4421
5002
5338
5002
5256
0
1541
5079
5330
0
4915
4803
3621
4803
0
0
0
4915
1001
0
4705
4387
5079
4915
0
0
0
1408
2542
0
0
4890
5011
0
4692
1001
4189
4613
4803
4658
0
5366
0
1001
0
0
0
4619
4915
0
0
4658
4803
0
4692
1001
0
0
3052
3194
1001
5079
1408
4803
0
4803
4739
5079
5222
4738
3660
1001
1408
4816
0
1408
0
0
0
0
0
0
4816
0
0
0
4832
4613
0
1001
0
4803
0
4739
4604
0
5002
0
4641
4803
1001
1001
0
0
0
4803
3621
3621
0
4803
4739
0
0
1001
4946
3933
4803
5002
3194
1931
0
5223
3376
0
5330
4983
4638
3194
3114
0
4803
0
4915
5002
4658
4097
4692
0
4658
4803
4692
0
0
4665
0
4352
4915
4803
4946
0
4803
4641
0
1408
4890
4739
4645
0
4738
4726
5079
4676
4946
5002
4803
1001
0
4640
0
4705
0
3621
0
3621
5002
5258
4900
4832
3621
4946
0
0
4739
0
0
4803
4734
5079
0
5330
0
4962
0
0
4739
0
4739
4692
4915
1001
0
0
0
5330
4560
0
0
0
5002
5136
4665
4660
4679
4803
0
2757
3523
3052
4803
4531
4644
5366
4641
0
4665
4803
4641
4911
0
4641
0
0
4427
5002
0
0
0
1001
4558
0
4117
4734
5338
0
0
0
4632
0
4596
3347
0
4189
1001
4226
4803
1001
1001
3621
0
4915
5258
4946
0
4658
1001
4669
0
4739
5079
0
3523
0
4658
0
0
0
4335
4915
0
5338
4946
3621
0
0
0
4803
0
4395
3646
0
3347
0
0
0
0
4665
3621
5002
5079
4734
0
4641
4803
5223
0
5002
0
4387
0
3194
5002
4832
4908
5258
1001
4176
1001
0
4692
4665
0
4890
0
0
0
4596
4616
0
4915
3621
5330
4665
5079
0
4640
4803
1001
3716
5199
4672
0
3383
4640
0
1001
4915
4596
4665
0
0
4596
0
4803
0
4596
3194
3194
4692
0
4946
3347
4692
0
4596
4832
0
4669
4803
1001
1001
5002
5258
4803
4660
0
0
4832
4803
4660
0
4369
4915
4596
0
0
0
2895
0
0
5002
4322
5002
1001
4737
1001
0
0
4803
5366
4803
0
4692
1001
5330
4398
4619
0
0
5079
5002
4803
3718
4581
4641
3621
0
4803
0
0
4890
0
1541
0
4645
4737
0
0
3621
2888
1001
0
4890
4803
0
3029
0
0
5002
1001
4096
0
1001
4737
0
5199
4765
0
4739
0
0
4596
0
4765
5338
1001
4803
3052
3890
0
4250
4658
4596
0
0
4803
4803
1931
0
5330
576
4915
0
4734
4803
0
4596
5079
5269
3621
5079
4665
3194
0
0
0
3621
4692
4739
4983
0
0
4915
5188
5079
4890
4803
0
0
3621
5188
4803
5222
4692
3194
0
4189
4474
5338
0
4403
3621
0
4258
4438
4493
1001
0
1001
4667
4669
0
0
4630
0
0
4456
4577
4596
0
4816
2314
0
0
1001
0
0
0
4803
1408
0
0
0
0
3194
4619
4665
0
0
0
0
0
4669
4911
0
4665
4171
4772
1001
1001
4505
4252
0
5079
1408
0
4665
4351
4803
0
0
0
5002
5222
4962
0
4667
4803
4946
4592
4803
2957
0
3439
3711
3806
1302
3833
0
3420
3545
3806
3530
3714
3887
0
3557
3498
2201
3718
3732
2180
0
0
3668
3632
3766
3736
3681
2514
3806
0
0
3714
3721
3794
3718
3711
3655
3228
2831
3711
3714
3759
3653
3711
0
0
3673
2587
1881
2974
3833
3461
3721
3759
3363
3486
3668
0
2748
3718
3714
2661
2353
0
3623
0
3550
3172
2829
3505
3389
3240
3849
3714
3721
3833
3714
3711
3711
0
0
3780
3718
3504
3714
3714
0
3766
1057
2204
3380
2936
2983
0
3085
0
3423
3669
3631
3541
3728
2998
3673
0
3531
0
0
0
3766
0
2603
1455
2895
3379
3669
0
3714
3718
0
3531
3604
3697
2186
3653
3849
0
3806
2578
3794
3589
0
3613
0
0
3330
3620
3334
3714
3418
0
3714
3794
3432
3609
0
3728
3833
3631
3610
2508
3711
3736
1976
1910
3549
3714
2832
2308
1874
2706
0
3854
3673
3391
0
3112
3623
3605
3736
3693
2903
2883
0
3423
2372
3688
2774
3522
2890
3711
3361
3721
3557
0
3714
3728
2548
0
3714
2898
3759
3697
0
2182
3711
3718
3718
2239
3417
3293
771
2833
0
3766
3384
3794
2922
3137
3605
0
3600
2744
0
2694
0
3691
3736
3567
0
3772
3833
0
3887
3849
3762
3714
3854
0
0
3293
3728
3632
3714
2801
3667
3833
3711
1661
3508
3342
3486
0
3538
0
3711
0
3718
3693
3772
3653
0
3365
0
3468
0
3772
3641
3780
0
3762
3697
0
3714
3721
3653
3373
3780
803
3718
3854
3646
3806
3617
3415
3607
0
3714
0
2054
3711
3258
2184
2454
3098
0
0
2061
3766
3794
0
3766
3613
3556
0
2915
2735
2952
2699
2454
3482
3572
3714
3524
3685
3494
3518
3721
3806
3588
2751
2612
3780
3806
0
2156
3653
2875
3833
3651
2763
2829
3606
3577
3714
3794
3714
0
3711
0
3553
0
3623
0
0
3711
3711
3714
2957
1231
3766
3718
3728
3110
3833
3714
2114
3711
0
3284
3305
3549
3404
0
2587
3728
3736
3854
0
2751
0
3623
3669
3468
2903
3849
0
3794
2297
3780
3714
3714
3651
0
0
3648
1934
1890
2552
0
2790
0
3759
3648
0
3718
3374
3736
3561
3694
0
3736
3766
3631
3274
3772
3283
3766
3541
3736
3617
3667
3668
2868
3711
3298
3780
1843
3301
2507
0
3606
3637
3431
0
3711
3721
2735
3648
0
3268
3586
3766
3714
0
3694
2863
2461
3772
3320
3693
3699
3714
3526
3706
3759
2126
0
3759
0
3629
3728
2848
3714
3589
3780
3714
2871
0
3572
3718
3736
3613
3085
3833
3714
0
3543
3714
3475
3646
3711
3728
0
3721
3685
3370
2448
0
3709
3607
3721
0
3673
3685
3646
3721
3159
0
0
3245
3714
3728
3227
3706
3620
3849
2368
3488
3780
3242
3533
0
3736
0
3504
3673
3887
0
3673
3736
3728
3714
0
3718
3111
0
3714
0
3736
0
3294
3772
3711
3794
2849
3693
0
0
3736
3711
0
3711
2895
3641
3794
3320
3718
3732
3273
0
3759
3759
3475
0
333
0
3714
0
3527
3631
2651
3678
0
3714
3370
3772
2936
2557
3794
3721
3728
0
3728
2503
3766
0
3806
3711
3694
3130
3691
2555
3578
3377
0
3794
0
2866
3439
3718
3736
0
3772
3718
3732
3780
3714
3202
3714
0
3669
3481
3794
3711
2394
0
2837
3338
3714
0
3728
0
0
2763
3854
3887
3576
3854
3772
3714
0
3604
0
3711
3636
3544
3721
3718
0
0
3588
3694
0
3636
3631
3806
3718
3833
0
0
3653
751
3620
3374
3561
3066
0
3728
3669
3363
3759
3641
3780
0
3711
3460
3459
0
3714
0
3849
0
0
3759
3833
3718
0
1674
3685
3620
3348
3522
3714
3728
3130
3453
3714
3137
2591
1958
0
3401
3609
3721
0
2782
0
3854
0
0
3317
3413
3530
3391
3439
3590
2159
3632
3711
3711
3714
2005
2699
3711
0
3641
0
3159
3688
3833
0
3728
3806
3714
0
3721
3718
1475
3718
3383
3849
3714
0
2773
0
3780
3710
3718
3714
3711
3780
1878
3600
3780
3648
3887
3710
0
3714
3176
3728
2932
2735
3709
3780
2532
3389
1902
3718
0
3711
1032
3685
3447
3548
0
0
3714
3578
3694
3102
3711
3718
3586
3207
3638
684
3780
0
2616
2070
3397
3590
2900
0
0
3766
0
3439
3298
0
3593
3849
3648
1032
3711
0
3641
0
3228
3711
3648
3766
3714
3605
3714
3806
0
0
3610
3577
3000
3714
3711
1981
3714
0
3605
3576
2663
3780
3728
2222
3718
2125
3705
3420
3772
3721
3648
3714
3379
0
3271
3772
662
3401
2502
2158
3413
3849
3711
1675
3706
3706
0
3638
3228
2272
3694
3794
2259
3794
0
3887
0
3607
3583
0
3728
3374
1517
2106
1744
3646
3721
3780
3714
3336
1537
3590
3794
3651
3691
2735
3714
0
3849
0
3589
3759
3012
3460
3106
2389
3710
3337
3714
0
3511
3641
3344
3182
3711
3714
3651
0
3604
2292
3736
2403
3414
3609
3098
2531
3728
3651
3526
3697
3714
0
3541
3772
2890
0
3646
3694
3728
3766
3530
3227
0
3714
1852
955
3714
3415
3343
3714
3548
0
3718
0
0
2507
2773
3706
3491
0
2797
0
0
3088
3736
3721
3766
2337
0
3711
3714
2592
3714
3772
3714
3721
3668
3714
2646
3714
3728
3714
3728
3780
3705
0
2910
3794
3721
0
3759
3531
3706
3688
2888
3714
3714
0
2833
3849
3728
3691
3572
3714
3439
3736
0
2832
3590
3365
2903
0
3714
3728
3866
3176
3404
3681
0
0
3691
3718
3714
0
3576
0
3481
0
3636
0
3721
3794
3718
3714
3342
3806
3606
3718
3718
1822
3636
0
2614
0
3681
3288
3653
3780
3637
3199
3736
3718
2469
1165
0
3714
3718
3711
2848
3275
3301
3541
2224
3714
0
3381
3728
0
0
0
3436
3721
3714
1958
2436
3718
3714
2308
2831
3714
0
3557
3711
0
3714
3678
0
3284
3833
3648
3646
3718
0
3544
3341
3728
3759
2919
3588
3706
3759
3370
3866
3632
2914
3780
2072
3711
3711
2282
3714
0
3607
970
3714
2236
3332
3714
3242
2833
3736
0
3728
3578
3436
0
0
3780
3718
3699
3459
0
2869
3854
3833
3604
0
3718
3697
3806
3653
3854
0
1115
3806
3159
3711
3029
3759
3113
3510
2583
3418
3714
2858
0
3646
0
2735
3711
3711
2895
3714
3711
3392
3766
3363
3714
2888
3623
0
3728
3343
2506
3759
0
3710
1032
3714
3546
3714
2352
3759
2858
0
3766
0
3718
0
3143
3651
3548
3413
3849
3759
3678
1720
3673
0
0
3397
3728
3714
3317
3502
0
3399
3632
3718
3736
3887
1409
2353
3721
3721
3714
3605
3714
3556
0
3395
0
3482
3728
0
3721
3637
0
1822
3678
3714
3605
0
3604
3653
3653
2948
3172
3377
3694
3714
0
3286
0
3794
0
3705
0
3728
0
2197
0
3342
3637
2914
3334
3766
3718
3538
3794
1731
3609
3854
0
3711
3691
3522
3718
3538
3600
3543
3714
3772
3714
3714
0
3637
3697
3714
3697
0
3590
2610
0
3710
0
3688
3794
2126
1403
2263
3766
3576
3714
2232
3759
3487
0
3718
3279
3518
3710
3714
2771
3772
3711
3494
3199
2722
0
3711
3772
3583
3728
3354
3714
3085
3510
3422
0
3518
0
3709
3530
3681
0
3866
3711
3714
3415
3766
0
3588
2967
3721
3718
0
3711
3409
3714
3711
0
2699
3714
3714
0
3691
3794
3728
3721
2037
2832
3709
2325
2005
3711
0
3866
1455
3641
3651
3718
2998
3178
3721
3600
3641
0
3332
3714
3631
3806
3343
3613
2745
2916
1938
3766
3504
3772
3638
3431
3711
3648
0
0
0
2901
3772
3866
3794
3728
3533
3431
3714
3653
3736
3736
2295
3694
3736
0
0
0
3543
3506
3714
3593
3589
3524
2510
0
0
3772
3711
0
0
3714
3646
3401
3714
3806
3711
3714
3543
3204
2207
3772
3759
3589
3399
0
3833
3706
3422
3271
2744
2172
0
3711
2864
3766
3759
3711
733
2486
3572
0
3182
0
3714
3688
1524
0
3714
3714
0
3766
3721
3718
0
3718
3460
3447
3709
0
0
3772
1023
3736
3556
3766
3772
3759
0
3762
2858
3562
0
3697
0
0
3588
3714
0
3502
0
0
2269
3766
2192
3613
3144
3766
3600
3849
0
3668
0
3632
3711
2368
3728
2603
3710
0
0
3762
3358
3714
3766
2421
3667
3678
3673
3711
3648
3506
3887
0
1466
3833
3762
3780
3714
0
0
3632
1353
3637
3646
1239
2899
3854
3408
3638
3721
3721
2370
3524
3651
3721
3288
3714
3556
3721
3653
3453
3646
0
3359
3199
3833
3678
3736
3711
3780
0
3759
0
3711
3504
3273
0
3728
0
0
3357
3459
3714
1680
2878
3728
2708
0
3728
0
3714
3678
1862
3623
3718
3422
3711
3669
2822
3759
0
0
3483
3417
2898
3718
3766
3854
3588
3143
3636
611
3711
3718
3732
3714
3711
3718
3377
0
0
3453
1531
0
3632
3718
3623
3736
3653
0
3772
3202
3098
3766
3833
3538
3714
3714
0
3358
3694
3487
3711
2909
3561
3736
2783
0
0
3351
0
3806
3711
0
585
2106
3380
3718
3688
0
3714
3718
3766
3510
0
0
3667
3711
3578
3728
3550
0
3077
2448
2878
3648
3320
645
0
1378
3711
0
0
2245
2263
3766
2259
2591
0
3721
3693
2771
3833
3714
0
2011
3711
0
0
3718
3541
3351
3766
2872
3721
3548
3718
2226
3593
2936
3669
3728
3714
3623
3728
0
3508
0
3780
0
3711
3728
0
3766
3586
3721
0
0
3562
3759
2801
3714
3482
3759
3605
3714
0
0
3728
3780
3673
3714
1444
3604
3688
3688
0
3337
3711
2952
3721
3728
3711
2207
3586
3728
3714
471
3706
0
0
3418
3887
3736
0
2597
3377
3610
0
1709
0
3711
3833
3759
0
3710
3714
3637
3688
3806
3431
0
3728
3772
3849
3283
3806
2824
3705
0
0
3673
0
3714
3607
0
3613
3711
2206
3546
3718
3178
1928
3678
0
3641
3482
3772
1719
3721
3714
0
0
0
2773
3711
3759
3833
3578
3587
0
3833
3714
3849
3337
3710
2507
3854
3337
3182
2514
3728
3714
0
3653
3508
3543
3718
3637
3714
3453
3586
3711
0
3538
3718
3721
0
2875
3711
3714
3711
2597
2948
2498
3331
3710
3506
3550
0
3587
3705
3736
3887
3106
3648
3667
3281
3617
3587
1010
3849
3854
0
3268
3806
3653
3866
3714
3294
3637
1462
3766
3714
3632
3718
0
0
3590
3728
0
3586
3718
3482
3648
3714
3691
0
2231
3607
3586
3711
3721
3549
3543
0
3586
3718
3728
3653
3714
3577
0
0
2180
3546
3653
0
3637
0
2890
3714
3688
3721
3759
3461
3714
3806
1290
3694
3605
3721
2848
3673
3673
3714
2917
3714
3705
0
3714
3530
3668
3714
3711
3572
3637
3714
2878
3137
1717
3711
3337
3766
0
3361
0
2259
3311
0
3453
3527
3391
3693
0
3393
3806
3183
3849
3728
3714
3714
0
3721
3711
3714
0
0
0
3588
0
3833
2367
3714
3274
0
3736
0
3718
3375
3337
0
0
3447
0
3593
3590
3475
3714
3718
3504
0
3637
3315
3772
1602
3766
3593
0
0
0
3806
0
3780
3854
3759
3697
3849
1895
0
0
3714
3476
0
0
3183
0
3714
3593
3711
3331
3526
3728
3673
2745
3343
0
3609
3688
3714
3759
3549
3736
0
0
3780
3693
3766
3706
3714
3269
3718
3866
3271
3694
3646
3699
3736
3541
3632
3711
3714
0
0
3711
0
0
0
0
0
0
0
3793
3743
0
0
3766
0
0
0
0
0
0
0
0
0
0
0
0
0
0
0
0
0
3086
0
0
0
3693
0
0
0
0
0
0
0
0
0
3766
0
0
0
0
0
0
0
0
3627
0
0
0
0
0
0
0
0
0
0
0
3723
0
0
0
0
0
2259
0
0
0
0
0
0
0
0
0
0
0
0
0
0
0
0
0
3612
0
0
0
0
0
0
0
0
0
3723
0
0
0
0
3389
0
3657
0
0
0
0
0
0
0
3112
0
0
0
0
3419
0
0
0
0
0
0
0
0
0
0
0
0
0
0
0
0
0
0
0
0
0
0
0
0
0
0
0
0
0
0
3725
0
0
0
0
0
0
0
0
0
0
0
0
0
0
0
0
0
0
3766
0
0
0
0
0
0
0
0
0
0
0
3766
0
0
0
0
0
0
0
0
0
0
0
0
0
0
0
0
0
0
0
0
0
0
0
0
0
0
0
0
1748
0
0
0
0
0
0
0
0
0
0
0
0
0
0
0
0
0
0
0
0
0
0
0
0
0
0
0
0
0
0
0
0
1181
0
0
0
0
0
3766
0
0
0
0
0
0
0
0
0
0
0
3730
0
3793
0
0
0
0
0
0
0
0
0
0
0
3699
0
0
2590
0
0
0
0
0
0
0
0
0
0
0
0
0
0
0
0
0
0
0
0
0
3793
0
0
0
0
0
0
0
0
3060
0
0
1761
2433
0
0
0
0
2093
0
3736
0
3691
0
0
0
0
0
0
0
0
0
3704
3623
3538
0
0
0
0
0
0
0
0
0
0
0
0
0
0
0
0
3793
0
3352
0
0
0
0
0
2779
0
0
0
0
0
0
3691
0
0
0
0
0
0
0
0
0
0
0
0
0
0
0
0
0
0
0
0
0
0
0
0
0
0
0
0
0
0
0
0
0
0
0
0
0
0
0
0
0
0
3419
0
3766
0
0
0
0
0
0
0
0
0
0
0
0
0
3766
0
0
3693
0
0
3766
3793
0
0
0
3766
0
0
0
0
0
0
0
0
0
0
0
0
0
0
0
0
0
0
0
0
0
0
0
0
0
0
0
0
0
0
0
0
0
0
0
0
3736
0
0
0
0
0
0
2783
0
0
0
0
0
0
0
0
0
0
0
0
0
0
0
0
3696
0
0
0
0
0
0
0
0
0
3492
0
0
0
0
3698
0
0
0
0
0
0
0
0
0
3687
0
0
0
0
0
0
2767
0
0
0
0
0
0
0
0
0
0
0
0
0
0
0
0
0
0
0
0
0
0
0
0
3704
0
0
0
0
0
0
0
0
0
0
0
0
0
0
0
0
2782
3713
0
3736
0
3725
0
3712
0
0
0
0
0
0
0
0
0
3623
0
0
0
0
0
0
0
0
2176
3723
3766
0
0
0
0
0
0
0
3476
0
0
0
3793
0
0
0
0
0
0
3440
0
0
0
0
3743
0
0
0
3766
0
0
0
0
0
0
0
0
0
0
0
0
0
3693
0
0
3723
0
0
1984
0
3793
0
0
0
0
0
0
0
0
0
0
0
0
0
3766
0
0
0
0
0
3517
0
0
0
3730
0
0
0
0
0
0
0
0
0
0
0
0
0
0
0
0
0
0
3667
0
0
3676
0
0
3793
0
0
0
0
0
0
0
0
0
0
0
3723
3380
0
3649
0
0
0
0
0
0
0
0
0
0
0
0
0
0
0
0
0
0
0
0
0
3501
0
0
0
0
0
0
0
3173
0
0
2237
1194
0
0
0
0
0
0
0
0
0
0
0
0
0
0
0
0
0
0
0
0
0
3693
0
0
0
3175
0
0
0
0
0
0
3766
0
0
0
0
3766
0
3793
0
0
0
3627
3725
0
0
0
0
0
0
0
0
0
0
0
0
0
0
3638
0
0
0
0
0
0
0
0
0
0
0
0
0
0
0
0
0
0
3161
0
0
0
0
0
0
0
0
0
0
3029
0
0
0
0
0
3716
0
2419
1761
3396
0
3725
3617
0
0
0
3070
0
0
0
3003
0
0
0
0
0
2768
0
0
1252
0
0
0
0
0
0
0
3716
0
0
2114
0
0
0
0
0
3640
0
0
0
3350
0
0
0
0
0
3699
0
0
0
0
3793
0
0
0
1650
3665
3689
3744
0
0
0
0
0
0
0
0
0
0
0
0
0
0
0
0
0
0
0
0
0
0
3691
0
0
0
0
0
0
0
3725
0
0
3693
3723
0
0
0
0
0
0
3205
0
0
0
3689
0
0
0
3723
0
0
0
0
0
0
0
0
0
3415
0
0
0
0
0
2382
0
0
729
0
0
0
0
0
0
0
3736
0
0
0
0
0
0
0
0
0
0
0
0
0
0
0
0
0
0
0
0
0
0
0
0
0
0
3716
0
0
0
0
0
0
0
0
0
0
3491
0
0
0
3649
0
0
0
0
0
0
3730
0
0
0
3736
0
0
3723
0
0
0
0
3712
0
0
0
3793
0
0
0
0
0
0
0
0
0
0
3066
0
3712
0
0
0
0
0
0
1465
0
0
3501
0
3693
0
0
0
0
0
0
0
0
0
0
0
0
0
0
0
0
0
0
3723
0
0
0
0
0
0
0
0
0
0
0
0
0
0
0
0
0
3723
0
0
0
0
0
0
0
0
0
0
0
0
0
0
0
0
3588
0
0
0
0
0
0
0
0
0
0
2989
0
0
0
0
0
0
0
0
0
0
0
0
2668
0
0
3793
0
0
0
0
0
0
0
0
0
0
0
0
0
0
0
3744
0
0
0
0
0
0
0
0
0
0
0
0
0
3437
0
0
0
0
0
0
0
0
0
0
0
0
0
0
0
0
0
0
3793
0
0
0
0
3667
3281
3163
2185
0
0
0
0
3793
3643
0
0
0
0
0
0
0
0
0
0
0
0
0
0
0
0
0
0
0
0
0
0
0
0
0
0
0
3650
0
0
0
0
0
0
3766
0
0
0
0
0
0
0
0
0
0
3226
0
0
0
0
0
0
0
0
0
2572
0
0
0
0
0
0
0
0
0
0
0
0
0
0
0
0
0
3736
0
0
0
0
3691
0
0
3793
0
0
0
0
0
0
0
0
0
0
0
0
0
0
0
0
0
0
0
0
0
0
0
0
0
0
0
0
0
0
0
0
0
0
0
0
0
0
0
0
0
0
0
0
0
0
0
0
3712
0
0
0
0
0
0
3793
0
3426
1100
0
0
0
3342
0
0
0
0
0
0
0
0
0
0
0
0
0
0
0
0
0
0
3455
0
0
0
0
0
0
0
3744
0
3730
0
0
0
0
0
0
3612
0
0
0
0
0
0
0
0
0
0
0
0
0
0
0
0
0
0
0
2713
0
3437
0
0
0
0
0
0
0
0
3712
0
0
0
0
0
0
0
0
0
3557
0
0
0
0
1631
0
501
0
0
0
0
0
3676
0
0
0
0
3736
0
0
0
0
0
0
3712
0
0
0
0
0
0
0
3716
0
3501
0
0
0
0
0
0
0
0
0
3699
0
0
0
0
3684
0
0
3649
0
0
0
0
0
0
0
0
0
0
0
0
0
3716
0
0
0
0
0
0
2022
0
0
0
0
0
0
0
0
2507
0
0
0
0
0
0
0
0
0
0
0
0
0
0
2844
0
0
3716
0
0
0
0
0
0
0
0
0
0
0
0
3635
0
0
0
0
0
0
0
0
0
0
2804
0
2332
0
0
0
0
0
0
0
0
0
0
0
0
0
0
0
0
0
0
3716
0
0
0
0
0
0
0
0
0
0
0
0
0
0
0
0
0
2587
0
0
3685
0
0
0
0
0
3716
0
0
3736
0
0
0
0
3717
0
0
0
3716
0
0
0
0
0
0
0
3354
0
0
3003
3766
0
0
0
0
0
2972
0
0
0
0
0
0
0
0
0
0
0
0
0
0
0
0
0
3111
0
3793
0
3104
0
0
0
0
3352
0
0
3124
1049
0
0
0
0
0
0
0
0
0
0
0
0
3354
0
0
0
3691
0
0
0
0
0
0
0
0
0
0
0
0
0
3766
0
0
0
0
0
0
0
0
0
0
0
3730
0
0
0
3736
0
0
0
0
0
0
0
0
0
0
0
0
0
3638
0
0
0
0
0
0
0
0
0
0
0
0
0
0
0
0
0
0
0
3793
0
0
0
0
0
3057
0
0
0
0
0
0
0
0
0
0
3635
0
0
0
0
0
3665
3774
0
0
0
0
0
0
0
0
0
0
0
0
0
0
0
0
0
0
0
3793
0
0
0
3684
0
3723
0
0
0
0
0
0
3684
0
0
3326
0
0
0
0
0
0
0
0
0
0
0
0
3704
2610
0
0
0
0
0
0
0
0
0
0
0
0
0
0
0
0
2477
3676
2188
0
0
0
0
0
0
0
0
0
0
0
0
0
0
0
0
3693
0
0
0
0
0
0
0
0
0
2786
3743
0
0
0
0
0
0
2451
0
0
0
0
3693
0
0
0
0
3440
0
3557
0
0
0
0
0
0
0
0
0
0
0
0
3793
0
0
0
0
0
0
0
0
0
0
0
0
0
0
0
0
3272
3774
0
0
0
0
0
0
0
0
0
3723
0
0
3744
0
0
0
0
0
0
0
0
0
2963
0
0
0
0
0
2806
0
0
0
0
0
0
0
0
0
0
0
0
0
0
0
0
0
0
0
0
0
1458
0
0
0
3324
0
0
0
0
0
0
0
3350
0
3638
0
0
0
0
0
0
0
0
0
0
