5416
0
0
0
2894
0
0
0
5135
0
0
4917
0
4849
0
5229
0
4703
0
4849
5448
0
4703
0
0
0
2884
0
0
0
0
0
0
0
4931
5416
0
0
0
5442
0
4982
5503
5029
0
0
0
0
0
0
0
1967
5510
0
0
0
0
0
4856
5134
5135
3546
4703
0
0
4227
0
3667
5083
0
5154
0
5416
0
5154
0
4931
0
3715
5135
0
2932
0
0
5315
0
0
0
4672
5229
0
0
4014
4982
4849
2512
0
0
4128
0
0
5229
0
5229
0
0
0
0
0
5135
4982
0
0
4982
0
5175
0
4271
0
5005
5229
5229
0
5013
0
4277
0
3073
0
0
0
0
0
5229
4982
4014
5425
5503
0
0
3427
0
1920
0
0
4303
0
0
4703
4775
5442
0
5175
5135
4908
0
0
5416
0
0
0
2721
0
5029
5229
0
5135
5584
4908
0
0
0
5135
3279
5229
0
0
5135
0
4964
2823
0
0
4964
0
0
0
2584
5005
0
5265
0
0
3928
0
0
0
0
0
0
5611
4128
0
5154
3485
0
0
5135
0
0
3705
0
0
4931
4668
4931
0
0
5135
0
0
5029
0
4186
3870
4703
0
0
0
4703
4128
0
0
5265
5560
4703
5229
0
0
0
5576
0
0
0
5229
2512
0
4982
0
0
4913
5510
5229
0
0
5416
0
4908
0
0
0
0
0
0
0
0
3624
4582
2759
0
0
5576
5576
0
0
0
4793
1999
3870
0
0
5510
0
0
5029
4084
0
0
0
0
5611
0
0
0
0
0
4849
0
0
0
5237
3965
0
0
3073
4823
0
0
0
0
3556
0
0
5442
3870
5510
0
0
0
0
2679
5135
5503
5229
0
4982
5029
3705
5510
0
4849
0
2155
5229
0
4672
0
5416
0
0
2809
0
2843
0
0
0
0
0
4931
4849
0
3870
0
0
0
0
0
0
0
0
5229
5560
4823
0
0
4982
5503
5576
2567
0
5154
5135
1705
5013
5503
0
4849
0
5013
0
5229
5576
0
0
0
0
5135
0
0
4844
0
0
4240
0
5416
4247
0
1539
5560
0
5135
4982
5029
0
4849
0
0
0
5442
0
5576
1883
0
2516
0
5154
0
0
0
4913
5154
4247
0
5237
0
4856
0
0
4849
0
3399
4908
4630
0
5135
4238
4672
0
0
0
5416
5154
0
0
4128
0
0
0
0
5135
4849
5229
3870
4887
4128
5229
4186
0
3073
5265
0
0
1494
4128
4703
4541
4014
5135
5162
4839
0
0
4982
4014
0
0
4800
5229
4964
5134
5013
0
5135
0
0
0
5029
4703
3705
0
0
0
0
4669
1929
2802
0
0
5135
5576
4703
0
5135
5229
5584
0
4849
5029
0
4982
4929
4982
5135
0
2679
5175
0
5029
5416
4391
0
0
0
0
5229
0
0
0
0
2281
0
0
2244
0
0
0
5425
0
4917
4908
0
0
0
4844
5576
2626
0
0
0
0
0
0
0
5229
0
0
0
5135
4064
5503
0
3000
5229
5576
1652
4856
4703
0
0
4887
3705
3382
4910
0
2882
0
5416
0
0
0
0
0
2512
0
5448
0
0
4703
5503
0
0
0
0
0
4703
0
0
4294
5029
0
0
0
4982
0
0
0
0
0
0
5135
5134
4703
0
5416
3521
4703
2894
0
5576
4931
1732
0
0
0
0
5229
5611
4303
5229
5229
0
5416
0
0
0
0
2281
0
0
4014
5154
0
0
0
5135
0
0
0
5135
0
0
0
0
0
5425
4849
0
0
5229
4014
0
5229
3485
5503
0
0
0
5503
3130
4703
0
0
0
0
5135
0
2567
0
4791
5229
4964
5029
0
0
5229
0
0
0
0
0
0
0
5503
0
2894
0
2626
0
0
2969
4849
3073
1652
0
5576
4982
4856
0
4931
0
0
4703
5229
0
0
0
0
0
5315
0
5135
0
0
0
5135
0
0
2281
3073
5229
0
0
5229
0
0
4849
3073
4856
0
0
4849
0
0
0
0
0
3224
4844
0
2894
0
0
5135
5503
2823
0
5083
3715
5265
3279
5229
4675
4027
0
0
5229
4779
2894
4891
4255
0
5135
0
5229
0
5229
0
0
4891
0
0
1539
4982
3705
0
0
0
0
0
0
2679
0
0
0
4982
2567
0
3485
0
4703
5083
5576
0
0
0
0
0
5175
0
5154
5229
0
0
5503
0
0
5229
4887
0
0
4982
4931
0
4931
0
0
4929
3724
5560
2079
0
4418
5560
0
0
5229
0
5265
0
5503
4823
5154
0
3485
3434
5229
0
3486
0
0
0
4775
5416
5154
4703
2740
5229
0
3715
0
3870
4703
0
5229
5135
0
5135
5560
4014
0
5229
0
0
4703
3870
0
3533
0
4316
5229
0
5229
0
5416
0
0
0
5135
0
5315
0
0
1652
0
5135
5083
0
0
0
5135
4703
0
0
0
5154
3604
0
5448
2802
5029
5265
5229
2979
0
0
0
5162
5135
4823
3567
0
0
5229
0
5135
5229
5229
0
0
5154
5229
0
4908
2961
2305
5229
4982
0
0
0
4849
4703
0
0
4929
3542
4128
0
0
0
4186
0
0
0
0
4982
0
0
0
3388
5237
4982
4703
4128
4800
0
3870
5162
5046
5265
4703
5265
0
4929
0
2679
5425
2068
4793
0
0
0
5029
4982
4887
0
0
4982
5442
5135
0
5135
3705
0
5134
0
0
0
4186
4668
2894
0
0
4931
5029
5425
3054
4418
3355
0
0
0
4910
3302
5135
3715
0
2679
0
5229
0
3279
1929
5154
0
0
0
0
2679
1800
0
0
4668
0
5029
0
0
5135
0
4186
2802
0
0
5229
2699
4459
2813
5229
4908
0
0
0
5175
0
5135
3492
5229
0
5083
0
3532
5503
0
1652
0
0
0
0
5229
0
0
0
0
0
0
5265
0
5576
3870
3073
4391
0
0
0
0
0
0
2894
0
5229
0
5175
0
5265
0
0
0
0
0
0
0
4703
3978
5154
0
4703
5416
0
0
4849
2567
0
0
0
4775
4856
0
3948
5229
0
0
5503
0
0
5503
0
4982
4014
0
0
0
4541
0
2894
5229
0
0
0
0
4703
0
0
0
5135
5229
0
4418
0
4982
0
0
0
0
0
0
0
5237
0
0
4186
0
5229
0
0
0
0
5442
4779
5576
0
0
4703
5229
0
0
4887
0
5237
0
3824
0
5135
0
0
5237
5503
0
5416
4891
0
0
0
0
5175
0
0
3642
5315
4276
0
4856
4849
0
0
0
0
5135
0
5510
0
0
0
0
4703
4703
3152
0
0
0
879
3535
0
0
2567
5135
4703
0
5083
0
0
0
0
0
2679
0
0
0
4800
0
5229
0
0
0
0
0
0
5229
0
0
0
4849
4703
4913
0
5229
5229
0
0
0
4823
0
4849
5029
0
1539
5237
0
0
0
0
2512
5229
0
3585
0
0
5229
0
5265
2938
5229
0
4775
0
5175
5229
3870
4849
4703
5229
0
0
0
4891
5416
0
0
4779
5154
3150
0
5135
4391
0
0
5135
0
4856
4887
5229
3279
0
0
5229
0
0
0
0
4931
0
0
0
5560
0
0
5154
5229
1935
0
0
5229
5175
0
3485
0
2772
5229
0
0
0
5229
4227
5503
4929
0
4931
0
4982
5154
5265
0
0
0
0
4856
4887
4982
5229
5154
5416
0
4014
0
0
4964
0
0
5229
5029
4703
4775
0
0
5029
4418
0
4668
4540
0
4823
0
3279
0
5083
4123
3900
4908
0
0
0
0
2567
0
5229
0
0
0
5229
2679
5237
5229
5154
4982
4186
5135
0
0
0
0
5135
5560
0
0
0
0
0
0
4186
5229
0
5229
5229
5013
5029
5029
0
0
5135
5442
0
0
5154
0
0
0
0
0
5237
5416
0
0
4668
0
5154
4891
4917
0
0
4849
5229
0
0
5442
0
0
3705
4189
0
4186
5416
5029
4128
2113
0
0
5135
0
4849
0
5229
5135
0
0
5229
0
5229
0
5442
5229
4982
5229
4913
5442
0
4703
4887
0
0
2823
4215
5013
0
2516
0
5005
0
0
0
4849
4931
0
0
0
1302
0
0
0
0
0
4982
0
0
0
2567
0
4849
5229
0
0
5135
0
4703
0
4014
4301
0
5315
0
5503
5134
4227
4793
3279
4303
0
5229
0
0
5416
5229
5560
0
4931
0
0
5005
0
0
0
1929
5503
5162
4849
5448
5083
0
0
5229
0
0
0
2469
4703
5416
0
0
0
5229
5237
0
0
1634
0
5175
0
0
5154
5229
0
5229
0
4470
0
4849
2244
3705
3707
5135
0
0
0
4849
0
4722
5503
0
5229
0
0
0
0
3150
0
4503
2882
0
0
5135
0
0
5416
0
4849
0
5229
0
0
0
5154
0
0
0
5229
5229
4931
3705
0
0
4793
5560
4917
5229
4982
1839
0
0
5265
0
0
0
5229
5135
0
2321
4722
0
0
0
5416
5229
5154
1929
4891
3370
4929
0
0
0
5175
4703
0
5175
5442
0
0
0
0
5229
0
5135
0
1883
0
5154
4931
0
4703
0
2337
0
5229
0
4856
0
2679
0
5154
4247
5135
4887
4775
0
0
0
4856
2894
0
0
5154
5229
0
5229
0
0
0
0
0
0
0
0
0
5154
0
3073
5503
0
0
4908
0
0
5083
0
0
3535
5135
5013
0
0
0
4982
0
5135
0
4982
0
0
4823
0
0
5154
4891
4775
0
5162
0
4793
0
0
0
3073
0
2300
0
0
0
0
3870
5162
5029
0
3715
5135
0
0
2754
0
5416
0
0
0
0
2802
5229
5229
3533
0
5229
0
0
5175
0
5229
5229
2543
0
0
0
0
0
0
5416
4982
0
5229
4014
0
0
0
5503
0
0
0
3521
0
0
0
0
5154
0
4668
5135
0
0
0
0
0
4703
4014
4391
0
4929
0
0
0
0
5229
5135
0
0
3870
0
5229
4982
0
0
0
0
0
5229
4849
5135
4908
2244
0
2183
0
0
0
0
0
5154
5503
5448
0
0
0
0
2894
2957
0
0
5135
0
0
0
0
0
5265
3206
4668
4201
4703
0
0
3355
3058
0
0
3998
0
5237
5229
0
0
4982
0
5083
0
5229
0
0
4856
3279
0
0
0
5154
0
5135
1883
4931
0
4128
5135
0
0
0
4931
0
0
4264
5265
4775
0
0
0
0
0
5229
0
0
5416
0
0
0
0
4982
0
5135
3073
0
0
0
0
0
0
0
0
0
0
0
0
3248
5229
0
0
5611
5611
0
0
2567
0
5265
5448
1539
2894
0
0
0
1800
5135
0
5135
0
0
0
0
0
2567
4703
0
4019
0
0
4703
4779
4849
0
5229
4849
0
0
2894
0
0
0
1275
0
5162
0
0
3355
5229
0
0
0
0
0
0
3966
1757
2867
1812
1812
649
1635
2440
0
0
0
3426
395
2246
0
119
1002
0
2246
2246
3426
3426
1002
0
0
0
3169
1173
0
3376
2584
0
1164
0
0
3376
0
0
3123
3492
0
2867
1812
1547
56
735
3426
0
2535
0
0
1648
0
0
2505
3122
0
0
0
3098
1074
0
1648
2867
295
0
2042
2535
2179
0
395
0
132
2042
0
214
0
2042
649
1298
3155
0
0
1547
0
1547
3414
2584
2410
3492
1164
0
3098
1812
0
0
3449
3376
132
0
3098
119
1164
3098
1618
0
1297
132
2246
1619
0
3426
3539
3098
0
2584
0
0
0
1218
1074
581
0
132
0
0
956
1648
3426
0
0
1547
817
0
1748
0
2505
0
0
0
0
132
0
0
3376
3594
2224
0
2246
649
651
3380
0
2584
1619
512
2217
2963
1298
1926
0
1648
0
1547
3169
1298
1002
0
2730
129
0
0
3029
3035
2636
2628
0
0
3169
0
0
1164
0
0
1002
1547
119
1074
1298
214
0
0
0
0
1015
535
2213
0
2505
1757
817
1091
0
1196
0
0
2224
0
0
3060
3140
1926
0
1298
3425
2535
0
2797
2867
1547
0
0
0
2535
0
2504
0
0
0
0
2246
0
1757
214
0
0
0
0
0
1880
0
698
873
2730
2967
0
2154
0
1577
1298
2730
1648
0
2686
817
0
0
0
2535
0
0
0
0
1547
2145
0
1547
3426
2246
2867
1261
1298
0
649
0
2042
1179
2730
1298
0
214
0
0
3098
1298
295
0
0
2797
1252
0
119
2224
0
0
2246
0
3098
0
2246
0
0
0
1926
2867
1926
1387
0
1878
1757
2042
1648
0
3426
3644
3380
0
1322
1812
1401
2167
0
2087
0
0
0
1164
2790
1648
0
1547
2246
0
0
1002
0
0
2246
0
0
1812
0
1298
0
0
1797
0
2246
2246
2246
0
2867
1757
0
1218
1074
790
2224
3376
0
0
2797
295
1605
0
1757
0
2535
0
2246
2769
0
2180
1164
2505
0
1896
3426
0
0
3376
0
100
0
1926
1164
0
1164
0
0
0
1547
1298
2246
0
0
3376
1298
3098
2867
2042
0
0
2584
0
0
1926
2535
2535
0
1086
3426
2535
3426
0
2730
2730
0
2535
1926
0
0
0
2415
649
1002
3098
917
132
0
2867
0
1363
1298
0
1926
3098
2867
0
1002
0
1926
0
2535
2535
1812
119
2224
3169
0
1757
0
0
295
2246
1487
2246
1159
0
2583
0
1757
1547
3426
1298
1757
0
0
0
3018
0
0
2867
0
0
3380
2166
0
3169
0
403
0
2224
119
3492
1547
1074
719
1757
719
295
1648
0
0
1547
2797
1043
1164
0
2584
0
0
0
3098
1083
2730
0
0
0
1757
901
0
3425
1043
2797
0
132
0
2963
0
0
3380
0
0
3430
0
0
0
0
1648
0
0
1757
3414
1812
329
0
0
0
2730
0
1298
2246
3098
2410
0
295
0
1575
0
0
1002
457
1164
1164
1002
2535
0
2535
1298
1869
3098
0
1547
0
1594
2730
0
395
0
0
0
0
295
0
1648
0
0
1926
649
0
2867
1648
0
0
1547
0
2730
1547
719
1547
0
2246
856
0
1074
0
2246
1648
1812
1757
0
3594
1619
1091
3492
2042
1298
0
0
0
0
2730
2224
0
2867
0
3552
1292
0
534
0
1344
1926
1164
0
295
431
0
3098
0
3376
0
0
0
0
1926
3414
1164
719
0
649
2730
0
2867
132
0
717
1883
0
2042
3123
1547
0
2224
1298
0
2867
0
0
0
0
3376
132
1926
0
0
0
1748
3376
2730
0
0
3380
0
0
0
1547
0
0
0
2224
2751
119
1164
0
2535
0
2584
0
1547
0
0
2867
819
0
0
649
1547
77
2731
2462
2042
2410
0
2730
77
3492
3018
0
2584
3098
0
1298
0
0
0
2730
0
0
1298
3414
3380
2224
0
1757
0
0
2867
836
0
1825
0
3098
1547
1547
2535
1164
2410
3242
0
715
3406
3257
0
2042
2633
0
132
0
651
0
1757
859
1736
3098
0
0
2224
2867
2535
0
3426
2963
2535
1926
2410
0
2797
1068
0
0
1648
0
1261
2963
3018
649
2963
0
132
1013
0
1164
0
2224
0
1083
0
3018
3474
0
2730
0
1453
3098
0
773
0
1298
3169
649
0
3376
3038
2967
3624
0
1164
3018
1757
0
0
1757
1002
0
2797
664
0
1298
0
2042
0
2790
403
2535
0
3594
3242
0
132
1298
1074
698
1298
3169
132
1648
0
214
1641
1757
295
1619
667
0
0
2584
0
3442
1619
0
0
1619
0
0
1218
0
0
3426
1002
945
0
0
1218
0
2484
0
0
2730
0
1002
1736
3426
0
2982
2042
2042
3376
1298
0
0
0
1509
0
1074
1298
3414
0
1298
0
0
1218
0
1091
1002
2410
3594
0
0
0
0
2042
719
1880
0
651
1298
1043
0
1164
2246
1547
145
2246
0
1074
1648
0
1298
0
0
1547
3426
0
0
1298
0
3376
0
0
2535
1164
1781
1648
1648
0
0
2192
132
0
891
3376
1812
0
2224
0
2797
0
3169
232
2584
0
0
0
1547
2479
0
0
1487
3098
2790
2730
1812
3564
3624
1547
0
0
0
0
0
0
2525
0
0
1926
3024
0
2060
1547
1547
0
405
0
0
3594
1592
3376
0
0
0
2867
1199
0
132
1926
3098
2811
1648
423
0
2224
0
0
2535
1083
2731
0
1074
0
0
1648
0
3426
2410
1736
3098
3098
3018
0
0
3098
2027
2224
1812
2087
214
0
1164
698
0
0
1298
3018
1298
819
0
0
0
0
0
3426
0
0
0
1043
1804
0
2584
1648
1158
2042
2410
0
1886
0
0
3098
1777
2867
0
0
1547
2535
0
0
1002
1547
3169
0
2246
1547
2123
1547
0
0
0
1547
0
3414
2772
990
0
1298
1002
3426
0
0
3098
0
295
1091
0
0
0
1074
1926
0
2584
0
1757
1547
0
3376
0
1547
0
2042
2410
0
1177
1002
132
295
2535
1336
2963
0
3123
0
0
0
0
3426
3594
649
0
329
2042
3018
3242
2584
2963
2797
3376
3414
0
1002
2246
1002
1298
0
0
3098
0
0
2410
1164
1926
0
0
2797
3376
0
1648
0
0
817
0
0
649
132
3426
0
1218
2535
0
0
2622
0
2730
2790
0
953
1074
3129
0
1547
0
0
1547
334
2639
0
3018
0
3021
3449
1196
0
1002
2410
0
1812
2195
0
0
1002
3123
2730
389
132
2042
0
0
0
3430
0
1757
3018
0
649
0
0
0
0
0
0
1648
0
3426
0
0
0
2224
0
1890
0
0
1757
1547
0
2535
873
0
3492
0
2246
0
2535
2042
2246
2576
1298
649
3376
0
1748
0
3471
1547
132
0
214
2730
0
1812
2246
1423
1926
2584
0
2849
1547
2535
1926
0
403
0
649
2505
1164
469
0
3098
2797
2584
1880
1926
0
132
0
0
796
0
3426
1547
0
0
2730
1757
0
1164
0
1298
1089
1043
1547
649
2867
1218
2730
0
2224
119
0
0
0
0
3414
2759
0
0
3426
0
214
0
3594
0
1575
535
0
0
2246
1757
0
1164
0
2867
0
1164
2042
3098
1812
119
2548
2867
0
2584
3693
0
3098
1298
0
1164
3179
2505
1164
0
2963
0
2246
1298
1002
0
1218
2888
0
0
1547
324
0
0
0
1261
1247
2584
3123
1298
0
1002
0
1919
0
0
0
3376
3426
0
2797
3426
2888
698
2730
3594
3376
1298
0
3376
0
2535
1074
2584
0
0
0
1164
0
649
3376
3098
921
649
0
171
0
0
0
2410
295
1757
1547
2087
1453
0
0
0
1605
0
0
3414
395
1547
0
523
0
0
1002
119
0
0
0
0
3426
2246
2730
2623
0
0
3177
3098
2967
0
0
1002
295
0
2246
1547
0
2535
1619
1352
1812
3098
1812
2224
2246
0
2246
0
0
214
2535
132
0
0
1669
1619
1298
0
0
0
1547
0
0
0
1757
1179
0
2410
3426
0
0
2963
1346
3098
3426
0
1298
1926
0
0
0
0
0
1812
2224
3098
0
1926
0
1757
1002
0
0
3426
0
132
0
2410
0
1641
1547
0
515
719
0
2584
3376
1875
0
2963
2224
0
0
0
0
1547
1926
3029
0
0
1648
1091
3218
0
0
649
0
2535
1002
698
1547
0
1926
0
1043
719
3169
0
0
0
698
0
2867
3552
0
3098
0
162
1926
0
3079
0
1812
719
0
1298
0
3098
0
3098
2535
0
442
0
2172
2730
0
1547
3376
295
1298
214
0
3426
132
1298
1261
1568
0
0
2224
1648
1547
719
1926
1547
698
1261
0
291
3376
2576
0
172
2548
0
649
1074
0
0
0
2535
0
3094
0
0
1002
2584
0
0
3598
2730
0
0
0
1547
719
0
1648
1298
817
1196
2246
2963
0
2033
1074
0
0
3169
1074
0
1648
2867
0
0
1534
3380
3036
0
1298
2087
1619
1619
0
3426
0
0
1605
0
2797
0
3098
0
3018
1757
0
649
0
0
667
0
0
2584
0
817
0
0
56
0
214
0
3466
1648
1547
3426
0
0
0
0
2797
2730
1547
3433
1736
2535
1363
0
2224
0
719
3594
437
0
1926
3018
0
817
2584
3123
2246
2867
0
0
1648
0
2584
1812
2584
2963
0
2867
1074
2535
2246
132
1547
649
2797
1618
0
0
3143
1043
1164
2535
132
1605
2440
0
1648
3426
1812
2730
1298
0
0
0
0
0
1179
119
0
3376
3376
2797
2535
384
295
2042
1298
2246
0
719
3414
1926
649
3098
0
1757
1926
2123
0
1576
698
1453
0
2246
2730
0
0
2415
2899
132
0
3376
0
1926
0
2535
698
3426
698
651
1823
0
0
2224
0
100
3098
0
1043
3094
0
2042
680
1547
1547
295
3018
0
0
0
3711
0
2730
56
1785
119
1358
1298
2246
1298
3594
1002
1812
3018
0
0
0
0
1074
0
1547
2652
0
0
1164
0
0
944
2246
1547
1736
1926
1648
1002
2042
0
2410
649
0
0
0
0
0
0
649
649
0
2262
0
0
0
0
0
0
0
2274
0
0
2246
1812
3594
0
2867
2731
3380
1298
2963
0
0
0
602
3312
3376
1547
1648
0
1812
1757
3594
2963
649
1164
1812
649
535
0
295
1304
2014
1926
0
649
1547
295
1298
295
2140
3376
3169
119
295
2246
1298
3380
1002
0
0
649
0
0
0
0
0
0
0
0
0
1298
0
0
2730
1547
3594
0
2730
0
1298
0
0
132
2246
0
1298
2246
0
329
1164
2535
0
1757
3213
676
3192
0
0
0
0
3414
719
535
1164
1547
0
3636
3095
0
283
0
2042
2963
0
3169
2454
0
0
1177
0
1812
2535
1261
1648
3594
0
2410
1757
0
2797
214
1812
2535
719
1074
1600
0
0
0
0
0
0
3137
0
0
0
0
0
616
1082
0
0
483
0
0
0
0
483
0
2308
0
0
0
0
0
1716
0
0
0
2497
0
483
0
0
0
0
0
0
3367
913
664
1312
616
821
0
0
0
221
0
0
0
1789
0
0
0
2862
0
0
0
2989
2715
0
0
2008
0
0
0
0
0
0
1716
221
913
2581
0
0
0
0
0
3294
0
791
0
616
0
3379
221
1716
1716
0
0
0
2103
0
66
0
0
616
3137
0
1716
0
0
221
2017
0
328
0
281
483
0
221
0
221
0
0
3137
0
0
589
3268
1667
0
0
0
0
2681
1929
2516
0
482
0
0
0
0
0
0
1082
0
483
1633
985
0
2376
0
0
0
0
0
3081
0
0
1904
1082
0
483
581
2331
2103
0
221
0
0
0
0
0
616
1716
0
1716
0
1082
0
0
0
0
0
0
0
2780
0
0
0
0
0
2157
0
0
0
2715
0
0
0
0
0
1295
2317
0
0
985
0
0
0
913
913
281
1295
113
2401
2102
0
0
1295
1082
0
1975
0
0
0
616
0
0
0
2898
0
0
1082
947
0
0
0
1716
0
0
0
0
1082
0
0
0
2103
1295
0
0
1295
0
1904
328
483
113
0
281
0
1082
0
0
0
2982
791
2982
0
0
0
0
0
113
0
0
0
0
0
0
694
3392
0
0
0
0
0
1142
0
2497
694
0
2103
0
0
0
0
0
0
0
483
0
0
0
0
1716
113
278
1904
1633
0
0
281
0
3025
113
0
0
0
0
0
1176
0
0
0
1295
0
281
0
0
0
0
0
985
1789
1295
0
913
0
0
1082
0
0
113
0
0
0
1716
482
0
0
0
1904
0
0
0
0
0
0
0
0
0
0
0
328
616
0
24
0
2712
0
0
2497
616
0
2982
1935
1763
0
0
0
0
0
0
483
2497
0
694
113
913
0
0
0
0
0
0
1203
1929
0
0
0
0
0
0
2850
0
1633
0
3253
328
0
1680
0
1716
3036
0
2037
0
0
0
3222
2037
2840
0
113
0
0
0
0
0
1295
0
2420
483
483
0
0
2078
0
0
913
1716
0
2780
0
0
0
0
0
913
791
0
616
0
791
0
0
0
113
0
2460
0
0
0
0
113
0
0
0
0
0
1633
0
0
0
1716
0
0
0
0
2157
0
884
616
229
0
884
2103
1904
0
0
3253
3222
1633
0
0
3137
1633
791
0
1295
0
2103
0
913
3137
1716
2780
483
718
0
0
0
0
0
0
0
791
0
791
2818
0
0
0
328
985
0
0
0
1082
0
0
0
2715
0
482
0
281
616
0
3081
0
0
0
0
0
2078
0
2308
0
0
0
0
0
2633
0
0
0
0
0
1295
1312
1295
0
3181
0
1281
0
0
0
3087
2331
0
0
0
0
221
0
0
0
0
2103
0
0
0
1142
0
0
0
694
0
1633
0
2982
0
0
0
3222
0
0
2103
985
0
0
328
0
0
913
0
2113
2331
913
0
0
0
0
0
0
0
0
0
0
0
0
0
0
2780
0
2396
0
0
3222
913
3137
0
2103
0
0
0
0
0
0
0
1082
2497
2715
0
0
0
0
2497
0
483
0
0
0
791
3137
0
0
0
0
2037
0
0
1904
0
0
0
0
0
1902
3387
913
0
0
0
791
1716
1281
113
0
2157
1082
0
0
0
0
281
2633
694
0
1945
2295
616
0
2308
0
0
0
0
0
1716
0
0
1633
0
0
0
0
3367
0
1789
1161
0
0
1295
913
0
0
2308
0
1904
0
0
0
0
0
0
0
0
0
1719
2488
328
0
0
0
503
0
1716
328
2453
2780
0
0
0
2733
2780
0
0
0
0
0
0
0
0
503
0
0
0
0
0
0
3253
2497
0
1633
0
2780
3013
0
0
113
3222
0
0
1633
0
268
0
3013
0
2308
239
0
0
1633
0
0
581
0
0
0
2331
2982
0
0
0
0
221
0
2157
0
0
821
0
1308
0
221
913
0
1142
0
0
3081
2308
286
0
0
0
0
0
113
694
0
1716
913
0
2818
0
0
0
0
113
0
482
0
0
1716
0
0
0
2497
616
0
0
913
0
0
1206
0
0
0
0
0
1103
0
0
616
0
0
0
0
0
0
0
616
0
0
0
328
0
791
0
0
483
0
1716
777
0
0
0
0
0
913
3137
0
0
0
0
3081
0
0
0
2103
0
0
0
2331
0
0
1968
0
0
0
0
0
612
2780
0
0
0
0
0
159
0
2008
0
0
0
0
0
113
0
1633
0
0
482
1716
0
2008
2008
1548
328
0
0
0
0
0
2970
3137
0
0
0
0
0
0
0
0
0
1716
0
0
0
913
0
0
0
0
1295
0
2103
1206
0
0
0
0
0
2780
3379
0
3137
1633
0
0
0
0
0
0
0
0
0
1147
3222
0
0
0
483
0
3379
0
2157
1904
483
0
483
913
0
0
0
281
0
541
884
281
0
0
0
483
3253
0
0
0
844
694
1312
0
0
1467
221
2331
0
1773
0
616
0
0
0
0
0
221
221
1716
0
0
1295
352
1295
0
616
1716
0
0
483
0
0
0
0
791
0
0
1803
2008
589
328
1295
0
2153
1633
0
2979
0
0
3137
1003
0
0
2633
0
0
985
2780
2157
0
0
1295
0
0
0
2780
0
0
694
0
0
0
2898
0
0
0
0
0
791
0
0
0
483
0
1295
2780
0
0
821
0
1716
2982
0
0
0
2666
0
0
0
0
2037
221
0
2881
2715
0
0
1082
0
417
2103
2157
0
1295
113
0
0
483
0
2331
1295
0
0
3137
2852
221
0
1716
1633
694
791
3190
0
482
0
0
0
0
0
0
0
3137
2078
1082
542
0
0
0
1904
0
0
0
0
0
1633
2078
913
2898
0
0
2308
0
0
0
3379
221
0
2157
0
1716
913
2157
1295
1716
1853
0
0
3379
0
0
577
0
0
616
2898
0
483
0
281
1716
0
2331
0
0
0
2008
1295
0
0
0
0
0
1633
0
2453
0
0
0
2308
0
0
0
3379
1716
0
0
0
0
0
0
0
0
0
791
0
2786
0
0
1716
483
0
3379
791
0
328
0
0
3064
2780
0
0
0
0
0
1082
0
1904
1904
0
0
694
0
379
0
0
0
243
0
2266
0
0
0
0
2308
0
0
0
0
0
0
616
940
0
2715
1716
0
0
0
0
1295
0
3013
0
3387
0
0
0
0
0
1716
913
2453
2780
0
0
1633
0
2187
328
0
0
0
0
1082
0
0
0
2497
2715
791
3222
0
913
547
0
0
1332
0
0
0
1497
0
0
0
1053
0
2157
0
0
0
0
0
1633
0
0
0
664
2898
0
2037
674
0
1082
0
0
0
3137
0
0
0
0
2881
0
0
0
1206
3013
0
0
0
1719
0
0
0
0
0
2640
2780
0
729
0
2103
0
0
2780
221
2982
0
0
623
0
791
1568
0
2078
884
3222
1141
0
0
821
0
0
0
1082
0
0
0
0
328
483
0
0
0
0
0
0
0
0
0
2982
1041
0
2633
0
1716
616
0
1716
1084
3137
1633
0
2390
0
0
0
0
0
0
616
0
0
0
2497
1633
483
0
0
0
0
0
1591
2157
2176
0
0
616
0
243
0
0
0
0
2982
0
0
0
2982
0
0
113
0
0
2385
0
1084
2982
0
0
3137
2898
0
0
0
0
1904
627
0
3081
0
913
0
0
0
0
0
0
0
0
0
0
0
2157
616
221
0
0
0
0
113
764
0
2037
2780
0
0
0
0
0
616
482
1478
0
3137
0
1789
221
2780
1633
985
0
0
1082
1295
1633
0
0
0
547
1716
113
791
0
0
0
1142
0
2453
616
0
1633
3081
616
2037
0
0
0
2780
0
1312
724
0
0
0
0
281
2387
0
0
3237
0
3235
884
0
0
1633
2103
0
0
0
0
3247
1312
2497
0
0
0
913
616
0
0
0
0
616
0
0
0
1082
2780
0
0
0
0
0
0
0
913
0
0
0
1082
2898
0
0
0
0
221
0
328
0
589
0
1176
0
0
0
0
0
0
0
0
1789
0
2103
1082
0
0
2037
2008
2715
694
0
2008
0
0
0
2266
0
0
2037
0
0
1789
0
0
328
0
0
0
0
3137
0
616
1789
0
1968
1295
2982
328
221
113
664
0
0
1633
913
0
0
0
0
0
2157
913
0
281
0
0
0
1295
1026
0
0
1904
0
0
0
1082
0
2453
2380
0
0
0
0
0
0
616
0
319
281
2008
328
0
2037
0
0
1295
731
0
0
547
0
0
0
0
0
1716
0
0
1596
1955
1904
0
0
0
1789
0
0
0
3379
0
0
281
0
2266
0
1904
0
0
0
0
0
0
913
0
2497
0
0
0
2453
1082
0
1716
0
1853
1009
2103
0
0
221
0
0
1498
281
547
221
2780
0
1082
821
0
1939
0
0
0
3049
0
0
328
0
2308
0
1633
0
0
1373
281
0
0
2780
0
2780
0
1716
0
0
0
2453
0
0
3392
0
1875
0
2157
113
0
0
791
0
0
0
2780
0
0
637
2157
3037
0
1082
0
0
0
2008
0
113
2780
0
0
0
1633
328
0
0
0
0
0
0
3137
2453
0
0
0
0
2453
0
1082
0
0
2497
0
0
0
0
0
0
0
1397
0
0
2272
0
0
2780
0
0
328
0
483
0
985
0
1716
0
0
2715
0
0
985
0
0
0
985
0
328
985
0
722
0
0
0
0
0
0
0
0
0
0
913
0
0
0
791
791
0
2497
56
913
0
0
1647
1295
0
0
0
0
0
1633
0
2331
547
3137
0
0
0
0
0
0
328
1295
835
0
0
0
0
2516
2017
0
0
0
0
2564
0
0
0
0
0
2497
0
0
1876
0
791
0
0
1716
0
2497
3081
0
0
2008
66
328
0
0
0
0
1082
791
483
2008
0
0
601
483
1716
2715
1082
791
0
1716
0
3137
0
0
0
0
