1526
1503
0
1425
1378
1562
1379
1483
1665
0
1386
0
0
1526
1359
1650
1646
1365
1646
1215
0
1413
1330
1665
1466
0
1402
0
1650
0
0
0
1650
0
1500
0
0
1650
0
1521
1503
1386
0
808
0
1646
1375
0
1246
1526
1375
1650
1671
1646
0
1650
1195
1650
1646
1545
1562
1650
0
1261
500
1503
1671
0
1402
1545
1401
0
1665
1401
0
1375
1526
0
0
0
0
0
0
0
0
0
0
1402
1401
1526
0
1545
0
0
1671
0
1413
1375
0
0
718
516
0
718
615
718
0
0
462
0
102
572
68
0
0
451
516
718
246
0
0
251
109
221
68
501
530
516
432
0
530
462
557
0
718
516
432
0
572
462
0
0
54
20
528
530
0
0
0
102
31
615
0
0
451
0
601
589
516
109
572
516
557
718
0
718
0
0
0
0
0
109
580
557
528
601
484
557
0
718
0
0
580
718
180
580
718
718
530
157
718
39
0
0
589
20
0
0
0
601
0
163
1281
0
0
0
795
0
0
91
464
773
0
0
736
770
0
356
187
766
0
770
1281
748
770
0
748
491
401
773
542
766
0
1281
0
748
528
0
770
0
0
1281
0
0
465
226
0
0
0
748
422
766
0
542
795
491
0
750
0
490
31
0
528
491
773
452
768
0
773
0
768
0
1281
0
0
0
0
472
0
0
0
33
1281
57
0
490
305
0
0
0
766
0
0
522
74
542
1281
750
736
795
