3
50 121
30 1 497 1
2 5 432 1
12 47 988 1
49 11 147 1
13 6 701 1
38 15 18 1
17 39 889 1
34 48 19 1
46 37 20 1
29 43 274 1
20 45 892 1
33 12 24 1
24 29 143 1
16 47 507 1
44 13 387 1
23 4 15 1
49 42 446 1
23 16 844 1
4 7 438 1
37 35 922 1
25 41 422 1
36 26 119 1
29 27 18 1
22 15 325 1
2 23 613 1
17 25 835 1
20 28 28 1
41 9 531 1
28 2 3 1
44 6 21 1
44 21 308 1
36 35 20 1
4 45 11 1
17 20 142 1
40 12 454 1
46 35 679 1
7 16 11 1
9 30 479 1
19 9 809 1
31 39 284 1
11 45 133 1
11 39 6 1
11 43 727 1
44 5 905 1
12 32 17 1
3 8 936 1
35 38 71 1
41 19 31 1
32 34 291 1
45 28 82 1
24 14 25 1
47 40 28 1
32 50 966 1
14 48 15 1
14 27 478 1
40 16 799 1
40 7 416 1
21 30 3 1
28 4 557 1
43 39 20 1
26 37 23 1
20 19 480 1
13 20 95 1
7 18 175 1
12 48 700 1
34 50 6 1
12 34 407 1
15 8 35 1
3 25 22 1
19 6 680 1
7 23 607 1
13 5 20 1
3 22 631 1
42 18 961 1
13 28 894 1
15 39 2 1
49 29 472 1
7 42 24 1
49 27 669 1
25 8 31 1
15 35 116 1
31 10 65 1
40 33 368 1
28 5 46 1
42 11 13 1
38 22 927 1
1 21 576 1
25 20 2 1
42 4 506 1
8 22 14 1
36 38 597 1
10 46 17 1
11 17 201 1
49 43 7 1
4 2 878 1
47 32 123 1
14 33 590 1
17 8 8 1
33 48 125 1
27 33 21 1
45 42 170 1
31 35 4 1
10 43 974 1
8 39 875 1
31 15 813 1
3 41 874 1
37 36 329 1
27 24 483 1
18 27 464 1
13 19 20 1
18 49 16 1
45 17 26 1
6 9 21 1
31 46 107 1
33 18 244 1
40 18 21 1
21 6 386 1
25 19 214 1
29 10 16 1
6 30 961 1
31 43 22 1
100 0 1
26 1
37 1
48 0
36 1
42 1
32 1
43 1
46 1
34 1
38 0
49 1
12 0
31 0
26 1
39 1
14 1
48 1
11 1
48 1
19 1
14 0
16 1
17 1
34 1
10 1
26 0
7 1
30 0
14 1
14 0
4 0
50 0
14 1
19 0
27 1
23 0
26 0
14 1
48 0
33 1
37 1
49 1
6 0
44 1
48 0
48 1
38 1
48 0
41 1
26 1
38 1
14 1
50 1
48 1
18 0
14 1
13 1
14 1
48 1
12 1
32 1
14 1
26 0
28 1
21 1
37 1
50 1
14 0
7 1
12 1
31 1
16 0
34 1
31 1
14 0
38 1
26 1
14 0
14 0
33 0
26 0
7 0
32 0
14 0
29 0
4 0
14 0
7 1
31 1
26 1
4 0
12 1
10 0
34 0
50 1
31 0
16 1
38 1
14 0
42 0
50 85
2 1 993 1
39 13 14 1
24 10 23 1
11 48 563 1
31 14 652 1
35 20 31 1
35 27 884 1
46 7 14 1
23 49 722 1
27 12 23 1
6 32 26 1
21 28 764 1
28 40 17 1
29 18 614 1
20 26 7 1
45 19 394 1
13 6 847 1
30 16 9 1
17 15 39 1
40 31 366 1
4 26 370 1
18 43 5 1
27 16 14 1
22 5 8 1
45 26 29 1
24 25 650 1
43 24 25 1
31 21 25 1
33 14 31 1
48 15 30 1
44 1 1 1
40 8 22 1
40 5 715 1
49 34 28 1
42 44 5 1
19 14 5 1
11 17 7 1
3 2 16 1
11 16 142 1
24 36 211 1
9 3 13 1
34 38 453 1
28 47 934 1
23 39 687 1
47 5 9 1
3 49 54 1
45 41 6 1
38 13 507 1
34 9 330 1
31 10 18 1
35 11 21 1
29 7 65 1
17 30 672 1
37 22 15 1
50 43 499 1
9 19 29 1
33 20 831 1
33 10 538 1
50 36 13 1
48 25 18 1
44 41 191 1
8 36 30 1
38 28 27 1
22 8 138 1
37 46 27 1
32 39 103 1
46 50 114 1
42 4 16 1
50 29 6 1
18 15 669 1
25 35 144 1
41 9 865 1
21 34 18 1
41 2 19 1
4 12 9 1
48 43 834 1
42 45 8 1
33 25 6 1
10 8 759 1
37 36 625 1
47 13 12 1
14 26 374 1
12 20 392 1
21 19 432 1
23 38 21 1
100 0 1
32 1
7 1
32 0
32 1
39 1
32 1
29 0
20 0
8 1
39 0
14 1
22 1
9 1
28 0
39 0
29 1
7 1
32 1
43 1
38 0
38 0
18 1
17 1
24 1
9 1
28 1
46 1
7 1
36 1
37 0
46 1
8 1
37 1
23 0
32 1
7 1
36 1
21 0
22 1
8 1
29 0
46 0
27 1
41 1
38 1
46 1
11 0
14 0
28 0
11 1
12 1
39 1
33 0
46 0
29 1
46 0
13 1
47 1
7 1
17 1
22 1
7 1
37 1
32 1
43 0
32 1
16 0
7 0
7 0
46 0
7 0
49 1
5 1
37 1
38 1
13 1
40 1
37 1
15 0
32 1
32 0
50 0
5 1
32 1
31 1
5 1
32 1
32 1
46 1
48 1
32 1
2 1
22 0
24 0
47 1
41 1
43 0
40 0
32 0
13 1
50 85
13 19 22 1
50 42 405 1
12 3 870 1
37 28 14 1
16 50 8 1
2 39 17 1
21 38 821 1
24 22 759 1
32 17 31 1
27 15 15 1
40 4 7 1
36 41 12 1
22 33 451 1
17 7 17 1
12 9 351 1
20 34 6 1
37 33 21 1
40 48 347 1
9 15 15 1
28 26 25 1
21 3 31 1
2 37 448 1
42 6 18 1
18 44 796 1
46 23 1 1
29 30 22 1
29 38 7 1
47 40 408 1
12 24 12 1
27 26 784 1
41 42 2 1
43 26 28 1
47 33 24 1
3 36 245 1
16 18 25 1
35 30 716 1
50 14 15 1
34 15 780 1
25 47 15 1
1 32 940 1
25 4 435 1
24 21 756 1
49 35 930 1
21 10 6 1
32 43 25 1
7 11 372 1
28 39 172 1
10 35 14 1
25 46 740 1
11 8 12 1
13 44 511 1
6 19 695 1
6 44 2 1
43 7 163 1
14 41 705 1
40 22 30 1
9 37 835 1
50 20 35 1
16 6 333 1
28 15 659 1
31 39 24 1
8 18 515 1
29 10 882 1
49 48 25 1
27 7 22 1
24 48 8 1
48 10 305 1
34 14 221 1
4 49 51 1
38 36 30 1
11 16 119 1
11 20 30 1
45 2 3 1
5 43 497 1
31 5 2 1
23 47 536 1
27 20 325 1
26 31 70 1
33 45 153 1
5 1 31 1
3 14 19 1
17 8 465 1
23 45 14 1
34 12 15 1
9 22 12 1
100 0 1
22 0
33 1
13 1
22 0
9 0
13 0
30 1
13 0
13 0
23 1
8 1
29 1
14 0
13 0
36 1
44 1
13 0
49 1
47 1
38 1
30 0
44 1
13 1
41 1
44 1
41 0
41 1
3 1
12 1
29 1
35 1
38 1
30 0
13 1
13 0
41 1
10 1
30 0
44 1
6 0
6 0
13 1
38 0
43 0
16 1
27 1
29 0
26 0
36 0
41 1
20 1
38 1
38 0
35 1
30 1
3 1
41 0
42 1
43 0
18 1
5 1
13 0
10 1
3 1
29 1
11 1
6 1
9 0
29 1
41 0
6 1
30 0
13 1
48 0
13 0
42 0
41 0
14 1
13 0
24 0
38 0
31 1
13 1
39 1
3 0
18 1
4 1
47 0
36 0
41 0
38 1
8 0
36 0
21 1
2 1
35 1
13 1
42 1
36 1
30 1
