1007
944
739
905
1286
1018
1001
1260
1262
1035
1262
905
993
1015
1266
1281
779
992
460
1281
739
759
1252
795
0
992
1004
1281
1260
1286
1286
1247
1266
1252
739
1262
0
0
1260
1262
0
836
1001
1053
1012
455
1028
1286
1281
0
1004
1262
1286
992
992
1036
1016
895
930
1007
1286
1281
1286
1063
1252
1004
985
1260
0
1001
1281
1286
1028
1286
1070
1266
0
1286
993
930
1247
0
384
1281
1260
760
0
1262
1012
1281
1260
1015
992
1035
0
972
0
717
1286
1262
1286
993
1252
821
993
887
0
1001
985
585
1266
1286
1266
1286
1260
1252
0
0
1286
905
1014
1011
1281
1247
0
1247
1286
1252
1252
834
985
1286
1030
1281
1286
1281
0
739
1281
1281
1281
845
1266
0
1286
0
1266
1262
971
1266
1286
0
993
1252
1014
1281
1015
1286
1260
845
540
930
0
1260
1014
1286
0
1001
0
966
1281
1286
1247
753
1286
1018
1001
950
1260
903
0
974
984
940
1286
1266
0
1281
1286
1286
930
0
985
1260
993
1015
0
993
993
1262
1155
1269
1155
1190
1175
379
366
0
1269
1176
1218
0
0
1176
1151
1053
0
1147
1151
647
1269
629
629
357
689
0
1177
642
1076
671
1033
1190
1243
1066
1182
55
1176
1066
1218
849
1269
1243
670
1190
1190
480
1155
786
1165
1175
820
0
1218
1118
1190
0
0
1269
1177
1155
1019
689
263
1243
310
1269
0
0
1269
1098
1155
1151
1086
1033
1086
1243
0
1177
1269
1218
1218
0
1243
818
786
0
1177
0
1269
840
1269
1269
1218
1176
1269
1155
1269
1218
0
1243
1218
0
1151
1182
68
1269
1175
491
1269
1190
1218
1098
691
379
1151
434
1269
1269
1151
780
1177
1243
1269
1175
0
1243
1269
840
1269
1269
1218
1175
691
1151
1155
1076
642
1269
435
110
1177
227
1175
468
1165
1218
1175
1218
1033
1175
1053
1177
333
1190
1269
1175
1086
1243
491
820
334
263
1165
1147
840
1086
1177
0
1175
1190
1218
820
691
1118
294
1243
629
1066
840
280
504
1066
0
1243
1243
1269
0
1175
1098
1175
1080
0
0
0
858
1269
1175
1218
1269
1076
1106
940
1149
978
970
831
758
961
872
1136
489
1124
0
1149
821
1136
96
798
204
776
891
1136
1136
915
0
1124
1149
1149
1131
1136
1149
0
0
1002
489
1149
1149
1124
978
995
1149
0
153
846
1124
846
1150
1149
1113
1009
1106
995
962
0
246
1113
1126
131
971
990
979
791
1149
875
1126
1110
1149
971
1124
969
1149
1126
1149
874
1110
0
421
1136
776
300
979
961
1110
492
0
338
1149
364
831
1149
1149
1136
995
1136
1149
356
322
303
1124
1002
1136
891
791
940
962
1002
1141
1124
208
0
971
761
1106
990
1136
0
1106
969
0
1136
1126
1113
1149
1149
1136
0
1124
1149
1136
968
1149
970
971
776
1110
990
1113
1110
1124
979
1113
1149
412
1110
0
821
1136
1002
1149
971
969
0
940
995
1150
995
0
0
1149
1141
761
1141
1136
1149
1149
995
846
1011
1126
1124
1126
1131
1110
1136
1141
1150
940
1131
464
1149
412
1149
489
1149
1141
1136
1150
1124
1124
0
263
798
405
1136
1110
1124
978
995
120
422
