3
100 259
62 44 8 1
26 69 30 1
37 34 280 1
36 8 80 1
12 47 2 1
78 98 17 1
35 16 914 1
91 75 7 1
80 76 943 1
93 45 3 1
51 100 518 1
26 59 146 1
76 73 231 1
23 73 11 1
64 10 858 1
51 54 7 1
51 86 696 1
59 40 150 1
17 20 64 1
60 43 16 1
78 7 926 1
46 2 440 1
26 82 922 1
32 12 46 1
31 72 756 1
64 70 876 1
68 8 478 1
33 67 20 1
82 69 641 1
96 17 166 1
62 87 912 1
61 18 58 1
60 70 921 1
72 2 12 1
98 42 900 1
77 64 481 1
24 21 1 1
39 43 519 1
88 67 353 1
43 17 1 1
45 12 67 1
37 56 1 1
47 45 701 1
3 14 892 1
30 66 641 1
95 53 25 1
62 99 202 1
49 41 14 1
72 74 692 1
85 32 23 1
6 89 216 1
42 11 359 1
61 71 25 1
52 18 300 1
46 99 16 1
34 31 18 1
78 42 24 1
10 60 90 1
86 15 95 1
7 11 25 1
89 41 921 1
80 3 27 1
85 12 508 1
50 85 259 1
41 24 13 1
76 53 3 1
20 43 637 1
62 55 860 1
37 83 14 1
49 93 375 1
52 6 27 1
51 75 116 1
58 16 508 1
89 8 783 1
83 47 652 1
83 97 971 1
39 80 7 1
19 62 22 1
98 36 426 1
79 69 886 1
90 91 832 1
33 38 883 1
85 60 27 1
23 38 747 1
84 27 681 1
96 16 5 1
66 52 5 1
29 18 1 1
22 19 335 1
4 85 591 1
65 31 181 1
73 9 380 1
49 92 22 1
50 60 405 1
30 52 211 1
79 97 72 1
23 76 249 1
16 28 33 1
83 99 912 1
25 65 699 1
1 7 205 1
13 70 867 1
68 98 389 1
70 43 886 1
46 19 706 1
68 6 821 1
86 27 838 1
10 85 615 1
65 75 10 1
29 61 391 1
35 28 22 1
37 97 731 1
19 55 394 1
76 39 162 1
33 21 954 1
3 17 544 1
91 54 824 1
19 99 946 1
97 40 8 1
14 73 232 1
6 29 555 1
79 40 229 1
90 81 24 1
86 100 4 1
4 32 725 1
93 57 474 1
41 21 472 1
17 80 223 1
71 42 352 1
70 20 14 1
43 80 528 1
92 6 166 1
76 14 15 1
49 57 12 1
84 26 608 1
30 69 544 1
36 68 22 1
98 71 7 1
22 55 15 1
94 61 828 1
46 37 825 1
58 3 512 1
100 15 139 1
52 92 796 1
57 79 861 1
5 74 8 1
57 92 904 1
2 19 3 1
92 30 23 1
75 25 184 1
82 66 130 1
11 1 1 1
29 68 17 1
5 2 903 1
93 97 697 1
95 45 10 1
25 90 15 1
57 30 992 1
35 96 262 1
64 44 7 1
7 42 958 1
38 24 795 1
37 40 903 1
40 27 20 1
56 31 457 1
91 81 838 1
54 100 983 1
56 34 224 1
95 50 182 1
21 38 26 1
63 36 422 1
58 96 902 1
27 15 25 1
42 94 29 1
34 46 28 1
74 65 710 1
88 63 822 1
87 77 15 1
89 21 12 1
65 51 369 1
72 5 317 1
93 79 26 1
11 94 435 1
8 21 447 1
12 95 246 1
41 45 39 1
93 47 153 1
88 36 27 1
69 57 11 1
56 40 254 1
27 56 694 1
88 33 431 1
12 50 14 1
86 56 25 1
78 63 679 1
14 80 976 1
4 99 17 1
46 83 268 1
44 10 795 1
50 39 23 1
83 32 25 1
4 10 17 1
87 44 301 1
96 20 4 1
34 2 627 1
77 44 647 1
48 96 30 1
60 39 398 1
99 32 45 1
59 69 406 1
89 49 576 1
75 54 209 1
25 74 5 1
24 53 375 1
8 33 25 1
71 29 595 1
20 48 388 1
70 10 9 1
53 39 739 1
62 4 366 1
23 24 8 1
84 59 2 1
35 48 10 1
51 31 16 1
75 90 757 1
30 82 27 1
38 67 160 1
18 66 315 1
20 13 608 1
44 4 18 1
52 29 200 1
34 72 364 1
24 95 818 1
84 15 561 1
22 2 248 1
97 47 26 1
6 8 11 1
38 9 27 1
86 31 520 1
41 95 360 1
92 89 30 1
13 64 9 1
32 47 383 1
65 72 23 1
17 58 29 1
50 53 650 1
67 9 312 1
48 13 3 1
33 36 402 1
79 59 13 1
22 5 29 1
49 45 211 1
94 71 142 1
68 71 30 1
53 23 330 1
98 63 28 1
9 23 611 1
27 59 494 1
87 55 16 1
200 0 1
20 1
37 1
49 1
32 1
87 1
2 1
13 1
5 1
90 1
54 1
90 1
32 1
62 1
19 1
22 1
55 1
73 1
64 1
36 1
55 1
49 1
21 1
74 1
93 1
74 0
64 1
48 1
55 1
5 1
87 1
87 1
25 1
22 1
74 1
49 1
90 1
16 0
22 0
5 1
90 1
73 0
84 1
13 1
65 1
31 1
29 1
51 1
87 1
55 1
44 0
48 1
90 1
87 1
64 1
64 1
28 1
16 1
40 1
3 1
20 1
87 1
55 1
87 1
75 1
74 1
48 1
44 1
5 1
47 0
13 1
55 1
87 1
51 1
87 1
91 1
22 1
64 0
87 1
62 1
83 1
25 1
55 0
78 1
55 1
5 1
24 1
6 0
90 1
31 1
55 1
5 1
19 1
64 1
54 1
48 0
17 1
5 0
92 1
87 1
90 1
87 1
62 1
74 1
79 1
62 1
97 1
2 0
13 1
44 1
67 1
22 1
87 1
22 1
87 1
5 1
74 1
74 0
34 0
81 1
32 1
35 1
96 1
55 1
25 1
11 0
25 1
87 1
74 1
74 1
59 1
44 1
87 1
72 1
55 1
87 1
55 1
44 0
49 1
55 1
55 1
55 1
14 1
22 1
5 0
87 1
55 0
22 1
90 1
43 1
22 1
87 1
87 0
70 1
74 1
35 1
55 1
19 1
81 1
5 1
14 1
8 1
3 1
86 0
5 1
35 1
87 1
44 0
13 1
25 0
46 1
55 1
87 1
25 1
41 1
87 1
2 1
13 1
99 1
5 1
80 1
22 0
100 1
10 1
15 1
87 1
22 1
87 0
55 1
87 1
87 1
3 1
48 0
44 1
5 1
62 1
19 1
6 0
62 1
62 1
90 1
100 179
94 37 771 1
83 27 26 1
93 7 57 1
96 84 29 1
25 41 26 1
8 89 169 1
41 61 117 1
78 51 28 1
66 64 11 1
36 49 5 1
97 20 866 1
73 92 274 1
99 9 22 1
99 90 4 1
81 49 839 1
7 67 324 1
86 85 461 1
68 21 506 1
94 62 323 1
56 55 4 1
58 82 24 1
95 52 2 1
54 84 89 1
28 35 714 1
22 27 581 1
92 12 21 1
51 83 25 1
50 82 942 1
53 61 25 1
77 11 162 1
4 32 659 1
6 70 11 1
66 59 784 1
12 41 13 1
43 68 21 1
78 13 944 1
92 64 205 1
72 90 342 1
36 67 8 1
17 86 18 1
68 5 484 1
55 57 71 1
37 82 866 1
81 28 642 1
91 16 230 1
24 31 905 1
81 24 25 1
26 76 879 1
71 45 119 1
2 49 30 1
100 97 665 1
75 10 424 1
70 93 23 1
69 96 882 1
36 24 769 1
88 19 325 1
39 87 44 1
85 60 28 1
74 59 9 1
48 63 241 1
45 23 6 1
78 52 13 1
42 88 20 1
18 73 994 1
3 11 735 1
87 64 1 1
5 15 7 1
30 17 205 1
65 4 878 1
39 37 1 1
14 13 436 1
19 76 762 1
7 63 12 1
55 100 889 1
88 8 12 1
20 70 166 1
66 12 809 1
42 23 306 1
56 95 375 1
44 100 10 1
29 83 984 1
32 41 260 1
79 22 345 1
47 61 375 1
54 69 12 1
9 98 3 1
7 24 16 1
40 23 11 1
52 47 671 1
28 54 14 1
31 3 544 1
26 11 11 1
53 25 543 1
33 67 10 1
97 25 23 1
50 72 6 1
86 65 5 1
30 72 18 1
13 18 22 1
74 17 193 1
18 51 583 1
87 75 290 1
62 79 520 1
32 66 4 1
15 19 9 1
19 44 19 1
100 53 15 1
57 89 4 1
62 75 20 1
69 46 198 1
13 47 13 1
73 10 25 1
21 46 761 1
56 53 350 1
46 91 2 1
38 20 21 1
60 63 17 1
44 77 275 1
47 56 10 1
30 85 7 1
89 40 10 1
80 50 114 1
1 2 25 1
90 80 18 1
26 16 13 1
12 14 928 1
97 77 25 1
98 60 974 1
35 91 9 1
57 95 24 1
10 79 22 1
15 43 230 1
11 20 12 1
32 38 25 1
48 65 10 1
96 1 889 1
59 4 17 1
29 22 14 1
5 71 795 1
34 45 101 1
4 6 27 1
6 48 219 1
59 86 372 1
73 14 7 1
38 6 562 1
87 94 11 1
71 42 29 1
72 58 626 1
10 29 201 1
30 99 824 1
35 26 902 1
54 91 415 1
70 3 8 1
84 2 326 1
65 60 930 1
55 8 6 1
61 14 6 1
16 43 414 1
77 76 5 1
84 81 17 1
16 21 16 1
93 48 15 1
28 31 29 1
85 9 115 1
88 40 897 1
58 17 7 1
43 76 23 1
93 31 11 1
92 75 22 1
39 74 13 1
58 39 224 1
63 33 132 1
44 8 423 1
74 64 212 1
33 98 3 1
25 38 622 1
3 35 19 1
42 15 538 1
18 29 12 1
200 0 1
89 1
27 1
89 1
78 1
95 1
39 1
74 1
61 0
27 1
23 1
51 1
78 0
55 0
23 1
57 1
13 1
27 0
71 1
57 1
76 1
27 1
92 1
92 1
59 1
25 1
69 0
52 1
77 1
56 1
62 1
22 1
78 1
83 1
47 1
45 1
49 1
23 1
47 1
51 1
19 1
27 1
83 1
43 1
78 1
78 1
11 1
89 1
14 1
40 1
95 1
100 1
83 0
51 1
42 1
78 1
79 0
83 0
27 1
52 1
89 1
29 1
25 1
81 1
83 1
3 1
27 1
22 0
57 0
27 1
88 1
89 1
57 1
8 1
22 1
8 1
83 1
22 0
52 1
27 1
51 1
51 1
17 0
83 1
10 1
14 1
52 0
52 1
88 0
27 1
79 1
27 1
27 1
51 1
23 1
27 1
89 1
27 1
51 1
95 0
83 1
51 1
30 0
57 1
45 1
67 1
27 1
95 1
26 1
27 1
78 1
51 1
88 1
68 1
39 1
57 1
94 1
27 1
27 1
57 1
61 1
52 1
83 1
27 1
95 1
1 1
83 1
27 1
79 1
27 1
27 1
51 1
95 1
68 1
57 1
89 1
56 1
77 1
27 1
66 1
90 1
52 1
60 1
95 1
20 1
40 1
51 1
95 1
51 1
22 1
95 1
13 1
52 1
54 1
78 1
27 1
95 1
8 1
83 1
26 1
100 1
58 1
81 1
40 1
71 1
79 1
8 1
52 1
56 0
95 1
78 1
51 1
100 1
68 1
42 1
48 1
83 1
92 1
47 1
79 1
84 1
16 1
47 1
17 0
83 1
83 1
27 1
73 0
95 1
88 1
95 1
55 1
27 0
89 0
52 0
15 1
27 1
95 1
51 1
27 1
56 1
100 179
43 7 24 1
78 12 27 1
52 45 133 1
57 86 140 1
29 75 506 1
16 1 26 1
4 50 31 1
76 61 945 1
11 80 30 1
50 21 990 1
52 22 20 1
2 34 28 1
86 31 8 1
33 39 494 1
8 38 5 1
15 83 165 1
67 91 674 1
8 11 359 1
15 28 15 1
37 80 28 1
48 7 13 1
40 44 17 1
99 66 31 1
13 38 599 1
74 19 689 1
26 90 11 1
35 3 12 1
91 30 23 1
7 39 743 1
66 34 12 1
14 75 880 1
91 75 25 1
22 61 666 1
15 17 958 1
79 85 1 1
53 2 50 1
85 52 325 1
79 78 25 1
57 34 673 1
96 84 18 1
55 49 381 1
63 81 9 1
88 22 30 1
55 90 6 1
28 43 18 1
20 89 7 1
76 10 3 1
58 99 477 1
64 69 638 1
62 89 740 1
41 74 863 1
54 95 8 1
51 6 883 1
23 27 3 1
72 42 23 1
97 2 26 1
53 100 6 1
16 92 9 1
36 51 4 1
31 87 65 1
36 42 145 1
95 14 706 1
93 19 11 1
28 89 748 1
63 99 952 1
96 54 127 1
56 30 515 1
59 18 242 1
13 37 797 1
63 5 694 1
87 91 769 1
86 29 976 1
88 78 900 1
16 79 741 1
20 43 236 1
49 24 988 1
56 82 587 1
95 11 1 1
73 68 18 1
77 68 20 1
54 67 174 1
4 83 154 1
27 44 381 1
9 27 13 1
9 88 232 1
82 54 30 1
3 27 651 1
84 95 186 1
86 51 27 1
48 18 102 1
3 77 298 1
69 46 21 1
65 62 24 1
34 100 194 1
18 82 22 1
61 9 9 1
61 45 10 1
35 23 354 1
10 9 734 1
64 12 9 1
47 53 5 1
73 76 269 1
64 99 1 1
26 72 725 1
81 31 56 1
90 37 937 1
33 77 639 1
76 21 16 1
12 44 93 1
39 20 21 1
93 97 434 1
93 6 5 1
6 57 12 1
75 26 18 1
64 40 459 1
63 40 28 1
84 8 7 1
92 78 808 1
32 25 672 1
5 23 17 1
1 85 241 1
11 13 8 1
47 97 240 1
20 65 383 1
33 59 2 1
98 66 915 1
81 57 10 1
26 80 104 1
51 72 766 1
30 71 815 1
49 42 5 1
25 37 27 1
42 90 704 1
30 70 7 1
83 89 1 1
98 100 24 1
48 94 4 1
33 65 17 1
29 87 17 1
94 82 602 1
5 31 14 1
73 62 720 1
40 23 529 1
70 59 223 1
12 46 111 1
18 39 21 1
35 71 23 1
68 65 292 1
36 93 754 1
94 96 4 1
59 56 10 1
44 88 27 1
10 3 23 1
79 22 961 1
60 38 13 1
2 6 346 1
24 19 296 1
14 67 24 1
72 29 26 1
66 81 610 1
46 92 7 1
41 47 23 1
80 14 25 1
50 73 18 1
32 13 24 1
24 36 10 1
10 68 523 1
70 77 30 1
56 67 7 1
5 71 433 1
21 45 677 1
25 55 163 1
60 32 864 1
97 74 6 1
87 71 7 1
58 69 29 1
58 98 4 1
70 35 352 1
4 62 24 1
200 0 1
96 1
80 1
60 1
13 1
11 1
62 1
73 1
83 1
33 1
38 1
76 1
84 1
8 0
60 1
91 1
38 1
98 1
30 1
34 1
50 1
67 1
38 1
38 1
14 1
54 0
84 1
60 1
60 1
8 1
38 1
60 1
94 0
52 0
32 1
76 1
60 1
60 1
84 1
13 1
25 1
60 1
2 0
12 1
75 1
84 1
75 1
43 1
60 1
48 1
82 1
96 1
25 1
89 1
29 0
44 1
48 1
15 1
47 1
95 1
39 1
54 1
70 1
60 1
90 1
7 1
94 1
60 1
95 1
84 1
20 1
60 1
7 1
60 1
59 1
94 1
38 0
87 1
38 1
68 1
81 1
54 1
83 1
94 1
49 1
60 0
19 1
60 1
86 1
62 1
60 1
60 1
38 1
25 1
38 1
60 1
31 1
6 1
22 1
84 1
32 1
38 1
67 1
70 1
80 1
89 1
32 1
28 1
84 1
74 1
39 0
95 1
77 1
96 1
39 1
38 1
80 0
96 1
20 1
13 0
38 1
7 1
48 1
60 1
60 1
38 1
11 0
84 1
60 1
38 1
37 1
60 1
11 1
95 1
50 1
94 1
39 1
48 1
94 1
84 1
54 1
48 1
60 1
61 1
94 1
34 0
91 1
38 1
32 1
60 1
95 1
20 1
60 0
80 1
25 1
43 1
25 1
38 0
38 0
60 1
28 1
77 1
28 1
38 1
60 1
60 1
25 1
75 1
18 1
15 1
84 1
7 1
8 1
94 1
38 1
28 1
43 1
80 1
8 1
72 1
60 1
61 1
60 1
76 1
60 1
28 1
38 1
43 1
84 1
84 1
8 0
40 1
30 1
24 1
38 1
94 1
84 1
13 1
25 1
100 1
45 1
