4637
4318
4318
3466
3860
4318
4171
3728
1452
2474
4098
3412
4033
0
4552
3755
4637
4222
4222
4098
3702
3567
0
3961
0
4249
3738
0
2807
4108
3542
3399
3793
3942
0
3876
2806
0
3779
4108
3414
4108
3627
3648
2792
0
3961
2948
0
4015
4222
4108
1655
0
4108
3953
3658
3890
0
3690
3942
3660
3736
4015
4108
3937
4108
3279
3922
0
3775
0
3764
4700
3606
0
3621
3953
3260
4108
3706
3543
2963
3580
0
3697
4318
3714
3720
4134
3876
4637
3569
4156
1357
3247
0
4376
4171
3890
4015
3889
4222
4015
4318
4108
3913
3284
3992
3779
3521
3855
3717
3627
3585
4637
3876
4700
3679
3749
3937
4318
2908
3937
4318
3622
0
4118
4033
2464
1866
3028
4245
3893
3961
4464
4700
3922
4114
3937
4637
0
4108
3279
4700
3749
2904
3890
4108
4371
3961
3775
4222
0
3591
3033
4700
4022
0
4312
3715
2928
0
3885
4318
4022
0
4700
3885
2876
3893
3876
4464
3876
0
4118
3891
3879
3876
4175
2526
4114
3374
4700
3903
4318
4108
3176
4022
0
3580
3876
4700
3868
0
4552
3665
4175
2681
0
3568
4318
3876
4249
4156
4171
0
4108
1650
0
3669
2266
3880
0
4171
4108
4700
3632
3466
3606
3632
4318
4700
4552
4134
4098
3876
2398
4118
1466
4108
4108
4475
4108
4318
4108
3868
3885
0
0
4015
3805
3597
0
3702
1585
0
4080
4108
3880
0
4238
2253
0
4108
4312
0
4022
3953
4015
3343
0
4175
4249
2713
2913
2658
3785
4416
4114
4022
0
3922
3879
4552
0
4022
1373
4108
0
2844
2755
4222
3953
4033
3837
3953
3760
4416
4245
4108
4552
3433
4700
3727
4022
0
3714
0
0
3953
3401
1395
3622
0
0
3695
3585
3784
0
4022
3961
0
3961
3876
3132
3794
3885
2772
4318
0
4022
3802
3711
3890
0
4700
4108
4022
3849
3399
0
3536
4134
3790
4700
4101
4108
2771
3537
3849
3807
4312
3696
0
3285
0
3961
4118
3410
4108
0
3260
2890
3803
3885
0
4015
4022
3992
4371
3961
4318
4114
4416
4108
4108
2108
3145
4637
0
3731
0
0
2515
4700
2726
1835
4108
3893
3700
2721
3740
4222
4700
3148
4312
3802
4700
3805
3009
3692
3740
4108
4118
2917
3961
3803
1565
2537
3379
3582
4700
0
4222
4637
2169
4245
3676
4062
4175
4171
3700
0
4101
3937
3942
3321
4156
3615
1845
3761
3717
4022
4108
1617
4108
3325
4047
0
0
4033
0
4033
3953
2996
0
4015
0
3942
2727
3922
2930
3885
4318
4245
3727
4318
4249
4108
4108
4318
3433
3823
3618
3876
2937
4245
3224
0
3700
3244
0
4222
4399
4371
3508
3727
2804
0
4108
3726
1712
3893
3879
0
4156
4700
4108
4700
3885
4033
0
4171
4108
4108
4108
4637
4118
3411
0
3885
3455
1747
4238
3876
2293
4108
3159
4277
4156
4700
2691
3867
2346
3823
3727
0
4022
3790
4108
3740
3695
4175
3414
4114
4249
3849
0
3658
3961
4093
3961
4108
0
4245
4700
3867
4249
3725
3759
3802
3622
3807
0
2686
4318
3893
3885
3146
1838
3456
3819
4171
3868
0
3890
4700
4108
1237
3488
4175
3867
0
3922
1887
4700
4700
4700
0
4156
4108
4175
4108
3604
4175
3819
3876
3885
4108
3469
0
0
3749
3891
4399
3819
0
0
3779
4108
4700
2875
4464
4108
4171
3733
2874
4108
4245
1050
3790
3803
3803
3514
3893
3011
3306
3876
3876
3475
4114
4108
3283
3937
4637
1339
0
3514
3569
4245
3480
3358
3416
4108
4108
2692
3992
3937
3885
4108
2710
3551
3587
2917
2532
3690
4114
3885
4318
3992
0
3826
4108
2120
3671
4700
4134
3837
4108
4318
4015
0
2536
3629
3743
3194
4637
4277
3743
2747
4700
4700
0
3617
3808
1915
3819
4318
4108
4022
0
4416
3569
0
0
4062
4171
3711
4171
3166
3400
3580
3884
4325
3689
3808
3492
3205
0
3337
4222
2837
3629
3520
4108
2452
4700
4700
0
3992
4033
3533
2868
3744
4108
3876
1198
4700
4093
3132
3726
4108
4700
3876
0
0
0
3214
3992
3629
4022
0
4700
3876
0
3961
4700
3837
4171
4464
4108
4700
4033
4171
4015
3482
4245
3684
4700
3922
3741
4108
4318
3192
3700
4108
3691
3297
4108
3599
4033
4101
3922
4108
4700
3613
3761
3855
0
3885
4033
2121
0
4108
2854
3868
4022
4022
3721
4700
3693
4108
3440
4700
3399
4108
4033
3807
3775
3837
4108
3819
4376
4108
3412
4318
0
0
3805
4108
4318
0
4015
4156
2878
0
4047
2927
3876
3942
3876
3535
3650
4022
4312
2749
2494
0
3937
4108
3463
4325
3434
3942
3817
3554
3527
4108
4108
0
0
4416
4047
4700
4318
3961
2764
2358
4700
4108
4318
2823
4108
0
3715
4098
3889
3749
3860
3402
3868
3189
3922
3695
0
0
0
3849
3146
0
0
0
3642
4108
3885
0
4022
3543
4108
3764
4222
2868
3859
0
4376
3568
4015
4318
3711
4637
3961
4108
3807
4108
0
4700
3961
3785
2796
4700
0
0
0
4171
0
4118
4171
3300
4108
3624
3226
4700
3953
4371
2771
4318
4222
3728
4552
4171
3953
3605
3961
3953
4318
2975
3876
4312
0
1796
3700
3152
3743
3922
3691
3498
4175
0
2523
1884
0
4552
4171
0
4700
4033
2660
4022
3803
3779
4700
3564
4171
4156
4552
4637
3885
3755
3893
3064
4108
4416
4108
4552
3463
4015
1710
0
3401
3654
4318
4371
4108
3812
4108
4108
0
2050
3702
3358
4171
4222
2519
4101
2913
2620
3942
2516
1452
2247
3802
3873
3809
3942
3885
4399
3876
3347
4318
4175
3465
4335
4022
0
3876
3922
4022
3646
3700
4022
3992
4108
4108
4700
3140
3547
3535
3803
4700
3546
4108
3124
3885
0
4399
3961
3728
4156
4700
3879
4022
4318
0
3599
4637
4108
4371
3893
3546
0
3876
4318
3737
3953
4108
3686
3961
3884
4080
3766
3488
3889
0
4399
4318
4277
4108
4108
4108
3224
4277
0
2825
4108
3893
3884
3879
1661
4015
3889
4376
3665
4175
2996
4108
0
4033
3992
3937
3260
4318
3749
3873
4318
2523
3961
3891
4022
3385
4318
3876
3580
3879
4134
3741
3961
3992
1710
4318
4245
4700
3711
4108
0
3192
3885
3506
3913
4171
3922
4318
4108
3389
3618
4552
0
4245
3737
4108
0
4171
4108
3614
0
4318
3860
4022
4175
4399
3697
0
3876
3629
4108
3827
2370
3961
0
4108
0
3922
4700
0
0
4108
4108
0
4318
2262
3922
0
4108
4376
4033
4118
3942
3760
0
4464
0
3876
3692
3885
3606
4171
4022
3879
3953
3837
4108
3922
4175
4700
4108
3424
4245
3449
2865
4022
3961
4371
4700
4700
3353
4108
3860
3992
3483
3890
3937
773
4093
3299
4335
4108
0
4156
2393
4171
4171
3591
0
4156
3992
1987
4033
3885
3961
3764
3942
4156
3868
3508
4312
4156
4015
3893
3942
0
3300
0
3629
3861
4108
2899
4416
2963
2523
3399
2980
3691
0
3698
4464
3642
3876
4416
4108
0
3876
3793
4249
4700
4700
2654
3873
2316
0
4318
0
0
4022
3876
0
4700
2979
3922
3736
2930
3876
3838
4171
4022
3953
4108
4637
0
4318
2691
3361
4015
3597
3885
4108
4080
4108
4108
1700
0
4700
3083
4318
3961
3650
4700
3735
4108
0
3717
3226
4108
4108
4318
4156
4108
4108
4222
0
3953
4114
3937
4108
0
0
3412
3365
2526
3879
4318
4222
3827
3155
3689
2698
3700
4156
0
4222
4108
4108
3860
4312
2243
0
0
3764
3880
4108
0
3808
4318
4108
4108
3041
2992
3779
3218
4245
3174
4108
0
0
0
2843
3703
3155
3504
4318
3889
4171
3738
3721
3788
3885
4318
3617
2335
4114
3759
3264
3626
4318
3365
4335
3784
4108
3119
4318
4700
3665
4108
3660
3686
4015
3922
3961
3992
3868
4022
4277
0
4062
4245
4114
3884
3759
2747
4700
0
3819
3879
3670
3535
4033
1767
4108
3761
2741
4700
3172
4134
4318
4114
4700
0
3194
3389
0
4700
3600
4093
3554
3214
3625
3728
4464
4108
1226
3362
4108
4245
3715
4108
3521
4114
4318
2653
4108
3885
4171
3620
4108
4700
1561
3591
3585
4318
3009
4108
98
3889
3876
3833
4108
3884
4022
1136
3702
4033
4222
0
4108
4108
2191
3035
3403
3699
4700
1066
4171
2867
4700
3267
3794
3922
3159
2077
2231
4022
4700
3961
4700
3554
0
3633
4222
0
2844
0
4312
4022
2262
4108
3420
4700
3733
3372
4022
4700
3285
0
4108
3580
0
3520
3480
2922
4222
3876
4033
4249
4175
3876
3563
4700
0
4245
3885
0
3922
4475
0
4318
4033
4134
3389
4376
2127
4637
3406
2786
4552
4108
3613
3427
4118
4249
4015
3876
4637
4118
3695
3937
3961
3535
0
3760
3325
3876
3691
3937
3961
3849
0
3565
0
3405
2704
0
2590
3653
3885
3651
4171
3876
4108
2153
3727
4318
2853
4022
2464
4700
3890
4108
4464
3547
0
3903
3880
4114
4399
0
4098
4108
3542
0
3702
2801
3711
3660
3790
4108
4318
2043
4700
3642
3113
3740
3642
0
4371
3903
4118
3891
1824
4637
4637
4108
4033
3741
3876
3629
4108
3465
2379
4108
3876
3876
4108
4134
4700
3879
3885
3624
0
3879
4171
4108
4022
4108
4318
4416
4318
3698
4245
4700
4318
4249
4047
3764
3867
0
3711
3879
3890
3537
4318
3355
3893
4700
0
2119
0
4376
3520
4108
3903
0
4108
3867
4277
4318
3159
2681
4022
3702
4277
3885
0
2390
4700
0
3275
1584
0
0
3889
4700
3890
3837
4022
4222
3405
3764
3880
4108
4318
4108
3837
3627
4700
2265
4093
3370
2870
3876
2005
3833
3889
4700
0
4475
4700
3349
3661
3727
4318
1824
2349
4637
3420
0
0
3953
0
3876
3961
3754
1207
3686
3726
4371
4156
4317
3168
3837
3876
3876
3033
3372
3961
4700
916
3535
3922
0
0
3325
4108
4249
0
4318
4108
4047
3761
0
4108
3591
0
2825
4108
4700
0
3961
4015
4015
4700
2849
4222
4552
4416
4108
4171
3711
4171
1239
4222
4245
4637
4108
4238
4238
3807
1373
3827
0
3727
4552
4371
3640
3859
0
3259
3860
4318
2998
3726
3679
3738
4222
3584
4171
4108
4318
4108
0
2970
3684
3614
0
4108
3547
2648
3961
0
3807
3890
3164
3937
3860
4022
4318
0
0
4015
3036
3585
4022
3574
0
3300
4318
2137
3760
4317
4022
3937
0
3755
3860
3671
3726
3961
3953
4098
3740
3785
4108
3876
4700
4015
4080
4700
4416
4108
3565
4098
4080
4700
3885
4700
3762
3599
3876
3693
3819
3876
3706
4249
3885
3937
4700
2694
3876
4277
4475
3885
4022
4033
3572
4700
3807
4108
3740
4108
4108
4108
4318
3618
4108
3647
3580
4156
0
4175
3953
3711
3805
0
3582
0
4171
4108
4245
0
3807
4700
3868
0
4156
3953
2724
4318
4700
3626
3467
4108
3207
4277
3775
3365
3685
0
4114
0
3876
4108
3785
4318
2293
2908
3890
4108
3466
4700
3922
3885
4108
4108
3671
3725
4033
3876
3021
3961
3833
4371
3032
3953
3961
4700
3819
2293
3879
4015
3785
0
2830
3876
4222
2894
3185
3702
3937
4108
3779
0
4108
3564
0
4114
0
3372
0
4108
4700
4108
3520
3794
4108
3607
3506
787
3631
3554
4108
3418
3678
3876
3520
4108
4108
4475
4022
0
0
4114
3700
3868
3678
4175
0
0
4700
3922
3740
0
4108
3961
3033
4700
3961
3922
3417
4118
4637
4022
3597
3711
3113
2593
4134
2590
2349
4156
4171
3219
4033
4022
0
3569
4171
4171
3812
4022
3790
3676
3885
3880
3860
0
0
0
3706
3363
3440
0
3867
4022
4075
2142
0
3732
4015
4013
4110
813
3767
4031
0
4023
3028
4075
2996
3981
4036
4018
4060
0
627
4060
0
4110
3770
2853
0
4034
3709
3911
0
2914
2119
4060
4002
4110
1534
4015
4057
4110
4018
4110
0
0
3974
4034
3522
1555
859
4036
4036
4110
4015
3991
4079
3883
3980
2022
2491
4050
4077
4039
4031
3392
4039
4002
4057
4110
3962
0
3723
1276
4015
3883
1814
4079
0
4110
886
0
3928
4110
3219
4007
1892
4110
0
2098
3028
4015
3822
0
4075
0
3672
1112
2121
2861
4036
3915
4110
4057
4110
4048
4022
4002
1296
2745
4121
4075
4093
0
796
3658
4015
3640
4067
0
3788
3838
4001
2352
3710
3099
2745
3273
4110
0
4110
3519
4060
0
0
0
0
3915
3992
1336
4034
4110
3407
1972
3980
3583
4018
2745
3915
3980
4031
4110
750
4075
4075
4051
2079
4077
3934
3912
0
3719
4110
3719
4110
4110
4079
4079
4110
4018
3480
4050
4079
4057
4057
4002
4018
1323
4057
4057
4079
4039
4022
3962
4002
4015
4110
4051
3732
3359
4079
4093
1150
4018
3662
3531
0
3694
4152
3993
1811
2577
4079
3732
3974
1020
4067
3531
4039
1278
1261
4015
3649
2155
3354
4092
4170
4150
2497
4110
4092
3829
1284
4067
4036
3974
3643
4051
3633
4110
3896
3773
4110
4013
4013
1150
0
0
4093
4075
3129
3799
4015
3991
3980
2091
0
4044
4015
4110
0
4079
4079
3643
4067
0
4002
3770
3767
4057
4031
4057
4079
4024
4152
3388
4079
3848
4044
0
1044
0
4048
0
4031
4079
3806
4170
0
4021
4013
0
0
4002
3254
4110
4031
4110
3914
4079
4079
0
705
3511
4050
4075
3720
0
4110
4013
1216
1735
3812
4124
4022
4036
4057
0
1284
3580
4110
4013
4023
4022
3860
2648
3219
3504
0
4018
4044
4057
4034
3215
4031
4022
0
4075
4059
1988
4110
0
1220
4015
3872
3792
0
3896
4050
2666
3694
4024
3278
4002
3454
3844
0
2722
4036
4018
3252
4011
0
0
0
0
3519
1963
2906
3026
4039
3962
4022
2715
0
4034
3974
569
3872
2919
4013
4036
4022
3974
1061
4124
4110
0
3048
4110
4075
4034
4067
3640
4110
4034
4043
1846
623
4002
1358
4079
0
4079
3829
0
4170
589
4075
2988
3854
3944
1236
0
4170
0
4051
4110
2957
4152
4110
869
4075
3608
4057
3485
4093
3883
1681
3943
4170
3246
4110
4152
4075
2902
1541
4110
4110
4150
3188
4075
4110
4057
0
3896
3531
4022
4079
715
4079
4079
4036
4110
3643
4110
2800
1293
4018
4079
4093
4079
3982
4079
0
0
618
4018
4015
4002
3714
2949
3742
2194
0
4079
2650
3914
4079
3036
3904
0
0
4110
3573
4110
4039
4075
3895
4015
3238
4057
4110
3870
1918
1525
3914
3995
3999
2908
4110
4170
4015
3874
4110
3702
1918
4002
2677
4057
3788
4015
4110
1095
4057
4039
4110
4013
4079
2830
4020
3694
4036
4067
4002
4075
1850
4110
0
3730
4110
4110
4048
4018
4075
2969
4110
4110
3991
4150
4044
1238
4057
4002
3992
4013
2398
4110
4036
968
4036
4022
0
4051
0
4110
3889
4079
4110
4002
3205
0
623
2251
4036
0
4024
3763
1988
3742
0
4036
4051
0
3411
4018
4018
3219
3335
0
3872
4075
4000
4002
4007
4150
0
3980
4031
1390
4079
0
4110
0
1280
0
4110
2899
0
3048
4015
4050
3149
3350
2749
4067
4022
4067
4110
4110
3723
4022
4079
2076
0
3504
3658
4044
4057
0
4015
3714
4067
4067
4093
4075
4036
4013
4024
3350
1927
3763
4067
4036
0
4170
0
3665
4022
3889
4024
3384
4044
4079
2675
4170
4110
0
649
3881
4002
3911
3417
2783
0
4075
0
0
1846
4075
4110
2344
3962
3762
3261
4002
2325
1821
0
0
3684
4075
3388
0
0
4034
453
3461
3995
4075
4031
3974
771
3700
4124
3974
3179
3993
2856
3694
4150
3303
3992
4079
3968
4077
4015
2707
3980
0
4110
4023
3354
4031
3235
4110
3914
4110
4057
4093
4018
3626
4121
1415
956
0
3723
4013
3636
4036
4015
4050
4079
4075
3236
4059
0
4079
1406
3788
3044
1711
4110
2661
4015
0
1987
2712
4051
2566
4075
3129
2887
1067
4075
4018
4079
3968
4002
1128
3277
2498
4124
3719
2949
2838
4013
4031
3895
4110
3934
3962
4124
4057
4110
0
3666
4170
2330
0
4110
3816
1395
2450
3742
0
4022
0
4036
4079
1628
2515
4013
3091
4124
3543
4051
2885
3374
4015
0
0
3664
1959
4018
3666
3974
4015
4036
0
3643
2151
3993
3016
4051
3914
3993
4152
0
2349
1868
4152
4036
3714
3968
3131
4110
4110
4022
3962
2927
4075
4092
1654
4079
0
4110
4079
3465
4013
3607
4110
576
4079
0
3128
0
4093
1261
4018
4043
0
2386
3654
4018
1242
1930
3931
0
0
3982
4057
2194
4057
4150
0
3034
4110
2790
0
2984
4057
0
4034
2575
2211
0
4110
2677
3465
2515
4075
3869
4093
4044
3938
0
3640
3981
4034
3870
4110
4000
554
2255
2340
3580
0
4110
4124
4150
1141
1418
0
3806
0
0
3124
3874
3669
3883
4011
4075
3225
4110
3662
4077
4002
3874
2995
1067
4110
3981
2860
3225
3573
3710
4093
0
3197
2917
4001
2749
3999
0
3307
4075
0
3417
4034
4079
3022
4057
4067
4079
4000
4039
2366
4057
4110
3993
3931
0
4110
2783
2862
3607
1811
703
0
1209
4075
4079
2281
2814
4110
4036
931
3381
3522
4015
0
4059
4067
4077
3672
3914
4124
4110
4092
4057
0
0
0
1328
3278
2349
0
4110
4079
3685
3895
3658
3904
4121
0
3943
3870
3522
4092
1382
2640
4022
0
4057
3944
0
4031
4048
4079
3604
0
0
3595
0
0
2153
4057
2325
4018
3732
2272
3944
3812
0
4039
4002
4018
0
3896
3993
4110
3480
4079
4048
3023
4110
0
3022
4013
4092
4110
3860
3925
4110
4079
3914
4110
2359
3700
4011
2675
4022
3995
0
3802
0
4110
4079
4067
3160
1405
522
0
3763
2899
4079
3943
4002
4079
4057
1687
3320
4022
4075
4110
4110
3628
2964
2509
0
2566
4110
3030
3728
4110
4039
3020
4110
4110
1333
712
3208
4034
4048
4036
2969
4036
3773
1670
0
3028
4015
4079
4022
0
0
4079
1826
4075
2391
2576
3999
4023
4057
3615
4079
0
3574
4121
4075
4022
3662
4079
3905
0
4057
4018
3533
0
4036
2640
3770
3694
3131
0
3264
4150
3296
539
0
1707
3914
4110
4110
4110
3636
4110
4002
4018
1358
4057
4067
4079
1272
3759
4002
4110
4075
2369
4075
2484
3215
2764
0
4022
4079
4039
3770
3812
4124
4121
4075
1424
0
4002
3643
0
4001
3684
4110
4018
4075
0
1579
3770
4067
4011
1681
3393
2663
3235
3720
3664
0
4079
4075
4110
2940
3565
4034
4110
3432
1940
3931
0
4002
4110
4079
3991
3709
4170
4002
3072
0
3710
4067
0
4150
3279
4079
0
0
4121
3626
3881
3519
3723
4110
4057
3179
4079
3078
4092
4002
3498
4079
4018
4011
4110
0
4152
4075
4031
4057
3537
0
0
0
4110
1832
1489
4051
3237
2814
4057
3009
2902
689
0
4018
4170
688
2499
4110
2205
3666
0
4021
3034
4050
4034
4002
4092
4036
1691
3918
3030
4022
0
3058
4110
4011
3658
3869
4057
4110
4036
4024
2345
3896
0
4022
4110
3913
1074
0
1197
3100
4110
4002
3896
3625
4057
4079
4002
4150
3760
3788
4079
4124
2151
813
4079
2887
0
3702
3754
3147
3993
3161
2775
4110
4079
0
4015
3889
4079
3730
4051
0
4048
3914
4057
0
1675
0
4018
4022
3462
4057
2919
4110
1580
3431
0
4079
4077
4079
4067
638
4015
0
2515
2647
4057
0
1061
4057
4152
3350
3913
4110
4036
0
4110
2914
4015
3009
4110
1940
4015
3993
2654
4022
3925
1648
4039
4067
4036
4110
3962
3993
0
4050
4150
3238
0
4075
4075
0
4013
4079
3982
0
4015
3432
4036
4079
27
4031
2121
3690
2509
3242
4075
1618
4110
4110
4022
3219
2876
3968
3417
3636
2334
4015
1094
4015
4110
2236
3205
4075
4018
4079
3806
4057
4007
4057
3788
0
4075
4110
4079
3188
3384
4057
4110
4039
4018
4152
4092
2121
3714
4036
4110
0
1658
0
0
3914
4031
3720
0
3962
4075
4075
4059
4079
3287
4150
2412
3161
4022
4001
3773
4079
3802
0
3667
3944
3992
0
4110
0
4121
3299
3390
4060
0
1735
0
3773
3874
2281
4036
0
4001
4057
4024
4036
3048
4057
4002
4011
1866
4002
4036
4110
4015
4060
3700
4075
4020
0
2209
4079
4075
3999
4079
3352
4039
3928
3870
573
2019
3030
4110
4036
2090
1988
3649
3799
3854
4057
4015
4067
3762
4057
4124
4110
3665
2646
4079
4067
3759
4057
4043
572
4110
4036
4110
4057
3020
0
3048
4152
3895
4031
4121
3773
4011
4075
736
4075
4110
4079
2984
1187
0
4022
3962
3872
3129
0
3633
4170
4039
4018
2729
4022
1681
3558
3931
4077
4079
3666
1971
3928
1406
2509
3773
4079
3981
3742
0
2829
3872
3710
4036
2390
4110
2321
4051
3991
0
4079
4075
3788
4110
4079
3215
4031
3306
4031
3023
4110
616
4110
4036
3943
389
4057
3129
3007
2159
4110
0
4110
0
4079
4031
4079
1328
2908
1850
4067
0
4015
0
3406
2121
2929
3709
4000
1744
3792
2151
3647
4110
0
4075
2884
0
4110
3273
3881
4031
0
3628
4075
496
4110
0
4022
3980
4057
3108
4075
4057
4152
4079
3581
4110
3974
3461
3838
3010
4015
3608
4075
2661
4170
3995
4075
574
3991
3799
4110
3407
3788
4150
4039
4110
613
4000
4075
4036
4075
4092
4092
2553
0
4057
4079
4018
4067
0
0
4023
2838
4036
3896
4075
2611
4036
4152
1449
2814
3806
4075
4031
4067
4150
4057
3862
3981
4067
1401
4079
4044
2864
712
4079
4079
1293
3719
712
2259
0
4079
4110
4075
4018
1969
4110
3981
0
0
2546
4079
4001
4110
2309
4002
1309
3760
4039
4057
4031
3685
2708
2098
3703
4036
3992
2358
4110
4077
4110
3870
2487
4079
0
4075
4110
4001
4110
4110
4075
1311
3728
4015
4051
4050
3788
4079
3352
2137
3962
4015
4039
4079
4051
2899
734
3359
2330
4170
0
2026
3723
3974
2511
4018
1424
4110
4036
4079
4110
0
2135
2776
4110
4110
4110
3934
3465
3854
1330
2731
4079
0
0
4110
646
3700
3433
4079
3928
4110
4067
3773
4110
0
1927
3236
3506
4067
1724
3509
4015
0
4011
4002
3205
2234
3034
4075
4079
4150
0
3149
3912
3719
4152
4093
4075
4002
3636
0
4110
0
4124
3788
3816
3078
4110
3091
1242
0
3944
4092
1155
4000
4039
4077
4057
4075
3374
4022
2300
3498
1132
3036
4031
4039
4092
0
4077
0
4124
4031
4079
4050
2992
4075
4079
4075
4022
3895
944
0
4110
2487
0
0
4092
3974
4018
3009
0
0
3995
2941
4110
0
4110
4057
4092
4170
0
3913
3931
4057
4121
3647
3583
0
1829
4036
1080
4057
4075
4079
3026
4001
3307
4057
4039
1855
0
3393
2272
3608
4075
4079
3480
4075
4150
4110
1987
4075
3995
4150
4013
4002
1848
4110
3632
3829
3407
3486
2300
1084
4057
1645
4110
4013
3858
4075
3273
4031
4034
4150
3148
4067
4018
3896
613
0
3732
4067
4051
0
4110
4075
471
0
4079
3214
4079
3895
0
594
4075
4110
4018
4170
4075
4022
2146
0
2127
4110
4057
4039
4075
0
4079
4031
3763
4079
4110
549
4057
3278
3896
3767
4015
4048
3770
3610
4110
3299
3662
3713
4022
256
4039
1430
3739
2007
3208
0
3702
3652
3022
3230
3331
945
2246
3354
418
3334
3634
2923
3687
2070
0
3348
3634
2425
2191
3621
2611
3356
3652
0
3652
0
612
2224
0
3531
3696
1553
1414
3634
3690
0
2897
1231
3348
3011
3281
3241
3269
3696
3634
2632
0
1493
3659
951
3271
3634
3427
0
0
3498
3621
3419
3708
820
3621
3284
3419
750
3407
2725
3181
3652
3621
3403
3652
3702
2599
1386
0
3375
3634
3690
1655
3393
3626
3460
3666
3626
3708
3702
2402
2957
3634
3690
2489
3621
3380
3739
2147
0
3621
3494
3263
3652
3659
3112
3297
2971
2169
0
3363
3380
3711
3687
3070
2249
3334
3216
1572
3626
3266
3708
2933
3652
3281
0
0
0
3626
3429
0
0
3388
3356
2212
3078
3652
3626
3363
3377
3444
3659
3437
3282
1589
2929
3419
2506
3466
3686
3711
3666
2518
1855
2489
3347
3711
3621
3611
3426
3696
3634
3375
3544
3396
3634
3460
3104
2516
3635
1443
737
2211
3652
3635
3126
3393
3690
3520
3634
3739
3331
0
3265
0
3297
1362
3363
0
3659
799
3669
3652
3708
1021
0
3634
3275
2463
2937
3621
3634
0
3256
3611
570
3652
3626
1707
3375
2201
2840
0
3460
3659
3652
3652
872
3388
0
3652
3375
3621
3652
580
3652
3652
3348
0
2910
3634
3690
2980
3635
3234
3708
2291
3273
3325
1382
612
271
3372
3635
3687
3218
2963
93
483
3195
3299
2850
3126
3621
660
1983
2632
3666
3634
3355
3317
3687
3325
3711
2909
3687
0
3356
3626
2889
3652
3493
2677
3364
531
2889
2153
2119
3686
0
3372
3686
1577
0
1001
3431
1091
2642
2863
3621
0
3621
3652
3652
2876
3010
3302
3690
3354
1255
3690
3652
0
3652
3048
3690
3190
3621
0
0
3334
3281
3389
3419
2936
3363
3498
0
3652
3415
3626
3218
0
3356
0
3702
3652
3652
3355
3195
3669
3166
3686
3696
240
3348
3635
3659
3686
3626
2304
3634
3230
28
3696
3500
3652
3690
0
3711
3459
3626
3626
3494
0
3652
0
3702
3038
0
3296
3686
3459
3488
0
3635
0
0
3621
781
3690
2032
2636
3258
3659
3182
3500
2940
3104
3708
3010
3626
3363
3626
2739
1247
3388
567
3009
3666
3635
1396
3466
3666
3711
0
2829
3581
2033
3626
3626
3652
3739
3435
3112
680
3621
3652
0
3552
3690
1526
3621
3355
3634
736
0
3317
3652
3626
3635
2258
3355
3686
0
3313
1801
2711
3415
2997
3104
0
0
3348
1674
3634
2244
3634
3621
1040
597
3393
0
2816
3626
3054
0
3364
0
3652
2166
3686
3388
2213
3626
3260
3635
0
3260
3375
3635
2816
3427
1302
3686
3437
2385
3621
3696
0
3702
3652
3652
3696
3690
1732
3652
3711
1756
2456
3690
0
3241
1331
0
3652
3465
3137
3626
3302
3498
1320
3711
3375
0
3686
0
3621
2965
3393
3702
3104
3626
3372
2963
2905
3659
0
3652
3393
3626
3659
1229
3702
3325
597
3634
3686
3652
0
3626
3356
3300
3686
2501
3621
0
3317
2019
3652
3275
3621
3419
3659
3659
3415
3372
3621
1547
2932
3686
1277
3621
3562
3690
2536
801
1946
0
2012
0
0
3552
0
3711
1577
2867
2992
3711
3388
3377
3626
2201
3652
2871
3696
3666
2489
3621
2218
2272
3348
3581
3652
2710
3581
3652
3696
1722
3159
3626
2871
0
3626
3635
3502
0
3635
0
0
3449
1756
3708
3451
2569
3372
2238
2602
3263
3626
0
3652
2874
0
0
2667
2200
3652
3300
3332
3054
3488
1101
2683
3544
3652
3686
3541
3652
1771
3488
3634
3493
0
1553
3626
3621
3669
3652
3690
3415
0
3054
3100
3696
3581
3377
3652
3652
3356
0
3437
2887
1564
3626
3152
3028
3019
3690
3102
1767
3010
3476
3652
669
0
3334
2795
3460
3372
3634
3203
3302
1758
0
3348
873
3669
3577
3334
3621
3626
3429
2816
0
3621
438
3635
3093
2264
2900
3241
3652
3652
0
3552
2910
3626
2944
3258
892
0
0
3621
3181
3375
3377
3711
2209
2327
3621
0
3635
1340
3463
3652
3100
3652
3302
2256
3348
3300
3449
0
0
3364
3435
3375
3690
2768
0
882
3159
3429
3380
2940
3652
3347
3348
0
2185
3325
2885
3652
3449
2871
2905
3477
0
0
3364
3348
3363
2742
0
3635
3322
2840
1691
3318
0
3552
3669
0
3419
1759
3538
3294
3626
3621
0
3652
3702
3437
3687
3634
3626
0
0
3476
3318
1505
3669
3635
3711
3687
3626
3621
0
3258
3652
3331
3541
3305
0
3626
3696
2698
3243
2989
3093
0
3659
0
3380
3631
3433
0
0
1081
3449
3626
3437
2282
3354
0
3463
2263
3562
3686
2269
3739
0
0
2874
3621
3363
3221
3659
3669
3551
0
3355
0
901
3652
3686
3334
2845
3437
3652
3274
3500
3419
3652
3621
2495
3208
2824
3377
0
3571
3634
2840
226
0
3459
0
3494
3652
0
3652
3396
3407
3687
3621
2862
3666
3079
0
3380
3396
3621
3494
3652
0
3274
3218
3634
3702
2731
3348
2155
935
3190
3010
3652
2771
3621
3652
3652
3686
1091
3347
2888
3493
3281
3652
3711
922
3372
3652
3419
3631
3621
3012
3074
3635
3216
3621
3634
3611
0
2178
3652
3652
3635
0
2911
3652
3669
1982
3635
3389
3079
3666
2994
3666
3393
1468
3449
663
3375
3652
2872
3634
3427
0
3621
3652
3626
3331
3696
3236
0
3494
3429
3552
3739
3415
3626
3739
3317
0
1645
3652
3380
3635
3690
3659
3652
3581
1623
3739
3500
3652
503
3437
1268
2115
2594
3317
2219
3626
2263
0
3592
3331
3334
3696
3104
3218
2879
3016
3375
3281
3659
2659
3476
3437
3652
3687
0
2829
1947
3702
3634
3313
3626
3621
3460
3375
3702
456
3494
0
2594
3375
3690
3621
2940
3223
0
3305
3562
0
3690
3208
3348
2697
0
3634
3433
0
1860
3635
3652
3690
3419
3621
3690
3652
3355
3690
3621
3331
1755
3652
2692
2876
0
3626
3348
0
3496
3460
3334
0
3621
3626
3230
2768
2237
3686
3652
3634
3419
3403
2933
3690
3626
3686
3621
3437
3626
3325
0
3375
2380
0
3652
3621
3331
3431
3634
3708
3686
3626
3635
3348
3690
1493
0
3389
3652
3696
3635
3635
2324
2612
3466
0
3652
2869
3711
3652
3363
3652
3559
3635
1559
3739
3711
2192
3363
3702
3427
2098
3626
3159
3702
3626
2258
3380
3702
3702
2429
3690
3652
3696
3702
3690
2848
3331
2161
3626
3429
1187
0
3325
3652
2297
3429
3711
2590
0
3626
0
0
0
362
3652
3115
3621
1864
3711
2783
3626
3493
3348
3028
2602
3696
0
2971
0
0
3652
2612
637
274
0
3635
3702
3419
3631
3323
0
3419
3429
3407
0
3626
3608
0
3652
3488
955
3626
0
1919
3500
3621
3686
647
3686
3393
3356
0
3393
0
3634
3363
3348
3136
3626
3449
1679
3476
3048
1890
3739
3652
3523
3635
3652
566
3380
2910
0
3048
3686
3322
2436
0
3388
1486
3551
3520
2833
3652
1767
0
3429
3711
2932
3696
1362
3652
0
3702
3419
3259
3493
3708
3652
3093
3739
0
0
3364
3652
2933
3652
3696
3502
3531
0
3621
2602
0
3230
0
3634
2346
3460
3327
0
3626
3686
2251
0
3711
2489
3327
3027
2015
2344
3388
2628
2826
3652
3696
0
3437
0
3626
1011
3626
3356
3652
3711
3652
2889
3652
0
3363
3046
3635
3635
3039
3634
0
3659
3652
0
3659
3274
3429
3626
3494
3311
3708
3313
3690
2806
3659
619
2346
3621
3626
3686
906
3652
2377
3626
3652
866
827
3621
2977
3652
3325
3659
0
3311
3027
2110
2173
3551
3634
3652
0
3520
3375
3711
2827
0
3687
3608
3258
3708
3652
3500
2553
0
0
3634
3048
3231
3635
3696
2694
3559
3696
3635
3659
3429
3496
2425
3626
3288
3380
0
3541
2795
3634
2552
3502
2879
0
1970
3739
3652
0
3444
3634
2570
3652
2711
3739
3686
3093
0
1691
3626
1321
813
3087
3380
3318
3498
3626
0
3348
3437
3739
0
3652
3146
3634
3354
3652
3332
503
3690
3488
3621
3669
0
3711
2980
0
3396
2993
3711
3459
2355
3393
2933
3626
3652
3652
3690
3621
3626
1901
3686
3635
0
3437
0
3396
3621
3669
3702
1612
3708
3302
3626
3318
3652
2267
3696
3028
3702
2959
3669
3380
3652
3388
3322
3621
3215
3652
3146
3626
3355
3266
2873
3325
1308
2521
1517
3652
3652
0
3317
3519
3334
1585
0
3115
2783
2496
2786
3696
1977
3666
3686
2586
3652
0
3708
2007
1371
0
3621
3348
3659
3687
3626
3460
3429
3669
3652
1875
3152
771
3203
2555
2344
3652
0
2425
0
3566
3652
0
3263
3363
3652
3708
0
3459
3348
3659
3429
3626
2410
3652
3626
3652
3036
3621
3218
2120
2859
3621
3621
3659
3659
1653
3410
3652
3634
3223
3666
1288
1612
3666
3348
3702
3659
3332
3260
0
0
3696
3711
3124
3621
3494
3170
3669
3666
3686
3626
3223
0
3659
3348
3109
3626
3652
0
3711
3652
3415
2987
1685
2536
2908
3380
3708
3190
2796
3696
3494
0
3690
3364
2773
3634
3022
2381
3626
3460
0
2206
0
3126
2237
3652
0
3626
2297
3635
3635
3626
2203
3519
3621
3347
3652
3626
0
3659
3045
3410
3621
3626
3634
3437
0
3331
0
3305
2931
3332
3635
765
3621
3466
2893
2977
0
3281
3739
3619
3331
0
3427
0
3652
296
0
3690
0
2269
3228
1077
3363
3325
3626
3263
0
3626
260
3577
3297
0
3702
0
2105
0
0
2516
0
1189
0
3621
3429
0
2328
3299
3652
3463
3652
3626
3686
0
3686
3621
2692
2738
3634
3363
2171
3696
2103
3419
3419
0
3269
2590
0
2570
1577
3172
2186
3652
3652
3562
3652
3281
3230
3363
3652
1683
3635
0
3652
3652
3377
3652
3318
3271
3396
2402
0
0
2632
3621
3048
3427
3659
3195
3686
2265
3626
3375
3659
3659
3078
3652
3267
3652
2185
368
1710
3626
2780
2302
3318
0
0
955
1308
0
3552
3652
3711
1653
3659
3652
1519
3669
2786
2456
1348
2999
3652
3100
3437
1304
0
3364
3109
2180
3711
3666
0
454
2489
1304
3621
3621
2786
0
3666
2095
3621
3566
3322
2315
3652
3652
3437
3260
3659
3626
0
3300
0
1746
3393
2427
3393
3739
3544
3419
2209
3241
0
512
3282
0
306
3666
3048
3466
3696
2513
0
3686
3172
3327
1382
3626
3152
3687
2994
2590
3669
1247
2229
3272
0
3272
3621
640
555
3363
3016
0
3635
3281
3621
3465
3281
3702
2845
3433
3272
3354
3652
0
3686
0
3635
3652
0
3652
3077
3621
3621
3375
3363
3652
3396
3659
3266
3459
0
404
3334
1535
815
3325
3077
3711
0
3419
3429
2442
2956
3269
0
3690
3666
1009
3494
2731
3046
3388
3635
3038
2827
0
3652
3621
1521
2834
3415
2963
3696
0
1696
3690
3462
3702
2900
0
3626
3355
0
1325
3118
3380
3659
3711
3711
2435
3190
3012
2180
3635
3396
3621
2862
3325
3669
3634
3690
0
2887
3581
3365
3388
922
0
3048
3652
0
3500
3652
2829
3686
3659
3332
3626
3652
3626
2305
3449
3544
0
3494
849
3652
3626
2184
3027
3075
3372
3659
3427
1532
3354
3634
2911
3652
3476
0
3635
3659
3634
0
1492
3652
2923
3112
3036
3626
3702
3332
3659
3634
3634
528
0
3157
3460
0
3608
3626
3356
3686
1645
3393
0
3281
2120
3355
3552
0
3708
3696
2878
2165
0
3093
3626
3016
2923
3571
3109
3626
2783
3739
3354
3702
3396
3659
2715
3711
3635
3652
3375
