180243
656513
411843
685292
214913
59609
208739
107460
222717
234411
406988
29173
714959
441533
237950
302434
723391
202743
660578
195567
146753
174700
462986
449331
234411
642017
673439
39022
544844
355225
524140
103027
29972
4450
211723
432133
486065
405342
298096
339572
493799
304671
5842
67450
608337
211723
407129
165735
310451
149260
241760
471111
522589
343762
150024
310015
0
441533
45796
25742
16445
418735
36508
185376
237840
190021
4450
124300
735319
580537
609891
584158
86828
150024
82977
67450
383004
324325
432133
69418
605384
411843
328550
86828
181980
753273
720079
318221
215837
143319
682656
475744
195567
522589
274062
358064
190021
597045
736613
429420
282916
487552
199909
405342
175395
457838
103529
586434
447240
331138
470302
255641
310451
239078
256368
205390
578151
236641
500542
205390
203276
500542
421038
318586
112070
25742
447535
146753
331138
284238
168205
365219
365219
639989
613063
262515
541923
24211
561916
242170
291349
365219
320649
460482
300806
749550
299796
679140
541923
511919
196781
112070
679908
590163
642017
0
568515
284238
93295
550348
738349
584158
218651
559192
318586
739825
615844
637241
214913
216107
219189
255193
406988
348936
240627
32403
577149
491542
643311
252834
456781
571259
378893
15947
215837
277887
300806
753273
202392
396708
284238
398737
638375
507337
0
546593
481875
328550
584158
563846
411843
422040
321190
332943
491542
241760
165735
190021
185376
479778
185376
62689
447535
141742
15579
45796
205390
421038
252484
197645
146753
203276
402965
355225
456781
63581
174700
487552
0
118004
556204
46866
689715
411843
539704
441533
736613
491542
0
234411
565246
280862
590163
241760
69873
611452
364579
274062
258864
436863
441533
32403
422040
31485
234411
362986
351661
736656
568515
162619
608951
54605
546555
679140
407129
441533
544844
595734
7119
10850
588415
199909
282916
652205
306256
499689
127182
340592
318586
163502
526694
156654
522589
310582
103027
258864
639989
667732
208739
156654
632196
561916
174700
300806
328550
528841
282916
318586
293135
244266
295102
673439
20842
166568
427238
195567
361201
170188
311240
505548
524140
103308
165735
552899
526694
302434
208739
194015
146753
436863
342726
328550
441838
608337
696515
219189
179370
302434
663578
398888
710301
612263
630926
178376
432133
273785
706292
335140
499689
740002
179370
35798
172909
298096
684198
719758
121173
595734
16445
246803
36508
314941
592603
383979
246803
29173
679908
653969
262515
324325
358064
613791
62689
298096
118004
387212
561916
733647
310015
389720
2524
216107
170188
216107
375697
365219
496986
561916
219189
328550
387212
502713
262515
29972
561916
418735
108197
107460
302434
269767
660143
310451
440520
342726
728501
597045
547041
585505
199909
222225
63581
260877
162619
684198
48514
146753
302434
278957
67450
124300
586434
0
168259
733647
242170
277887
211723
661653
490417
214913
561916
31485
425611
146753
441533
646328
578151
103370
361201
2524
422040
719995
233845
546555
510764
733647
715776
732896
369466
464404
63581
436863
264077
367213
557896
663578
448473
7119
486065
199909
642017
526694
276270
475744
639989
712569
368204
255193
689715
153799
328048
17743
475744
377461
125835
295102
216107
639989
124300
220532
481512
61499
307973
452003
255641
25084
655297
205390
222225
107460
507337
291349
436863
112070
39022
238976
316250
733647
208739
74492
334656
17743
436863
17743
447535
319068
656513
332943
471111
310582
739207
470302
53748
696515
320649
273785
216107
17743
204318
456976
733647
407129
586434
249894
29757
347319
358064
269767
502713
203276
584158
455831
468536
410314
503771
94797
74492
102089
500542
242170
740997
11934
735319
565246
381179
218926
8778
656513
471111
470302
209728
45796
630144
24211
112070
242170
54605
328550
464404
474560
391072
720079
682656
510121
187777
482615
302434
624564
402965
74492
168259
292394
502713
630926
679140
74492
216107
533605
614960
211723
441838
387212
544844
728080
561916
211723
63581
358064
613063
585087
199909
319068
743653
382080
328550
441533
175395
391072
146753
650648
488331
491542
214913
531894
29972
361201
302434
389720
697972
384547
56063
348139
422040
156654
673439
632196
696515
59826
29972
749550
656513
118004
112070
500542
491542
447535
157169
468536
358064
405342
673439
222395
59609
45796
715387
13084
190021
293135
540225
168259
13084
464404
723391
209728
577149
71221
695693
17743
298096
673439
507337
644338
121173
343762
143319
168259
675231
689715
545252
361201
273785
650648
162619
743653
214913
190021
175395
199909
493799
411843
321190
522589
149260
637241
723391
500542
382080
32403
94149
217536
571605
581876
642017
477926
568515
499689
143319
280032
4450
197645
620045
242170
237840
588415
414999
482201
364579
318221
584158
358064
55085
76206
163502
91967
546555
46866
94797
103027
62689
715776
61499
138921
69873
199909
344728
214406
505548
194946
474560
214913
398737
217536
708149
526694
318221
551565
197645
464404
249894
474560
358064
452003
743001
738349
471111
310015
229387
414568
700186
153799
62689
361201
460482
693601
462986
436863
633085
4450
318586
656513
344728
436863
222717
563662
749550
468536
124300
307973
162619
628714
481875
69873
86828
687223
638208
90561
622477
203276
735657
736613
154113
69873
510121
228257
218651
425611
398737
644338
112070
365219
751947
318586
58908
69873
156654
222225
383979
288098
398888
276270
321399
406988
143319
27223
580537
207545
222225
723391
218926
48514
292394
511919
187777
376944
518524
696515
152361
153799
336571
149260
531894
718294
393687
592603
124300
63581
328550
559192
675231
471111
630926
522589
204318
291349
545333
340592
387212
89252
307973
720079
436863
230774
164251
29972
447535
502713
130285
194015
685292
493799
703300
387212
364579
185376
302434
700186
620073
250860
615844
321190
336134
464404
139801
605384
425611
404024
102089
339572
398737
649871
553535
481875
298096
328048
246803
689715
520928
219189
484838
203276
452003
351661
387212
723391
500542
185376
94797
90561
59609
32403
318586
471111
255641
130285
310451
411843
404583
299796
673603
43465
211723
733647
671703
517816
197645
239078
83793
712813
262515
277887
59609
104537
288098
242170
351661
321190
74492
298096
587691
136497
682656
482615
496986
414999
304671
582174
650648
216107
71221
214913
510121
475744
294784
162619
376944
194015
311240
639989
571259
484838
211723
471111
355225
379358
27223
175395
391072
165735
667732
351963
355225
190021
528841
375697
62689
180347
541923
398737
497606
660143
735319
199909
187777
187777
187777
185376
660143
518524
295102
452003
401867
679908
328048
405342
132975
321190
586434
715387
174700
750860
262515
748417
650648
246803
537707
710793
280862
392971
615844
234411
288098
125835
260877
214913
237950
469801
530170
153799
318221
83793
474560
109789
605384
220532
486065
218651
407129
29173
546555
15579
418735
410314
175395
141165
304671
571259
432133
242170
690980
431715
151235
2524
620073
78275
530170
522589
561916
597812
168259
411843
455831
252834
343762
168205
67450
456976
525925
43465
447535
119976
151709
696515
190021
700186
630926
334656
311853
384547
219189
638208
550348
740002
664456
705058
411843
522589
153136
321399
320649
546555
10850
195567
502713
76206
218926
585087
685292
258864
626748
660578
612263
316250
499689
181980
502713
395106
499429
670674
615844
284238
743653
343762
383004
207545
156654
398888
362986
124300
486065
660578
462986
135687
307973
83793
650648
736613
262515
728501
286785
690980
321190
273166
121173
392971
398737
219189
618954
202743
382080
260877
561916
309813
355225
416666
74492
62689
660578
273785
414999
318586
550348
156654
282916
211723
284238
738349
447240
246803
206610
109789
2524
147039
274062
489291
482615
447535
592603
460639
194946
208739
292394
328048
0
351963
531894
511919
139801
32403
628714
197645
486065
295102
715776
595734
453608
122009
667732
577149
522589
735319
592603
366112
448473
663578
499689
684198
670674
712569
637241
424235
462986
234411
544844
179370
300806
440520
103027
414999
361201
656513
474560
121173
255193
411843
62689
153799
656513
460482
456781
239078
407129
94797
199909
17743
43465
354624
310582
382080
377461
499689
24211
644338
86828
59609
389720
185376
700186
124300
452003
262515
286759
348139
456976
291349
720079
568515
656513
646328
460639
553535
431715
646328
405342
197663
497606
153799
255641
696515
597045
671703
295102
540225
425611
522589
441533
269767
368204
214913
387212
78275
41201
284238
715776
69025
457165
460482
660143
51127
460482
518524
441533
328048
620045
273785
425611
282018
27223
383979
168259
706292
339572
425611
455831
392971
334656
202743
368204
179370
626748
701479
361201
202392
345571
486065
595734
435128
209086
417032
16445
76206
561071
571645
76206
190021
470302
83793
441533
36508
179131
316250
168259
4450
125835
358064
679140
38133
753273
502713
620073
83793
204605
389720
168259
220532
696515
400846
291349
69873
151709
551565
595734
20842
355643
292394
130285
421038
571259
502713
224057
94149
576992
124300
574221
109789
224057
679140
53748
98721
561916
252484
76206
304671
304671
544844
274062
57354
391956
672321
67450
284238
119976
249894
471111
389720
712569
429420
328550
375697
328550
407129
244266
63581
435128
7119
74492
637241
168259
274062
644338
615844
7119
354861
69873
593890
499689
704086
418735
282916
540225
470302
664875
682656
574221
343762
316250
258864
214913
546555
701479
262515
650648
715776
161651
300806
687223
197645
230129
211723
260877
4450
358064
199909
195567
302434
646328
143319
365219
367213
727335
310451
567415
118004
94149
184236
83793
378773
499689
474560
146753
685292
497796
216107
378773
364579
626748
319068
304671
369322
642017
146753
270760
639989
5113
154113
74492
175470
211723
474560
107460
429420
62689
652633
652633
348139
130285
755301
679908
304671
660578
291349
149260
241760
194946
583786
427238
209728
510121
618197
474560
239078
242170
260877
468536
719406
550348
190021
94797
365219
187777
252834
295102
387212
351661
452003
249986
636525
4450
701479
460639
615844
143319
723391
150024
637241
586434
608337
264077
242170
20788
425611
130285
687910
51127
628714
399521
146753
361201
400846
632196
557896
719758
149260
460639
471111
339572
605384
499689
263276
20842
153799
51127
686383
432133
165735
522589
404024
114217
343762
689715
326655
402716
316250
431715
486065
576992
375697
489959
103027
670674
441533
282916
544844
63581
486065
214913
391956
510121
502713
269767
226845
59609
656513
531894
196665
143319
168849
325078
361201
361201
489291
190021
0
226509
336571
189233
548570
411843
252834
249986
396708
276270
115720
649871
175395
526694
255641
670674
69873
321190
739825
507337
302434
378893
739207
369889
637241
229387
545922
620045
185376
274062
36508
545333
230774
620073
384547
519374
500413
222225
262515
710301
535465
214913
727335
715776
165735
102089
168259
255193
214913
375697
288098
146753
464404
723391
402965
505548
130285
321190
343762
511919
62689
656513
739207
690980
194946
260877
493799
712569
244266
351125
165735
214406
425611
556204
130285
198969
605384
152361
715387
576310
687910
456976
361201
304671
282916
195567
187777
290719
157509
385203
597812
706292
649871
636525
347225
252834
76206
51127
260877
63581
432133
496986
288098
389720
310582
302434
375697
150024
166568
94797
481512
642442
246803
499689
436863
246803
291349
406988
57354
218651
723391
241760
24211
347319
242170
242170
382080
29972
471111
628714
578151
264646
246803
203276
187777
205390
586434
258864
424235
723391
632196
126368
69873
205390
149260
718294
252834
274806
331138
502713
663578
682656
320649
150024
121173
384547
280862
486065
315734
462986
92525
51928
339572
541923
29972
403797
663578
436863
239152
187777
706292
739207
130285
551565
300806
74492
310582
398737
439564
696515
696515
398737
307973
17743
185376
369889
339572
302434
667732
557896
696515
745106
637241
447240
107460
194015
417924
336571
413595
260877
439564
328550
559192
368204
216107
522589
76206
679908
267451
244451
369322
198418
246803
321190
652633
679908
391072
260877
387212
597812
149260
76206
107460
16445
107460
748417
679908
185376
736613
532488
165735
347319
663578
255193
174700
295102
625247
310582
597812
17743
237950
244266
119976
425611
383004
78275
124300
708149
124300
535465
260877
234411
146753
471111
690980
184236
383979
130285
684198
94149
460482
464404
179370
66612
353061
76206
345571
489291
76206
192572
185376
124300
464404
203276
524140
32403
361201
687910
246803
130285
302434
652633
32403
679908
277887
505548
173763
460639
530170
462986
387212
358064
723391
316912
379358
689715
264646
175395
414999
561916
392971
246803
540225
477056
328550
369466
685292
622223
302434
493799
63581
78275
639989
752716
315734
125835
544844
612263
725459
280862
152361
673439
73474
324325
307973
686383
469226
165735
460639
451457
302434
179131
252834
24211
277887
502744
43465
644213
94149
244266
36508
219189
646328
202743
620045
441533
452003
339572
535465
174700
689715
199909
332943
447535
55085
351661
533605
29173
216107
442893
204318
154113
735657
165735
21748
693846
613063
638829
119685
20842
632196
563846
295102
661653
491542
511919
287513
150024
334656
211723
411843
286785
389720
447240
522589
216107
90561
282916
436863
585505
672321
185376
375697
316250
165735
280032
29173
452003
29173
124300
99525
655297
601006
481875
524550
262515
650648
712813
165735
368204
364579
255193
39022
288098
286785
27223
595734
720079
493799
355225
387529
258864
217536
258864
288098
556204
339572
203276
69873
185376
741538
447240
119685
597812
179370
220532
592603
471111
609562
486065
71221
358064
712569
324325
194015
452003
407129
611452
502713
288098
249986
291349
612263
452894
71221
328550
565246
246803
213153
377461
163502
387212
585087
540225
557896
502713
540225
156654
700186
505548
597045
321190
585087
332607
383979
447240
375697
544844
29972
163878
637458
99793
528235
686091
271356
125999
627476
758230
606496
364435
641794
588010
543753
569561
639077
544108
734060
33226
735854
634612
558949
512017
580878
607230
585977
648266
87335
740168
611084
537859
745754
713829
580878
744910
622141
709004
639077
710582
681534
589906
423410
634612
616420
564478
555507
653608
653012
570916
606496
497890
722627
673631
599976
719480
745243
713829
66288
608926
754216
661468
9180
488954
656197
627476
565335
625958
650656
673631
706463
629354
684370
722627
691866
460302
561885
599976
697271
658505
121278
629354
449643
70888
642712
668193
684370
612787
616420
757616
67554
413606
449874
768887
705711
570916
22808
445687
697601
353116
590305
143788
392378
721549
326280
703777
533885
629354
601821
616420
556158
694357
707341
738398
482157
723041
694985
543753
452278
461175
28366
682216
335232
225673
742206
764544
747125
554535
758230
606496
585977
570916
255437
219234
742206
671202
648266
590305
752569
626681
673631
227599
449774
746672
614521
702962
188423
583267
626681
769156
626681
691584
537468
159091
528235
655405
701865
625003
690196
599976
718287
558949
553081
665908
768526
66288
677564
665908
198260
624139
691584
564478
583267
543753
612787
665908
547064
722627
70888
759724
392489
724621
629354
700992
694357
701865
684370
758230
536714
520498
565335
758230
267827
572819
731465
607230
617924
768887
607230
642712
564478
762530
547064
256819
275295
639077
259244
742206
634612
656401
483673
718287
606496
626681
723888
52827
684370
612787
43201
467415
353116
614521
446112
455377
89391
524045
731195
488219
713829
85948
716229
137048
629354
564478
572819
570916
642712
650656
575713
694357
622141
255442
289138
687362
487432
653012
729265
159091
543753
735854
686091
375264
579139
654936
543753
665908
665908
177809
730392
532941
528235
702962
642712
198260
622141
503316
678885
637458
730392
649810
249901
694357
629354
74838
512017
701607
625958
629354
537468
617924
676681
543753
622141
83467
689625
735854
710582
231936
400089
536744
381353
305814
745754
686091
665908
719480
645566
627659
247992
627041
547064
483673
689625
497890
391430
703777
62358
622141
583839
595931
85806
585796
375264
575713
769156
599976
704800
593431
579139
202156
413361
689625
762737
585977
570916
558949
585977
723888
39076
614521
399243
2330
453453
92879
471423
616420
641794
558949
710582
514062
678885
588010
537468
23662
639077
457246
665908
632073
671202
463123
417784
19270
691584
592710
668193
553567
247992
634612
21324
612787
491944
614521
594219
624139
661468
540157
730392
298493
624139
745754
289138
561885
355262
730392
736717
624080
57258
92814
433420
602829
547064
579139
672117
83467
745754
353791
752569
696709
722627
585977
722627
581845
145188
244718
573444
572819
729265
593431
583267
538657
690636
140007
677564
654936
745006
691584
739364
553081
723888
490692
672794
722627
6052
291285
652088
388006
660021
723041
417784
599976
624139
694357
440140
4930
722627
768526
759724
629354
154376
92879
612787
625836
710582
614521
718728
153403
441086
151168
679491
661468
617924
85806
697601
482390
681534
516803
645018
704859
435475
678885
703777
718128
558949
226753
645566
686091
697601
502806
612787
350056
768526
35410
595931
673631
723888
680792
543564
558949
565394
550768
630757
608926
564478
170563
630757
693229
726747
383274
630757
749980
758230
616420
742206
432914
414376
408629
550768
730392
435768
634612
719480
703777
567251
233598
540157
590305
681534
630757
513530
281295
747125
702962
723041
606496
179874
570916
634612
721549
98175
681534
550768
269419
438145
718287
449735
730170
558949
247992
673631
579139
303125
95614
334191
324120
595931
424526
172562
445760
627659
620808
182979
118451
246527
654094
219234
435233
654936
645018
299439
642712
449774
593431
558090
279214
543564
639077
616420
593431
614521
649810
626681
86769
626681
723041
653012
660021
719480
434181
639077
232708
639077
730392
626581
681534
198260
601821
614521
753063
286686
579139
335977
17152
524815
143788
641084
744910
701865
678885
244718
689625
624139
697601
686091
597709
616420
614521
730392
627659
721549
743012
653012
585796
624139
565335
697601
690960
435714
413361
730392
747125
706463
474247
589906
686091
87923
191324
689625
300827
608228
585977
666189
435062
561885
145188
650656
388891
185539
762530
686091
642712
570916
200343
467387
769156
654936
691866
296820
751839
56675
641574
691866
501961
607230
478298
523083
651216
665908
580878
12872
649392
421906
490864
527175
632073
589906
730392
449643
630757
629354
634612
742206
115501
729265
348580
697601
665908
751839
749980
136168
2330
530410
595931
96931
589906
378342
624080
375264
488954
697601
595931
405552
634612
686091
634612
622141
723041
543753
227599
558949
435062
639077
691866
595931
585977
713829
645018
614521
694357
575713
489942
567251
575713
556158
730392
96931
654936
531109
108915
575713
730392
254632
612787
665908
152067
745243
665908
593431
153403
87335
730392
424104
719480
639077
707341
68444
730391
630757
311393
758230
759724
713829
608228
622141
640241
653608
202717
716229
745243
673631
639077
424179
264158
641794
305814
730391
340402
585796
570916
687362
653012
639077
634612
634612
720508
558949
653608
590305
606496
209321
668193
165780
723888
182979
449643
503928
349722
70387
744910
503619
681534
503316
693229
673631
753453
449643
754216
561885
759724
666189
696709
637458
702962
735854
686091
585977
721549
626681
579139
616420
630757
639077
606496
686091
762737
686091
105769
98175
223720
653608
719480
104341
449735
742206
58374
768588
762737
762737
634612
585977
35410
368811
617924
255442
617465
515114
264158
729265
580878
617924
627659
634612
713829
579139
558949
105769
606496
238083
503928
620808
729265
588010
671202
689625
624139
537859
626681
628326
554535
175167
653608
353116
189170
639077
681534
722441
681534
239859
686091
533884
710582
606496
257381
686091
671202
749980
660021
713829
673631
418735
736717
616420
585977
74838
607230
159091
108915
634612
590305
671202
537468
504701
723888
701865
175167
264878
697601
105769
458680
319734
140504
491944
608926
504701
447781
630757
634612
717121
625836
607230
662975
579139
528235
550768
543753
501961
197439
334191
653012
65301
612787
608926
765780
581761
331567
530410
738398
769156
668193
654936
383274
713829
547064
463123
697601
702026
558949
89878
512017
403843
689625
446112
292781
617924
702962
390179
653012
689625
291285
634612
691584
694357
625958
735854
622141
588010
121278
725620
441960
595931
579139
769156
629354
689625
701607
108915
517670
633071
579139
630757
626681
218590
747125
446112
684370
318621
512643
705711
443328
686091
512017
641579
76636
677564
622141
742206
611084
762530
702962
449643
650656
637458
177325
543753
410369
46514
583267
48443
582289
730392
706463
706463
565335
758230
742206
601821
278449
195675
634612
15806
668193
702962
723888
403019
311393
594219
197439
689625
668193
572819
624139
368811
681534
543753
684370
303726
654936
730392
465438
88230
579139
723041
69611
622141
504583
595931
634612
551964
556160
212370
70888
465438
704800
435034
391306
131213
163878
233598
680792
131577
445687
661468
589906
452278
583267
411214
634612
449774
723041
70888
599976
599976
208846
710582
716229
619868
665908
61706
691866
750337
119158
413361
583267
665908
570916
742151
470369
278754
630757
645566
87335
637458
413361
730392
583267
390579
634612
170559
697601
686091
690636
626681
625958
747125
706463
689625
626681
678885
665908
247992
504168
543753
187876
553567
743012
620808
697601
588010
450790
678504
585977
735854
706463
612787
681534
200343
218732
617924
570916
149831
179874
703777
691866
691584
364550
316066
98175
465438
565335
721549
769156
583267
680053
295755
673631
8185
599976
14684
742206
686091
35410
424179
639077
579139
424526
518940
572819
466508
182979
588010
299588
424526
204080
594219
558949
694985
558949
665908
593431
438261
567251
597709
595931
709004
744910
565335
743616
673631
404605
691584
647827
411214
742206
665908
599976
446985
626681
599976
691866
622141
738398
666189
741483
718287
643656
637458
81074
429854
433420
645018
639077
747125
654936
167421
565335
763272
691866
706463
752569
567251
716855
465438
634612
637458
368937
642712
627041
746987
275974
565335
331398
87335
762737
503619
616420
466508
221928
738398
590305
572819
713829
458851
547064
629354
394382
187876
362668
702962
477667
752569
350056
131213
590305
645018
541766
629354
583267
723041
576998
113459
543753
747125
568623
702962
718287
607230
323559
722627
507695
547064
619072
650656
700992
691866
48892
616420
617924
686091
335232
265644
653012
601821
593431
718287
606496
311393
202156
202156
590305
348580
555507
619072
3787
582289
610568
534730
601821
634612
388891
634612
718287
718287
217358
317554
689625
492530
629025
301899
585977
634612
277629
665908
537468
634612
269419
654936
606496
346128
629354
604373
637458
595931
202156
704623
616420
593431
410369
547064
686091
730392
392489
626681
63304
686091
575713
624139
713829
255437
561885
113459
747125
490864
689625
625003
654936
606496
617924
721549
449874
661468
579139
715283
601821
612787
703535
341994
508686
716229
639077
493428
179874
468773
601821
689625
137931
668193
718287
547064
724621
209321
573444
585977
742206
121278
526220
506559
627659
134467
653012
625836
661468
202156
624139
616420
176768
585977
724621
624139
544992
607230
736717
642712
713829
671202
276930
85806
81074
355262
665908
599976
673631
53684
340402
189170
729265
558949
561885
323559
74838
676090
729265
456406
710582
665908
178856
601821
689625
583267
449643
617924
129490
653012
537468
701865
681534
533884
392378
697601
39076
634612
649392
625958
639077
626681
641794
677564
634612
719480
689625
742151
719480
612787
530410
626681
710582
681534
583267
624139
62358
577906
686091
654936
305814
742206
433420
624139
665908
726747
697601
568623
187876
204597
547064
108915
747125
271786
741939
736717
583267
669101
476895
595931
601821
131213
697601
756030
553081
239859
362668
541766
131213
547064
758230
356698
444527
104191
653012
634612
364830
616855
696852
583267
565394
653012
629354
556158
642752
286686
704623
458851
479085
653012
611084
339813
723117
431386
686091
625958
391306
137048
681534
558949
341386
573444
694357
718728
490864
624139
44640
88494
630757
653608
639077
452841
696709
28366
593296
606496
570427
154376
607230
375928
110202
313082
564478
627041
579139
595931
614521
575713
377861
713829
697271
289138
653012
637458
675452
343490
729265
629354
735854
709004
730392
747125
707341
653012
634612
593431
247480
543106
548689
472790
604373
769156
754216
691866
614521
686091
677564
689625
98175
743012
642712
762530
468773
713829
735854
710582
665908
607421
637458
633974
312641
721549
684370
585796
204597
741483
522149
699185
617924
394382
595931
603641
172562
311393
637803
547062
599976
760328
660717
570916
723888
665908
689625
366624
137048
172562
673631
742206
661468
743012
558949
680053
50168
561885
589906
595931
405557
647827
678885
639331
768526
691584
742206
593431
665908
558949
199356
745754
656401
759724
624139
427171
367826
614521
609885
224243
536744
691866
333452
370123
593431
710582
95614
100985
626681
661468
742206
764544
691866
665908
721549
750033
721549
429753
754216
617924
691584
43201
607230
627659
364435
439247
654936
650656
668193
697601
575713
619072
752569
738398
736996
420354
573444
703777
639077
558949
595931
530102
548927
375264
117364
681534
570916
231927
465438
747125
45474
606496
650656
725620
407558
722627
543753
697601
496077
704623
22437
543753
635992
190170
707341
637458
653608
218590
321323
612787
411214
595931
705711
750337
627659
395709
713829
3067
629354
342981
719480
53684
702962
179874
234054
704623
746672
719480
696709
684370
22808
335232
585796
703777
637458
686091
556158
681534
664113
17692
421529
719480
742206
686091
665908
349483
558949
729265
748972
195320
348580
449643
568623
542028
630757
286500
481185
373951
654936
626681
719480
740168
601821
568623
742206
653012
163878
318621
722627
83467
614521
677564
150639
718287
539048
568623
606496
702026
734060
678504
389087
585977
448625
686091
719480
491944
289138
762737
463123
665908
607230
629354
529423
585977
743012
558949
653608
547064
561885
686091
372081
471309
370123
81861
720228
312264
653012
311393
719480
678885
691866
232551
154376
638032
550768
378942
617924
673631
744910
585977
665908
493428
433420
39076
742206
753490
215569
547064
730392
583267
595931
701865
493428
279214
601821
279214
686091
548927
639077
503316
190170
689625
626681
588010
392489
627659
725620
565335
286686
681534
255437
381353
702962
762530
324445
179874
724621
665908
668193
729265
379798
668193
579139
271786
583267
502806
697601
624139
642712
572819
626681
548689
335977
115501
625958
543753
172562
575713
221627
725620
691866
19270
669101
619868
747993
203188
455377
556158
661468
665908
296820
677564
599976
452278
42815
749980
544
747125
375928
625836
634612
686091
730392
754216
702962
734060
750337
629354
650656
390400
356249
742206
665908
748972
404605
691866
736717
383782
681744
697271
654936
187876
595128
375928
647827
355262
691584
140275
179874
642712
425456
722627
234054
224130
322210
624139
654936
554535
566288
543753
563516
588010
362668
572819
607230
568623
762530
589906
108915
614521
568623
202156
247992
612787
634612
323559
630757
639077
596631
686091
607421
697601
572819
703777
689625
216763
666189
697601
584763
691584
645018
583267
599976
455377
606496
679860
654936
673631
204596
580178
699185
74838
543753
654936
614521
710582
162499
64094
418728
397659
357873
738398
627041
709004
422662
8949
594219
599976
654936
744910
586270
368937
575713
348580
573444
624139
565335
385335
271786
543753
607230
654936
715283
716229
606496
752569
744910
758230
742206
96931
747125
172562
335232
762530
768526
218732
645018
550768
694357
579139
653012
745754
547064
561885
533487
653608
688904
622141
209143
355503
716229
622141
609885
702962
571822
699185
723041
556158
590305
381353
632073
721549
665908
479085
52905
70806
8748
143322
177106
163320
199585
163320
12223
46971
3084
100381
170922
182063
525081
187362
70806
42852
100972
246364
514067
133625
177512
165314
26007
0
169576
8550
86286
3872
163320
184650
145955
86286
469101
11670
36447
143914
175822
120054
61635
568026
0
199585
151454
3084
170922
58420
92636
90431
112582
133312
154603
32472
199585
84972
141176
84972
282474
316744
19641
135615
423208
82343
143322
113595
297680
90431
51053
329640
157824
136218
39953
501404
682269
507534
36447
485325
196264
34622
43820
187362
610450
187362
149272
18928
8550
537806
61635
175822
118816
92636
149272
188926
61635
43820
84972
43820
167763
112582
19641
90431
141176
130778
118816
28618
7778
135615
36447
169576
135615
381337
199585
76405
118816
304574
155634
364286
90431
154603
100972
8748
177106
95599
143914
135615
133625
240898
11670
93868
514067
3084
61635
118816
170922
42852
172294
118816
157824
285995
169576
205310
130470
149272
61635
175822
458879
98337
90431
143914
227708
216755
278738
48324
182902
82343
11670
177512
255814
522539
154603
251227
507534
141637
172294
46971
141176
157824
77878
299850
90431
8550
128555
18928
103664
8550
92636
61694
188926
165314
113595
514067
458691
103664
159781
38934
143322
42852
77878
118816
84972
112582
48324
724728
92636
32472
112582
7778
77878
188926
52905
165314
90431
36447
165314
165314
94513
143322
51053
100972
36826
122793
67400
149272
151454
92636
112848
110075
58420
199585
652127
184650
36447
76405
143914
187362
161262
184389
18928
177106
112582
96107
18928
498806
184650
381436
36447
132277
76405
184389
151454
39953
202125
188926
130778
172294
141176
77878
159781
95599
7778
313063
112582
58420
103664
40200
58420
75712
7778
112582
135615
48324
387999
589223
262954
82343
7778
357928
108539
130778
184389
631493
36826
84972
42852
177106
135615
105301
110075
149133
43820
90431
108539
188926
53345
525081
182902
94774
108539
90116
157824
161262
135615
177512
32472
18928
340253
135615
43820
149272
46971
122793
84972
163320
22576
589223
103664
240028
58420
36447
143914
174105
165314
122793
82343
130470
108539
43820
567752
90431
596069
90431
53811
92636
114603
141637
48324
18928
378489
136218
32472
18928
149133
682798
157824
463663
254165
376474
408729
76405
199055
90431
193505
105423
165314
177106
73918
92636
199585
141637
48324
167763
82343
76405
84972
177106
9599
112582
558716
100972
725533
32472
48324
86286
149272
108539
161262
159781
103664
52905
328242
36447
716903
113595
118816
11670
356616
228872
52905
710654
193190
19641
563592
22576
357688
34622
361110
46971
11670
151454
497159
596069
61635
90116
20033
58420
8550
105301
92636
184389
92636
122793
309129
70806
141637
187362
48324
243445
130778
490321
61635
3084
455669
184389
82343
67400
199055
18928
151454
18928
169576
143322
187362
8748
498806
141176
84972
199585
51053
188926
199055
61635
598993
216755
73918
88142
658737
152348
199055
157824
157824
60757
124774
122793
151454
149133
112582
285995
90431
573527
165915
105423
598192
77878
43820
408078
133312
61635
529263
170922
32472
48324
61694
51053
108539
658737
12817
48324
154603
61635
118816
493194
157824
316440
71420
58420
647572
193505
273766
32472
278738
690658
108539
637116
61635
149133
11670
598192
122793
658737
86286
36447
163320
73918
130470
143322
128555
371842
36447
26007
36447
149133
149272
151454
149133
70806
518439
151454
3084
8748
146572
190045
48324
0
36447
187362
88142
32472
90431
184389
580470
135615
73918
161262
165915
149133
22319
220907
120875
255734
120054
48324
135615
22319
493194
579040
128375
94774
143322
86286
8748
60757
177106
188926
163320
70806
159781
159781
522539
108539
135615
241605
67400
84972
75712
159781
567860
8748
70806
184389
267248
143322
105423
190045
118816
536819
77878
86286
52905
190045
39561
161262
204663
61694
143322
110075
161262
48324
58420
336470
328242
163320
184389
493194
196264
92636
456361
130778
86286
205310
630043
550249
141176
130470
58420
8550
500922
387999
90116
154603
7778
51053
143914
175822
32472
96107
36447
73918
36447
193190
605780
82343
26007
567860
82343
191971
305987
36447
199585
34622
95599
32472
667743
36826
12817
110075
3084
76405
84972
151454
599652
82343
90431
86286
177106
478249
42852
141637
141176
70806
61694
157824
187362
46971
94774
32472
187362
48324
149133
82343
58420
120054
96107
105301
154603
220907
8550
90431
26007
246364
175822
253001
120054
193505
199055
100972
36447
154603
51053
109660
75712
273766
86286
450435
328242
92636
12817
112582
149272
110075
174105
48324
445516
11670
154603
410826
199585
26007
407330
159781
187362
88142
46971
90431
73918
90431
51053
118816
154603
130778
441559
118816
61635
188926
141637
458691
169576
458691
88142
86286
105423
75712
36447
105301
340179
159781
84972
36826
93868
159781
529812
141176
51053
61694
177512
36826
172294
100972
43820
86286
90116
184389
32472
170922
0
96107
48324
48324
454050
42852
43820
135615
105301
165314
84972
170922
141176
333103
6582
46971
84972
1243
110075
34622
208033
90116
143322
48324
86286
159781
130778
110075
108539
422114
338416
184650
122793
46971
82343
175822
417275
76405
136218
82343
58420
187362
70806
177106
90116
95599
70806
66825
94774
157824
154603
331821
187362
5814
86286
70806
46971
73918
208033
82343
361007
90431
60757
112848
165314
48324
16098
86286
28618
175822
77878
199585
559077
82343
149272
141637
46971
90431
193190
11670
193190
154603
159781
12817
48324
532067
67400
167763
143322
727124
70806
61694
285995
103664
573527
165314
177512
90116
76405
36447
254165
90431
188926
175822
26007
220907
133625
77878
112582
190045
188926
688812
110075
51053
100381
46971
202125
12817
165915
205310
177106
638707
77878
331821
420770
220907
678623
190045
48324
369016
187362
471675
514067
120875
224642
143322
36447
444639
86286
48324
8748
188926
117446
188926
182902
77878
36447
84972
100972
141176
103664
118816
216755
83199
157824
149272
184389
152625
690658
159781
572577
188926
629592
48324
73918
251227
112582
141637
8550
199585
346695
157824
81466
100381
86286
27307
143322
48324
370821
702579
141637
149133
8748
58420
187362
20033
161262
141637
94774
3084
120054
8550
106130
39953
76405
268056
0
20033
133312
603558
177106
112582
627403
18928
184389
61635
135615
408078
8550
190045
141637
88142
220907
133625
149272
177512
193505
154603
199585
67400
32472
18928
39953
165915
36447
532067
120875
7778
141637
34622
101906
11670
82343
220907
20033
36447
0
12817
519763
96107
393317
293412
196264
187362
42852
154603
1243
170922
193505
187362
90431
184389
133625
157824
384494
84972
520000
90431
90431
51053
151454
100972
611833
386605
42852
174105
118816
172294
118364
8748
187362
67400
112582
32472
130778
84972
38934
143322
67400
77878
105301
75712
605780
96107
202125
90116
149133
67400
154603
122793
14403
157824
96107
2334
172294
188926
163320
133625
32472
157824
61635
112582
81466
77878
36447
46971
367533
149133
199055
86286
70806
73918
177106
157824
60757
1243
43820
590017
135615
439194
165314
141176
184650
154603
454667
58420
93868
710654
8748
112582
122793
11670
165314
52905
43820
70806
199585
611833
38934
113595
149272
46971
491112
416302
624117
118816
38934
112582
112582
193505
525081
581940
193505
100972
90431
100381
141637
130778
8048
180957
26007
422114
58420
141637
122793
336470
60757
187362
170922
515443
77878
61694
154603
70806
51053
169576
154603
497159
374295
100972
84972
3084
187362
149133
78726
32472
112582
135615
133312
177106
123422
131727
53345
42852
190045
112582
199585
599652
48324
141176
53345
36826
511545
338876
157824
4084
161262
187362
32472
177106
112582
80632
364286
626812
688812
135615
184650
32472
70806
170922
78726
135615
95599
88142
149133
8550
172294
187362
170922
39953
304807
228872
190581
149133
174105
187362
151454
58420
178897
231003
32472
149272
177512
175822
112582
152348
297680
12223
105423
262398
331821
180957
159781
135615
58420
193190
26007
184650
8550
90431
149133
12817
112848
46971
177512
141176
182063
522539
122793
184650
100972
120054
188926
170922
43820
169576
130470
157824
112848
167763
7778
143322
84972
182063
110075
3084
187362
199585
38934
158988
689137
196264
184389
159781
73918
157824
65369
184650
416302
339172
6221
568026
82343
521361
48324
42852
113595
7778
130778
81466
614719
193505
52905
82343
190045
84972
143322
26007
84972
128555
76405
70806
76405
331294
149133
32472
532067
48324
184389
58420
48324
32472
90431
322637
199585
172294
149133
141176
33953
90431
224642
0
159781
2334
60757
208033
187362
473858
46971
135615
199585
393317
32472
61635
152625
199055
11670
184650
184389
58420
169576
135615
46971
130470
88609
46971
5814
184389
161262
284432
408078
58420
84972
95599
154603
361110
27414
112582
307896
193505
95599
58420
118816
51053
571343
397286
46971
490321
100972
70806
456361
120054
113595
103664
32472
450435
122793
133312
108539
662004
42852
128555
180957
90431
52905
674550
596069
8550
118816
143322
177106
149272
64160
154603
92636
78726
18928
571343
231003
516917
187362
8748
182902
34622
159781
157824
551453
12817
151454
118816
135615
193190
313240
340179
190045
48324
619872
149133
274889
84972
4084
190045
112582
46971
26007
90431
135615
48324
36447
154603
51053
73918
312335
53345
32123
3084
149133
118816
36447
177512
36826
254165
77878
86286
272645
26007
151454
32472
177512
149133
110075
82343
32123
141176
177512
458879
110075
705490
46971
36447
53811
90116
95599
422114
18928
135615
316038
96107
122793
240898
8550
42852
568026
36447
190045
8550
536105
133312
112582
42852
128555
692595
110075
53811
177106
396632
43820
154603
179196
90116
73918
143322
36826
27414
1243
64160
141637
157824
12223
193505
501404
141637
32472
34622
135615
152348
77878
46971
157824
135615
190045
151131
3084
177106
104423
75712
710082
32472
165314
70806
32123
46971
43820
688812
92636
251227
123422
3084
43820
43820
61635
61635
43820
34739
3084
141637
72129
628216
109079
61635
43820
130778
710082
135615
473858
108539
160332
170922
105301
90116
48324
73918
103664
135615
88142
132277
1243
177512
157824
70806
96107
193190
177106
12817
177106
48324
36447
36447
3084
141176
154603
48324
716903
379488
48324
1243
90431
356616
100972
18928
157824
165314
100972
38934
187362
82343
90431
112582
112582
143322
58420
58420
48324
151454
652127
58420
441559
108539
28618
77878
458879
161262
3084
114321
34622
641337
12817
32472
161262
51053
408729
494908
554450
132277
65369
143322
135615
551453
267248
96107
67400
157824
88142
187362
682798
149133
8550
82343
678623
184389
384494
157824
53345
606652
70806
8748
133312
158988
90431
716903
92636
340253
11670
48324
51053
88142
11670
76405
416302
149272
43820
149133
22319
114321
235818
8748
82343
18928
53345
187362
53811
76405
32472
8550
136218
177106
51053
177512
143322
182063
154603
149272
29207
51053
199585
133312
445516
157824
67400
124774
511545
96107
48324
285995
48324
141176
143322
122793
184650
48324
100381
110075
416302
188926
8748
199585
278738
157824
100381
128555
46971
39953
157824
494908
100381
662494
190045
316744
32472
48324
398473
376474
149272
157824
58420
177106
675400
82343
581940
572577
439194
51053
702556
122793
143322
48324
193505
312171
86286
614719
95599
77878
32472
450435
61694
18928
143322
118816
38934
157824
159781
182902
187362
143322
113595
177106
135615
118816
154603
271010
12817
73918
417442
177512
574725
36447
112582
133312
417275
122793
163320
187362
43820
190045
679303
367533
143322
76405
386605
157824
8748
120875
416302
112582
199585
716903
143322
36447
34622
113595
672528
272550
611833
354602
632780
141690
143322
170922
151454
0
187362
46971
143914
596069
77878
43820
710082
367533
463663
100972
18928
316440
122793
77878
182902
199055
143322
90116
26007
135615
84972
46971
149133
470974
96107
110075
177106
160332
177106
182902
3084
157824
120054
36447
603558
490321
61635
157824
143322
26007
112582
143322
60757
658737
193190
82343
130778
81806
90431
90116
564859
159781
190045
165314
3084
135615
100381
8550
193505
184650
3084
187362
92636
80372
113725
118816
154603
93868
73918
48324
438894
520114
136218
28618
90431
31223
70806
143914
367533
18928
141176
77878
43820
77878
143322
34622
101906
149272
32472
43820
8550
36447
151454
58420
584568
120054
90431
122793
705490
188926
32472
11670
371842
529263
199585
530853
43820
38934
100972
193190
662473
48324
149272
154603
51053
262773
520000
112582
3084
154603
8550
26007
77878
76405
175822
100972
378489
172294
70806
324129
571343
27414
163320
100972
88142
48324
61694
73918
118816
240898
3084
46971
143322
60757
82343
75712
70806
12817
497810
118816
172294
82343
90431
48324
32472
149133
270828
105301
273766
10021
70806
112848
151454
110075
159781
122793
81466
143322
51053
112582
190045
172294
70806
112582
135615
542912
51053
159781
36826
177106
157824
167763
143322
0
79726
22576
51053
100381
316744
333103
177106
154603
112582
268056
0
387999
135615
393317
36447
22576
11670
73918
103664
100381
18928
39953
114603
58420
120054
296608
112582
190045
0
177512
177106
141176
120054
110075
223434
193505
36447
624117
669137
149133
100381
48324
112848
672528
232490
190045
46971
141176
73918
141176
12817
73918
48324
11670
70806
48324
128555
190045
70806
470974
90431
61694
32123
182902
95599
43820
108539
130778
529900
70806
48324
112582
