159954
339343
458570
458570
203878
580405
621372
93231
58933
175182
110766
662839
79318
248759
391633
98798
29686
79318
430391
119721
490097
329847
642364
1382
203878
462322
704124
276766
453424
556535
557525
557525
672166
454002
747531
342380
616501
438728
250858
632594
222786
545457
240393
347834
54452
33642
218408
625056
615985
398654
85310
557517
512427
206314
359697
198142
742955
202889
159954
374141
173759
370350
82844
117252
1564
393755
720193
363213
54452
706555
82844
591652
66085
310101
706555
570572
603020
635872
626993
364864
29686
753679
379625
226168
393251
183538
299585
312118
398654
583039
138153
476334
254801
138153
575649
714053
546502
502148
245276
55467
759655
216707
521248
156868
230485
135726
379920
691504
623357
307379
447353
173759
165429
670658
319701
490097
596176
113864
153730
98798
147113
485615
523610
116084
324872
450766
518226
648668
286761
535975
266233
715596
737320
184339
539210
110766
724477
424131
668257
456473
670658
418569
443871
189240
648668
492890
725875
42403
523610
250858
588822
345394
1593
656358
379625
259103
574969
9342
648668
672166
173513
229642
110766
613203
14377
733682
119779
244627
263711
116084
387312
509609
397750
724477
591652
424131
678522
339343
565754
318470
63622
462322
93231
132461
430391
416171
322687
697054
199167
714053
616296
554361
371266
674400
40237
599373
339343
479434
281166
528115
581461
342380
393251
297514
465927
671343
739972
579158
418569
653678
691147
94000
317553
615985
357782
552617
605638
548116
435690
19737
719491
383716
170215
584952
332504
23441
615985
584952
354555
515680
199167
649063
672322
271406
452460
267962
89607
379786
539210
98798
156980
67569
313779
483117
254801
413777
190417
605659
109329
443871
226168
63622
281166
142057
613203
730363
257415
546502
232582
291759
354555
749877
128175
98798
63622
398654
364864
277480
259103
709342
299585
642364
200524
302782
291759
14377
570572
542272
24637
479041
202888
70532
395459
458570
599373
759655
675723
424131
434589
714053
591652
119779
701568
535975
623357
55467
525116
503691
420587
281166
657529
118640
4096
687018
648668
135726
371266
732396
496625
509609
626993
299585
620006
759655
594613
657529
732860
350401
529019
552617
84424
110766
124756
152344
440251
675723
479434
26526
584952
588822
54452
330721
30197
653678
433232
119721
530542
88055
521248
343599
594613
379920
173513
14377
458570
486397
58933
704124
324872
347834
496625
142057
50896
93231
187528
442408
23359
693873
230485
232582
216707
472903
450766
617388
257415
374141
197180
430391
349898
40237
596176
391633
380842
478829
94833
349898
738126
364864
26526
276048
16154
23359
749877
261935
653678
402543
98798
187528
693873
512392
515045
503858
128175
138153
537635
735841
197180
605659
244627
363213
608311
162027
184339
192512
184339
498672
339343
183538
629967
720679
119779
700320
584952
224249
281166
310101
15195
704124
120645
199167
445497
742955
418569
591652
465927
232582
170215
226168
301359
248759
175182
500829
398654
450766
164329
413777
181894
383716
538048
20714
55467
490097
319898
588822
254801
54452
140469
304462
124756
324872
4096
88055
138153
390155
569053
1593
426606
226100
329847
375302
584659
248759
187528
3417
675723
255950
383881
352742
715596
302782
625056
608311
716719
635872
468561
44309
375302
233567
737320
349898
281166
329847
446975
59799
178694
635872
147481
402543
317873
182151
509609
620006
430391
202889
456926
30197
126572
454002
503858
329847
424131
465927
229298
735841
239217
380842
670658
492890
184339
584659
453424
418569
552617
725875
257415
406677
168327
345394
165429
635872
201255
211280
173513
430391
157527
500829
671884
672322
138153
412504
30567
436447
85428
697054
58933
359697
412504
662839
211280
164329
754155
9342
330721
390155
691147
714053
182151
387312
397750
253036
186545
537635
135726
17208
745804
226168
608311
431332
511156
142057
94000
558840
375302
27827
59799
276048
523610
346261
409959
519185
658524
643852
178694
479434
625056
658524
447353
550641
270511
462569
124756
301359
135726
679308
19226
447353
404200
613203
236125
276766
293644
230485
217662
82254
232582
22407
134419
398654
33642
456817
235180
434550
760661
319701
467933
657529
291759
13586
142057
452460
557517
466589
315009
276048
169322
518226
620460
648668
222786
503858
200524
284762
484929
711201
329847
14377
552617
608311
635116
648668
286374
512427
18790
584659
293644
197180
483537
342380
749877
569053
70532
342380
171248
581461
244627
248759
98798
629967
305301
226100
745804
666792
419547
364864
712152
19737
664978
443871
182151
256096
621520
0
691147
643253
19737
701177
512392
602840
224249
71766
575649
437186
199167
366535
196626
206314
164329
324214
570572
596176
179651
45256
85428
620006
315381
310101
506222
357782
319433
643852
390155
615985
484929
26526
339343
83940
558840
119721
434789
12983
310101
40237
82254
197180
150228
617388
200524
253036
686245
704124
294420
6995
238699
518226
663365
238699
324872
546502
318470
424131
35619
352742
1382
412504
620460
372538
342243
657529
662839
454002
484929
711201
705563
364864
206314
310101
417025
209118
605638
395459
654456
446185
175182
372824
40237
230485
171248
430391
202888
370350
479434
341048
310101
383881
149155
625056
409959
70532
634160
24772
725875
625056
234233
150228
662839
88055
55467
119779
106901
542272
492890
561726
362353
9342
116084
506586
55467
329847
303640
582816
535975
546502
131801
643852
85428
307379
400932
596176
674177
565754
350401
533331
199167
732860
110766
216707
615985
375302
307379
446975
206314
402010
332504
705530
485615
334397
709342
503691
474458
441217
82254
715596
462569
523610
23903
98798
0
545457
158841
426606
503858
310101
363213
345394
12983
293644
695461
737320
293644
192512
55467
661220
162841
515680
639639
319433
605659
446185
424131
63622
245276
577189
613203
324872
355136
735841
266233
454002
459479
0
113481
580405
281166
623357
211609
286761
680294
672241
502148
420587
617388
162027
42403
22407
424131
558840
442408
236125
206314
110766
413777
396418
715596
136685
266233
293644
261935
229642
720947
730363
50896
485615
229642
301359
192512
512392
165429
159954
623357
305301
552617
406185
113864
33642
565754
547133
503691
591652
709342
22407
498672
635872
671884
413777
538074
142057
615985
405086
406677
272385
143713
675723
485615
443871
420587
113481
739972
284762
596176
671915
582816
445497
30668
24772
113481
58933
553428
542300
565754
502770
162027
529019
675723
83940
97268
129445
342380
263171
319433
454002
342243
375302
458172
551728
235180
156868
93231
230485
697054
364864
492890
310101
222248
574969
720947
54452
55467
245276
245276
456817
130762
79318
462740
63622
117252
293644
534405
211609
544146
307379
672422
530542
711201
66759
354555
254801
386698
340828
450766
324872
565754
374141
329847
245276
363213
276048
441217
730363
19737
108583
202889
294420
140469
286374
639639
565754
189007
254801
248759
733682
233567
6715
250858
293644
77782
584952
586779
572494
152344
297514
284762
152995
272385
96265
47758
266233
250858
181894
402543
40237
338640
690936
544146
263711
83940
632594
355136
152344
675723
632594
296106
263711
518226
661686
580405
424131
742461
282236
103631
395459
88055
23903
581461
523331
224249
79318
591652
165429
77101
605638
257415
124756
4810
615128
93231
40237
324872
336788
16154
363213
236125
377739
757224
548116
393251
730363
363310
102345
754155
754703
625056
256096
349898
103631
70532
745804
527751
244627
309515
117252
552617
25375
324872
521248
393251
729425
73193
516463
35619
88920
666535
220154
500829
159954
3417
756315
615985
102345
402543
349898
173513
102345
364864
512427
404200
623357
621520
100353
434550
16154
626993
510111
85428
310101
483537
50896
335066
347834
420587
84424
44309
301913
709342
363213
43440
232582
574969
474458
307379
159954
62537
599373
687018
218408
490097
434550
182151
605659
1564
224249
447353
340828
363213
286761
155447
545457
4810
712073
284762
79318
476332
345394
546502
88055
492890
496625
342243
549655
40237
599373
347834
134140
318470
615561
302782
546502
474458
82254
406185
751075
206314
94000
518226
476334
557525
276048
615985
434550
435690
404200
584952
346261
386698
474458
626993
426606
310101
113481
345394
545457
635872
55004
88055
635872
297514
8484
159954
481062
580405
14377
93231
453424
521248
577958
324872
565754
730363
577958
591652
41343
345394
379920
406185
20714
662839
420587
254801
707765
35619
532648
319898
88055
304462
248441
735841
100353
82254
301359
452460
14377
503691
146911
682932
683727
305301
206314
530542
1564
140469
638146
530157
359881
16154
249358
30197
757224
82254
152344
206314
184339
240393
304462
232582
199167
249816
409959
349898
301359
14377
352553
639639
648668
392629
299585
79318
617388
599373
725875
412504
695461
450766
749877
523610
299089
109329
14377
253036
700320
643852
386698
206314
635872
256096
342243
211280
102345
342380
276766
224249
116084
181894
371266
570572
183538
584952
169783
557525
19737
297514
498672
393755
420587
58070
245276
657529
299585
523610
670658
206314
542272
539210
737320
591652
749877
709342
417025
672322
620460
371266
276048
249358
203878
310101
256096
675723
84424
479434
702287
511156
218408
216707
83940
434789
430391
138153
206314
357782
670658
150228
150985
369089
113481
82421
615985
94833
184339
503691
530542
672166
516463
284762
56318
312118
113481
173513
430391
286761
169783
30197
409959
305301
319898
162027
584659
406677
230485
569053
454002
230485
197180
450766
509609
467933
355136
364864
190417
492890
672166
458570
176698
55467
379920
705563
33642
54452
531396
730363
143639
250858
669128
462322
529019
159954
545457
217662
187528
712073
113864
749877
29686
41062
230485
209118
495872
584952
420587
135726
586779
218408
506222
474003
294420
24637
639218
312118
482284
288990
615985
483537
446185
662839
577189
577189
594613
746928
307379
467933
310101
116084
187528
158841
319898
154318
261935
12983
554361
250858
199167
523610
335066
360811
535975
33642
41343
709342
369783
307379
206314
620006
187528
116084
236125
14377
119779
302782
410086
689766
393251
574969
230485
70532
596176
443871
200524
94000
12983
529019
462322
35619
289762
297514
24772
340044
371266
48500
113864
697054
5806
293948
442408
610225
70532
109329
301359
406677
462322
406677
680294
400932
236125
250858
678522
546295
236125
161116
316910
142057
181195
203288
55467
535106
539071
291759
559614
118640
379625
134140
297514
110766
310101
322687
730363
293644
359904
424131
745804
402543
233567
512392
199167
168327
693873
541397
447353
30197
371266
47758
503691
103631
312118
172652
173759
162027
428204
173513
45195
675723
184339
70532
462322
256096
23359
304041
232582
615852
522001
284762
523331
329847
586779
594142
483537
705563
492890
599373
107640
479434
184982
19737
59844
187528
307712
19737
124756
3417
159954
107640
523331
106901
715596
173513
548116
674177
32176
315381
539071
667601
711201
672166
512392
58933
507461
364864
33662
318470
711201
521248
282236
240393
178694
698336
617388
84424
370350
684895
643852
377142
59799
238699
161116
424131
418569
209118
648668
557517
178694
355136
214264
241299
383716
639218
297514
715596
347834
495356
539071
29686
390155
135726
106901
515680
398654
276048
406677
484929
88055
617388
608311
542272
161116
206314
232582
206314
687018
6715
626993
474458
662839
420587
187528
534405
134143
45195
142057
369783
371266
293639
732860
44309
372503
307797
715596
379625
338640
42403
559614
383716
335066
294420
240393
319898
695461
390155
438728
335066
216707
554361
454002
582683
288990
222786
730363
404200
734686
307379
730363
247737
145097
447353
345394
318470
712073
49061
348211
447353
140469
712152
291759
643852
200524
272385
732860
759655
603020
539071
66085
359697
474458
299585
302782
45195
229642
661220
715596
147267
629967
232582
23903
330721
197180
339343
355136
319433
113481
297514
261935
413777
661220
152344
35619
203878
642364
63622
430391
413777
70532
197180
339343
502148
530542
33642
441217
261935
150228
1382
203142
270511
228209
226168
222786
580405
110766
246444
484929
435690
701568
580405
206314
253036
8484
363213
462322
226168
136685
206314
16154
340828
584659
596176
319898
187528
529019
281166
605659
662839
739972
720947
443871
266233
281166
24637
512392
430391
610225
586779
198142
693873
272385
552617
58432
116084
79318
559614
41343
686245
135726
523610
315381
199167
430391
113481
134419
357782
235180
509609
569053
537635
116084
701568
162027
417025
152344
249358
588822
342243
310101
565754
706555
559614
697635
463549
124756
272385
334397
202889
347834
24772
699332
386698
474003
746928
257415
305301
93231
503691
66085
145097
538074
438728
14377
496625
324872
424131
539071
679308
555602
63622
574969
229642
159954
539210
294420
584056
290846
24772
704124
88055
507461
746928
379920
387312
23359
259103
142057
310101
673442
319701
500829
643852
97268
515045
200524
285378
342380
467933
22407
234233
359697
457866
82254
383881
623357
402543
406185
134143
496625
66085
696246
450766
244627
168327
226168
64688
340044
0
93231
730363
412504
538048
217662
113864
653678
82254
476334
569053
324077
152344
638146
9342
316910
1593
224249
141116
197180
106901
490097
309304
244627
711201
178694
675723
200524
377739
608311
206314
435690
30567
600531
555761
124756
531396
402543
169783
399596
653678
683375
109910
585885
93231
506222
528115
697054
602840
492890
532648
398654
248759
342243
527751
434550
751075
635872
377739
79318
184339
383716
380842
112338
178694
655425
82254
467933
557517
485615
484929
742955
458172
420587
405599
701177
301359
678522
226168
742955
734686
103631
512392
635872
570572
104524
559614
623357
467933
19737
13586
530542
82844
169322
404200
329847
12983
70532
29686
377739
54452
171666
133394
406677
93231
4096
512392
85428
580405
518226
176698
443871
463549
674177
40237
678522
213542
743619
94625
102373
477672
540497
262856
663811
650744
69639
424392
386071
378146
249989
207896
87165
112506
225473
456278
311899
494729
662860
307269
231380
644059
241479
79965
48963
137215
607568
121436
600428
605602
0
241479
737836
656740
639784
107458
149457
730701
10067
461900
734784
533760
137215
497059
509297
546819
139687
523463
305790
540110
39923
515552
254408
128994
558244
622148
741518
254408
321367
475914
233139
576122
378146
650636
638798
169039
233139
543997
265389
605602
458466
418534
718147
327055
269869
592532
203751
149915
669885
121436
551053
481674
441102
551053
718147
100554
145176
94625
94625
605602
161748
587973
29405
61943
415909
149915
431615
650636
74493
156097
502005
739053
290389
681409
552274
675262
373144
551053
689585
296015
574787
142284
13219
680126
453908
24721
217098
412871
620519
307269
141952
147851
432082
696114
608520
437462
84560
137215
592532
555131
607128
558244
564902
132059
224206
594145
712021
203751
215375
390914
119610
355931
388078
470479
429023
161748
89839
446616
592532
639784
552223
665100
457708
449805
228687
509297
609824
2191
685509
290389
539426
349122
156097
431276
730701
551053
36214
43625
97249
574787
445291
581368
327538
445291
230269
589567
561080
561080
233139
76484
616188
625186
620694
546139
741518
407824
651465
346646
81114
469950
87165
394527
481673
431615
280406
488009
287893
156829
54127
691819
734784
149915
161001
625815
457708
531617
539426
607568
135412
676361
466656
409490
600428
561885
384007
237102
390914
233139
722506
323829
403017
46089
152471
453908
630348
388078
385964
287893
613428
415909
24721
34233
16011
650410
297863
276808
630348
594145
531617
156097
161748
108186
195986
718147
323829
479209
409490
225473
696114
158088
663811
730701
296015
644059
473626
97249
632451
504336
612107
206515
681409
743619
147982
551053
391500
625815
384007
463245
722506
680126
707253
412871
609824
215375
29405
212226
153009
490507
359160
739547
338600
386071
190303
617608
353631
415909
552223
473626
603506
639269
224206
522598
404983
737836
515552
366249
552274
225473
510239
640911
345746
673337
592065
488009
174986
728165
605602
561080
604384
656740
605216
698975
112207
689585
594145
603506
518058
141952
620519
527796
61009
617827
464139
555131
612611
566816
518058
295768
591440
541747
336563
652401
689585
231380
219705
728165
305551
147851
137215
605602
597805
656740
715585
326087
336563
518058
510239
583969
539963
401964
689585
13219
364293
671327
557300
323829
739053
190303
275111
10439
572923
518058
368815
293447
22318
262856
561080
611096
589567
589567
514838
609824
731800
558244
570183
375631
683098
687501
259145
617608
518158
379782
662860
707935
71749
145176
287893
364293
523463
555131
543997
401964
549827
190303
445291
345746
452460
214406
605602
617608
207896
125909
558970
245203
377092
52819
231380
586851
697340
647911
109911
650744
586851
697340
680126
287893
125909
203751
623264
214406
239259
196812
481673
435796
197805
696114
564403
203751
655083
617608
625815
576662
237102
546819
497059
697340
392742
616188
361619
731800
156829
662860
438544
446616
135412
533760
574787
689556
527796
36272
415001
621115
469950
299747
388078
327996
617608
225473
361619
123192
518486
293447
497988
597805
460895
559844
255124
112207
123192
663811
213542
76484
683098
271098
731800
666810
494729
566597
620694
445291
458466
149457
415909
391500
182163
715585
7727
422383
269869
676361
608497
237102
685509
135412
226760
231380
696114
84560
715585
498554
437462
161748
461576
545769
123728
6305
533760
245779
530198
296704
10439
108186
415909
190303
148451
707253
591440
28252
90963
707253
659520
457708
600067
259145
76484
35644
182924
456394
5815
566816
401964
95216
650636
167032
215375
34233
546819
130531
233139
418714
239259
583969
105706
623264
373144
539963
594873
368815
719524
558970
518486
624215
587098
523463
551053
119610
741518
364293
35644
689585
704848
718147
464697
595909
290389
249989
531617
117891
699725
630348
581368
418714
639784
557300
722506
237102
680126
505173
620519
594873
415909
114140
617608
443576
673337
96078
722506
216196
27039
349122
295452
178212
108186
546819
640911
165731
132059
64688
522518
340090
509297
424831
562766
39923
737836
502005
293447
58451
508365
693633
605602
434506
86313
621115
311899
353631
29405
308406
386071
415909
276581
137215
427941
345858
531617
445291
558970
382299
407118
224206
616188
711822
147851
16011
296570
718147
648568
708878
368815
259401
739547
74493
642229
311051
273666
69639
479209
203751
691819
240730
327055
163348
270783
475914
531617
182530
435796
36532
388078
283418
662860
69639
594873
546802
206515
739053
612611
270783
72622
446616
576122
69639
117891
350912
560013
43625
491555
671327
419714
152471
334679
675871
252663
602095
22318
685509
711822
680808
344650
226760
572923
446616
265389
640911
639269
602095
671327
149457
135412
655803
149500
602575
630348
401572
210775
296704
469950
427846
224206
574787
327996
210284
688880
392181
28661
355931
662860
495516
576662
374414
486853
36532
728165
659520
612611
564403
197805
662860
505173
66456
384007
738547
105706
123192
600428
603506
316032
290389
486033
486853
691819
74493
687501
321367
178212
491555
149457
137904
605602
711822
231380
233139
373144
555131
378211
125909
382299
233139
203751
427846
13219
691819
373144
207896
2191
245779
616188
449805
480020
613428
522598
45715
446616
206515
671327
475914
632451
564403
197805
391500
404983
128042
79965
722506
662860
734784
625815
693633
71120
410395
427941
10067
147982
388078
493429
432082
707253
743868
640911
632683
634367
693633
494729
249989
366249
373144
602095
616188
522518
415909
371202
140585
573706
625815
685509
576662
688423
267565
286106
514241
561885
686582
466656
58451
744046
152471
117891
609824
10067
206515
502005
286066
24721
731800
172824
725059
415909
527796
71120
557300
213631
231380
195986
427846
135412
446616
502005
713088
249989
728165
568636
250570
510239
192070
445291
215375
147982
463245
662184
543592
71120
69639
280406
139687
390914
445291
382299
137904
16011
613428
321941
731800
302584
50316
212647
123728
525860
675871
541747
72622
170012
466656
508345
105706
91985
344650
450147
95216
441102
497059
214406
731800
573706
691819
586851
555782
71749
625815
364625
213755
662860
642229
212226
662184
394420
609824
108186
117891
541747
361619
165731
336563
249989
540497
123728
576662
52819
311899
410395
696114
298761
394527
531617
557300
344651
722506
581368
551053
546139
650636
602095
595909
737836
224206
22318
594873
404983
312029
453908
466656
388908
305551
373144
435796
730701
362235
662860
642229
74493
505173
518058
623264
137904
170012
592532
286933
668526
276581
22318
675871
505699
597805
630348
522518
41812
7727
280406
400281
435796
398480
469950
404074
460895
650636
137215
595909
505173
302584
669885
72622
392742
407118
302584
434506
563433
446616
505173
546819
620519
561080
630348
91985
587973
590747
518058
574787
203751
639269
683098
558970
539426
592532
458466
743619
544340
603506
276581
132059
505173
463245
741518
605602
669885
581368
718147
10439
185301
108186
203751
245779
225473
79001
639784
631937
562766
97249
124635
554786
398480
290389
587973
493429
418643
597805
667762
170012
261244
270783
469950
325822
543592
733732
697340
276581
473626
479209
158127
15047
533760
284181
95216
358331
182163
29405
259145
379782
336563
527796
734784
72622
730701
673337
347537
373144
685509
676361
117891
117891
711822
518058
581368
72622
634367
284181
543480
583969
123728
361619
471341
22318
587098
166364
667762
391500
215375
327055
119295
513433
634367
95216
469950
415909
594873
639784
423375
119610
378146
537609
543592
124414
696114
419714
22318
148451
671327
97249
662860
548758
710207
656740
296015
510972
388078
537609
361619
245203
366249
662184
28252
533760
625815
76484
486206
323829
265389
689585
123192
149457
555131
271098
475914
7727
297239
546139
206431
743619
639784
22318
353631
112207
650744
148451
190303
505173
182163
733732
262856
158127
634367
342405
572923
311899
589567
48963
696114
297239
551053
562766
650410
206515
214406
515991
568636
549827
603506
128994
704848
71749
249479
463245
369195
650410
147851
608520
449491
161748
163348
697340
276147
592532
573706
272144
34233
187445
650636
696114
557300
174986
463245
415909
297239
334679
543592
344650
650744
182163
287893
497059
491555
639784
513433
394527
441102
404983
213542
731800
738547
662184
541747
398480
561001
594873
469950
513433
212226
612611
722506
743619
457390
668968
693633
62557
280406
239664
156097
35644
441102
616439
29405
662860
276808
428102
581368
469950
358331
731800
215375
576122
85690
71860
87165
497059
327996
662184
639784
597805
463671
334679
364293
741518
715585
321367
662184
114140
358691
424831
605602
388078
640911
123192
52819
156097
704848
618447
463245
215375
437462
423375
533760
172824
458466
72622
465247
359063
522598
325466
728165
368192
69241
49557
698975
576662
522518
84560
323829
509297
523463
551053
318158
531617
162078
663811
576122
576662
206431
270783
718147
642229
327538
39107
344651
166771
568218
321941
71680
600428
272659
562766
213542
682338
515552
354424
463245
217098
190303
566816
410395
62557
675262
537609
527796
502005
620519
602095
595909
149457
206650
311051
95216
728165
616188
612611
49557
712021
243482
120573
707253
388078
95216
34233
48963
563433
364625
743619
393222
170012
576662
434506
434119
527796
715585
332312
493429
644059
568636
688423
203751
418534
620519
591440
520385
688423
546139
621115
410395
704848
72622
681409
539426
76484
224206
266866
741050
358691
665939
493429
391500
156097
479209
502005
607568
696114
449805
552274
64688
558970
698975
681409
632451
335744
461576
415001
618447
190303
741050
741518
388078
707253
640911
568636
662184
50316
493429
374414
487447
553720
744046
458329
509297
527796
555131
493870
618447
422383
581368
597805
305551
52819
301679
22318
458381
605519
600428
449805
464697
453908
255124
696114
215375
469950
361619
639784
404983
620519
418643
112207
431615
510239
382299
600428
739053
412871
737836
45070
557300
620519
655083
669399
644059
177283
685509
688423
394420
4594
743619
642229
182530
466656
698975
561080
504336
473626
555131
2191
27770
623264
652401
407118
361619
261244
608584
195986
318158
336563
16011
533760
135412
591440
475667
332312
609824
87165
290389
559844
551053
453908
276581
423375
114140
576122
511134
623264
161748
81062
671327
568636
613428
732840
563433
618447
384007
639784
718147
497059
619327
487447
336563
546819
712021
473626
373144
612611
612107
743619
639269
673337
145176
671327
233139
549827
617608
530270
212226
652401
373144
445291
16011
305551
228300
79001
343817
117891
237102
583969
276581
676361
561080
117891
166771
728165
702632
311899
726104
530704
161748
711822
79001
671327
165731
123728
541747
522518
605602
743619
481673
656740
696114
196812
166771
269869
616188
182924
94625
552274
273666
311051
79001
647911
371202
582485
69639
84560
26045
91985
434506
469950
557300
551053
305551
710207
711822
46943
589567
683098
163348
368815
316032
66456
612611
513433
515552
594873
478278
662184
45715
568636
210284
573706
175684
621115
688423
372934
603506
664562
224206
639784
576122
245779
576122
546139
491555
582039
731800
634367
625815
466656
24721
323829
412871
431615
711822
271412
665939
100554
555131
691086
340090
581368
725059
626719
352770
479209
562766
552274
623264
14069
513433
680808
52819
404983
123192
58451
546819
364293
391500
739547
16011
640911
528597
137904
289225
324679
647911
100554
415909
162078
656740
613428
189589
123192
222723
128994
343817
114140
269869
399533
135412
228687
530198
515552
650636
715585
305790
676361
497059
203751
203751
527796
588987
81653
427941
32672
303843
499086
557300
52819
61943
410072
271891
163348
609824
289225
464697
488872
364293
108186
43625
532364
547122
245779
515552
555131
449491
323829
680126
663811
510239
388078
607568
487447
253485
54127
307269
552274
231380
665939
358691
190303
36532
401486
594145
491181
327996
549827
38074
269869
689556
390914
175684
145176
412871
723474
597805
237102
551053
164713
69639
245779
172824
743619
702632
558970
39923
543997
734784
609824
586851
707253
368192
531617
665939
612611
280406
231380
100554
600428
467366
539963
62557
471341
564403
137215
359761
206434
424392
574787
640911
589567
566816
231380
412871
715585
630348
513912
272659
290389
135412
7003
710207
555131
84560
210284
502005
137215
326077
662184
728165
272659
344650
582039
605602
415909
392742
639269
255124
233139
612611
206515
170012
707253
546819
502005
79001
263666
338446
551053
32672
127366
613428
704848
461576
254773
558244
218776
392181
15694
22318
254408
79001
323829
681409
422383
257462
663811
379001
722506
16011
398480
609824
603506
10067
594873
445291
644756
505699
513433
19901
128994
568636
532364
685509
540497
587098
583969
277493
718147
94625
33038
112506
210284
114140
548758
54127
602095
332312
290389
321367
184992
35644
626719
704848
368192
343817
644059
203751
71120
707253
149457
39923
124635
594145
189589
219705
418643
537609
112207
712021
718147
473626
561080
676361
152471
392344
463245
558970
642229
603506
602095
728165
518058
566816
28252
718147
434119
24721
494729
587098
371202
43625
555131
711822
642229
410072
10439
502005
344650
74493
480851
555131
737836
182924
36214
722506
431615
621364
685164
114511
532364
52819
659520
72622
43625
65221
632451
731800
630348
539426
36214
410395
245203
509297
340090
454919
153291
95216
566816
381843
125909
163348
537991
27770
650744
272144
540110
56468
676361
625815
166364
112207
128994
379782
36532
594145
108186
576122
656740
475914
137215
318158
81062
273666
672349
683098
399157
412871
445291
479209
446616
639784
327996
94625
27770
252663
595909
574787
450147
734784
625815
40476
522598
589567
739053
203751
412871
473626
272659
605602
685509
673379
546802
671327
245779
10067
594873
572923
602095
327996
185131
315386
353536
11826
340040
251650
27153
164573
119593
50479
175493
259072
87096
150452
207047
655277
335877
390122
16607
114630
564737
179259
239509
684291
128347
363202
160026
303684
121015
9524
559537
644523
356988
13328
97717
173453
21304
134126
292587
124950
33048
514481
640006
153601
160026
297162
113961
62289
87096
505288
665519
340040
113961
32355
282813
578218
549557
172745
384024
646943
313779
538756
185131
245772
168548
347082
6120
200433
228485
549207
47367
647901
275099
116589
23570
107029
417176
650481
578218
313779
345134
8668
38808
572427
27153
681273
64315
205545
113961
366285
497328
532871
488823
518133
516995
349893
243441
15728
288751
479937
165584
160026
41166
349893
282813
275099
37211
191489
306587
16607
1960
16607
546345
624746
462092
319981
535767
160026
63783
147669
160026
58951
57703
77378
72320
134126
95087
128347
0
105531
175034
110511
692700
72320
251650
332656
340040
193068
266529
172745
107029
515454
165327
681273
420665
147669
666524
206801
160026
407852
653309
344465
407852
104868
241410
292587
194397
259072
407852
345674
6120
368108
168548
78029
687434
264787
23468
590913
101071
349481
204944
100388
138426
216499
297162
396511
213992
101080
254646
80161
210803
449411
717613
526603
524198
560348
110746
148898
143999
48700
168548
375185
110511
658580
120809
213992
431122
97717
580204
553431
353536
709478
485306
264787
532871
113961
27153
104387
322100
549557
183763
671314
517929
443560
449411
152125
116589
443560
57703
335593
356988
372649
21304
172745
736397
57703
76123
597946
390122
394048
520898
284325
108076
635645
354651
116589
541903
257178
652780
200433
661603
62289
554090
337659
577160
294083
153601
678100
449411
55062
356988
171653
257355
251650
191489
140137
681273
449411
468299
625796
479937
171653
497328
470749
160026
113961
424770
372649
200433
733390
337659
93259
378361
115013
529510
340040
686009
6120
63783
434640
627823
479123
590913
508795
110746
204944
369506
56530
372618
557893
239509
325800
165875
213992
549207
720055
210803
6120
176251
576892
72320
67299
731419
107029
625796
185131
165875
329023
58951
468019
187576
207977
615022
112501
665519
121015
110746
619626
449411
76123
175034
50405
140137
175493
63783
711064
167077
653309
490229
519404
32355
516995
113961
286356
261277
275526
8668
50405
248584
172745
85220
155066
164573
419754
93259
213992
259072
58823
240573
604562
139137
15728
165584
246245
93259
160026
185131
471267
344375
155066
63783
16607
518133
183763
284325
251650
675096
393851
77378
434640
178173
675096
15728
112501
63783
165875
23570
181148
264787
208821
345674
253340
319981
152125
404611
456539
653309
236823
6120
147669
113961
725928
2845
535767
671314
35798
222692
172745
580794
611272
17923
179259
191489
143999
286356
78029
300337
267961
22600
42233
76123
113961
360750
653309
67034
241410
576892
189628
155751
663575
35798
131074
322888
155066
35798
155066
470749
95058
189628
261277
220752
147669
115013
189628
31274
57877
10163
78029
143999
555832
57703
205545
56530
608870
319981
579783
76123
456539
463655
78665
116589
53284
131074
4948
317691
723042
196100
332656
113961
138426
716068
9524
650481
576892
104868
52285
88129
121015
113961
175034
423263
208821
179259
3191
163212
182639
172745
335593
663101
420665
464486
288751
107029
363202
275099
636857
303684
168777
119593
178173
335593
230228
466352
178880
104387
185131
90410
289745
157365
644523
270349
18002
420725
497328
277516
139137
131074
303684
213992
603358
665519
420665
66292
176251
35798
424770
271768
326998
66292
169442
479123
253340
423263
169442
178173
141451
531477
579783
390520
145666
567235
175034
549207
38808
160026
697302
182639
65726
199693
4948
189628
72320
110746
64315
78029
140137
443560
264787
183763
344465
636857
24040
139137
97717
230040
681273
88129
335593
482399
413909
72320
544614
101080
345674
288751
619261
717613
117561
728109
344133
236823
717897
357488
490229
450832
85220
195261
31274
424770
172745
165584
538756
93259
72320
335593
471724
241410
488823
110746
394048
80986
592969
72320
63783
580794
529510
466352
167077
687434
153601
76123
553431
437733
407852
675096
572427
251650
153601
543263
508795
57877
139137
652780
655415
90410
85220
466352
9524
36822
567235
241410
549207
541480
189628
264787
116589
414812
591360
151421
532449
121015
32044
270349
230040
160026
575763
553431
264787
205545
297162
218471
361849
185131
332656
11826
620701
270349
456539
143999
356988
88129
131074
196519
438548
638034
286356
131074
160026
303684
479937
69254
213992
228485
245772
540844
607509
181148
245772
589560
205545
526603
131074
55062
194397
131074
456539
551521
531569
693029
16607
636857
735360
80986
563399
194397
630272
61594
531477
179259
237196
160026
257178
89371
278283
191559
87096
35798
207977
179259
143999
4722
179259
115013
264787
469567
93259
417176
56530
518133
182639
8668
185131
205545
264787
480682
95420
27153
292587
497328
729587
72320
325800
590913
366285
37211
118729
549929
419754
538756
227933
246245
246245
653309
179259
691529
179259
90410
113961
77378
611272
419754
104868
555832
514481
684291
535767
200433
731997
711064
313779
379623
630771
393359
298115
408712
205545
253340
592969
165875
673761
488823
239219
152125
225081
66292
197410
663101
169442
82529
52285
116455
259072
487370
101080
485306
404884
552410
189628
13328
541480
193068
678100
534683
220752
63783
189628
116589
363202
556266
76123
628589
267961
75584
200433
84495
449645
278283
104387
119593
363057
385559
155751
155751
450832
286356
388642
488823
167077
183763
468019
152125
288751
121015
604562
628630
139137
502209
230040
688833
560348
88129
151421
497328
72320
239509
8668
356988
311263
140137
559537
468019
549557
348556
100388
627464
560348
23570
76123
160026
439677
206801
35798
0
37211
113961
194397
345674
470749
423263
681273
206072
57877
0
205545
450832
444207
118729
428440
291892
531569
313196
502209
452630
193068
439677
199693
154475
175493
121015
152125
653309
538756
253340
205545
386503
93259
90410
216499
9524
124950
189628
56530
402377
104387
235847
213992
335877
259072
119593
76123
128347
191559
284325
21304
80448
62289
206801
608870
615022
419754
456539
363202
90410
165584
264239
113961
396511
50405
58951
63783
532871
193068
716068
58951
275526
155751
37211
267961
63783
85220
623446
216977
354651
636857
175034
388642
562773
183763
335593
169442
189628
204944
101080
628589
424770
474193
129101
614689
56530
18002
644523
531569
412666
70418
207977
131074
57703
462092
18002
110511
641643
432501
321762
261277
193971
213992
387830
541480
208821
193068
297162
176251
439677
248584
33048
264787
580830
568246
516995
463829
200433
325800
572427
417176
609816
100388
505288
287351
124950
247186
495372
600463
248584
124950
196100
535767
107511
246245
288751
178173
541480
213992
408316
511889
604562
64315
141451
520898
695932
420725
248584
291892
67034
121015
134126
564737
87096
179259
88129
518133
434640
309438
449411
563399
194397
236394
130408
200433
390122
468299
235847
479123
107029
27153
413378
434640
570748
590913
437733
531158
579783
388642
264787
189628
57877
23570
349893
475451
673046
168548
564737
615022
345134
276552
628589
716068
623446
178880
529510
695932
356988
230228
189628
85220
183763
65726
688833
124950
428082
88129
218817
90410
424770
527308
213992
35798
509248
230228
499106
69254
87096
384024
289745
165584
131074
439677
100388
34307
273505
178880
590913
87096
69254
313779
63783
641643
678100
335877
264787
452630
23570
681273
76123
97717
67034
199693
681273
306587
35798
216977
563399
93259
408328
85220
658580
716068
356379
695932
189628
450832
185131
592969
519869
175034
576892
110511
306496
216076
417176
393359
78029
78029
375185
58951
398327
658580
40810
600463
460524
512211
35798
139137
21304
658580
140137
167077
468019
487370
196100
239509
210803
64315
178880
553431
32355
580794
452630
647901
272345
485306
47195
147669
97717
626668
590913
308523
16607
673761
27153
165875
6120
634237
189628
428082
172745
27153
239509
189628
372618
375185
273505
299831
185131
112501
363202
88129
69254
450832
449411
549557
728109
385559
337659
653309
259072
634237
67299
160026
62289
64315
554090
15728
330680
66292
577160
583418
165584
282813
118729
258080
121015
160026
390122
485306
63783
487879
128347
335593
366285
93594
29801
155066
297162
165875
104868
306587
345674
535767
155066
503721
608870
288751
597946
80448
384108
731419
167077
456539
189628
457459
286356
394048
72320
101508
644523
191559
187576
160026
627717
182639
35798
24040
143999
91651
155066
335877
332656
275526
479123
590913
37211
63783
246245
175034
183451
218471
610487
193426
449411
449411
589560
131074
138426
58951
176251
225626
6120
193426
650481
398162
199693
509169
396511
589560
143999
345134
187361
253340
532871
189628
23570
4948
145666
95876
419754
368750
353536
443560
683766
189628
28808
387830
485306
288751
695932
55062
181148
652780
527308
193068
141451
15728
627464
113961
381898
449411
191559
332656
182639
93259
200433
594907
18002
140137
402377
187576
176251
176251
615022
671314
164573
171653
706626
388642
578218
562773
1960
171653
196100
313779
511889
619261
538756
647983
101508
134126
292587
349893
41166
196100
366285
178173
207977
303684
354887
114630
464486
488823
559857
213992
346458
479937
264787
160026
576892
172174
391465
187576
253340
87096
394048
273505
354631
134126
463829
284325
297162
242270
37211
678100
284325
53423
630771
434640
148898
468019
264787
110511
322100
625796
188245
114941
485306
220752
213992
57703
21304
497328
577566
361849
93259
56530
580794
248584
419754
97717
139137
717613
143999
42466
711064
175034
78665
488823
323725
110511
175034
139137
143999
165875
178173
15728
505288
366285
591953
32355
456539
76123
519404
253340
275099
278283
396511
301164
181831
64315
165584
167077
178880
452630
116589
519404
493508
87096
7621
207977
631449
38808
574730
574111
291892
27153
69254
213992
721525
578218
309438
601135
62289
72320
218910
576892
116589
629177
77378
636857
716659
177327
185131
303684
143999
29801
24040
600463
559537
6120
193068
228485
335170
95876
309516
230040
206801
508795
213992
578218
76123
110746
277110
80986
168548
126045
400247
11826
626668
701186
281076
196519
462092
62289
565386
207977
225671
231759
208821
143999
27153
398162
636234
303684
23570
519869
384024
191559
3191
412666
549207
695932
337659
193068
554090
181148
95087
194397
147669
675096
210803
42466
87096
110511
701599
592969
172745
189628
317691
578218
540844
342529
470587
657583
63783
251650
64315
423263
72320
335593
681273
16607
88129
608870
663575
183763
9524
541480
145666
175493
647134
553431
684291
444207
270349
524198
118729
121015
326998
681273
245772
394048
239610
372649
89371
487370
248584
114630
27153
344465
509248
160026
6120
216977
160026
213992
179259
200433
55062
165875
121015
196519
193068
107029
317691
353536
164573
667470
439677
394048
340040
395658
234126
628630
32355
8668
50405
181148
113961
394048
575763
117561
77378
101508
643680
236394
423263
187576
586343
349893
528446
169442
619261
616583
235847
37211
622285
46681
143999
666524
650481
702194
239509
143999
101508
11826
479937
183763
390122
95420
162818
105366
653309
6120
297162
46681
46681
101080
90410
185131
91651
311263
143999
349893
303684
0
652780
220752
35798
160026
706427
337659
112501
16607
500102
353536
245772
437733
69254
675096
356988
104868
131074
502825
600463
329023
6120
707996
288751
184143
172745
205545
165584
515454
19847
688258
83636
366285
557847
113961
650481
126045
636857
185131
707452
625796
270349
80448
143999
577325
145666
82529
264787
299831
93259
235847
72320
356379
572427
101508
297162
529615
139137
643680
422403
80448
3191
652635
189628
277110
118729
345674
641643
428440
140137
139137
220752
335593
72320
440462
185131
628589
557847
508795
8668
72320
77378
460524
191559
384024
456539
275526
284325
47064
32355
72320
27153
403663
251650
124950
675096
143999
325800
419754
273505
345674
578218
576892
40810
8668
434640
524198
169442
107511
196519
89371
291892
535767
155066
115013
21304
189628
284325
194397
121015
511889
303684
124402
218471
354651
0
554090
185131
424770
325800
627717
707452
210803
567235
495372
100388
163518
519869
278283
297162
63783
47064
524198
315386
50405
419754
420665
711064
273505
124950
55062
549207
238424
275526
179259
187576
85220
6120
203962
179259
18002
8668
284325
584134
34307
163212
297162
104868
85220
16607
241410
647901
619261
650481
80986
495372
139137
687434
394048
80448
110746
597946
21304
220752
716068
567097
303684
11826
216076
216499
140137
437733
497328
52285
128347
64315
112501
220752
437733
27153
363202
199693
139137
165584
90410
115013
335593
37211
63783
423263
9524
101508
449411
196100
189628
64315
108076
634237
372649
273505
269336
394048
590913
199693
666524
216076
85220
100388
27153
160026
353536
329023
529510
58951
666346
76123
165584
199693
207977
563399
119593
196100
345674
21304
207977
340040
531569
366285
57703
95087
164573
189628
63783
78029
518133
213992
116589
576892
543263
333129
590913
627464
270349
398162
9524
76123
431122
468019
42466
155751
40810
306496
175493
178173
179259
206801
524198
546345
37211
503721
124950
80448
97717
407852
84495
487370
189628
171653
325800
9524
193068
272854
372649
187576
666524
523253
179259
207977
213992
464486
178173
193068
93259
734202
650481
15728
563399
579783
306587
21304
62289
66292
257178
80986
617125
642387
76123
259072
394048
340040
326998
273505
220752
650481
194397
35798
239509
641643
363202
693029
346458
102365
89371
299831
62289
251496
683766
420725
147669
21304
711064
63783
181148
181148
169442
353536
270349
21304
172803
121015
141451
112501
452005
145666
452630
568246
657583
90410
46681
