569689
312985
696132
60974
688719
393018
501235
488432
614064
271703
137383
250965
154888
211437
738940
518300
108142
57565
443490
192843
526972
85447
404013
345230
485990
665361
401934
391877
702266
638461
87637
493465
152001
6298
716651
102922
171244
398821
332876
377487
139973
349964
583015
580747
455812
624945
336871
111426
482225
726320
537396
156411
498276
443490
176121
642295
116315
264410
511491
319470
139973
490034
82865
87637
377487
658924
381082
95889
324207
0
132415
181207
735444
440388
240592
212444
572801
31764
287319
417245
627397
430937
14042
252219
242761
15763
112590
108142
559691
328302
259103
617076
377487
200127
407880
690995
328302
214687
370510
139973
39339
61593
95889
376771
247262
563293
30321
109718
699458
537181
357246
35612
131931
531263
699458
433562
247262
585933
143782
501235
654896
28037
520832
80965
405063
208278
357246
153987
73567
82865
747519
630762
228059
624845
77512
75216
200127
219340
42901
226536
347634
291792
383291
206256
314806
468694
630884
131931
583015
244548
528305
602863
484082
150011
649379
476790
357246
302788
100560
604487
528305
490034
474216
12118
133383
486569
190739
109718
105725
727711
405330
132415
514663
65855
99632
437742
462582
617805
391877
312207
36817
504865
486569
518300
173040
471733
105725
498276
179217
576784
682831
419870
596083
471064
64095
143782
536433
78329
339859
490034
486569
127284
462582
401934
259439
216541
50821
728692
94436
95889
179217
78329
476790
602863
49421
486569
6298
529161
339859
170472
75216
127284
576784
629911
235360
586347
128270
722504
568751
542434
324207
291696
233968
142602
656003
46748
404013
223042
544697
216349
408838
596083
653131
561415
534040
214687
459710
264410
488432
488432
386230
557107
485990
459710
270335
363862
10926
498741
349964
277113
2999
181207
148970
240592
594996
242078
50095
416575
593680
143782
624945
671177
640780
471064
61593
462582
180342
102922
617805
493465
563960
445324
345786
111426
193457
235360
447752
311969
181207
117681
680792
339859
65855
471064
545429
687203
427023
745933
240592
163415
504166
683011
452911
111426
549870
314806
608813
233968
287319
608813
98693
384675
26040
240592
151655
250768
192843
485990
357780
728692
502807
336871
320504
240344
35671
629611
401934
368460
576784
518300
374380
297065
437742
594996
207783
498741
235924
46748
705718
576784
163415
400399
26040
206769
528305
142690
179217
167887
741748
244548
53420
353288
2999
33543
654896
87637
233921
482225
530188
409453
186482
683736
173858
122767
309439
75216
357246
256772
50095
482225
486569
528305
711461
675197
417245
159328
715932
614064
705196
522784
583015
520832
139973
259103
7929
699458
572801
665095
316575
502807
152001
458187
439301
479450
45567
345230
208278
39600
518448
552417
257857
730928
87637
240592
214687
109718
248106
630762
29252
208278
629911
630762
62109
537181
585933
604487
630762
557107
437742
424508
500481
180342
77512
440388
214687
42724
139973
229155
223042
545429
696132
26040
28037
173040
711461
309439
594996
416575
53420
35671
199707
123176
229034
378571
28037
143782
52265
696132
320504
99632
711873
57565
377487
264410
250965
200127
167887
701059
98693
372395
163949
440166
604487
529161
566925
649379
531207
545429
16357
144723
170472
27254
570938
347634
171244
701059
715932
154888
193457
53228
161294
447752
57565
14042
322607
418591
30537
401934
384727
235924
57565
226536
447932
732696
185632
393711
264410
725826
423637
747339
257857
331220
199707
646255
551309
309439
557107
229034
329709
654896
167887
132415
192843
553974
286719
185632
368460
77512
710995
462582
747339
488432
53228
124447
462582
447752
391877
8482
175193
490034
328302
484082
233968
212389
253067
6298
229034
359800
565631
569689
372395
495044
36817
82865
336871
471064
95889
135631
202091
99632
92895
434591
729731
377487
143782
329709
45567
389900
115897
333721
223042
550821
653140
46748
181207
190739
324207
702266
649379
679117
576784
283273
179217
320504
264410
608248
253067
136484
629611
307562
692743
240592
565492
370510
161024
638461
462538
675197
235924
297065
542434
137383
52265
85114
271703
151655
144723
163415
569689
299328
302788
501235
622002
522692
725826
381082
92895
69396
54014
256772
531207
535862
96367
270335
30321
672627
35671
259103
455812
142690
235924
0
413141
99632
482225
677900
33362
218545
319470
680792
254103
264410
653131
50657
44628
708279
284404
275655
514663
345230
139973
173040
455812
670893
424508
531578
242078
482225
591261
94436
728692
464304
513310
240344
176121
229034
651860
185632
181207
181207
173858
401934
164756
168111
248106
304830
498276
170472
181207
225270
266286
122767
401934
156411
570938
685735
522784
407880
280389
136484
359800
26040
675966
323026
7929
356312
484888
399570
193457
693713
286719
505832
181922
565492
440166
353288
459710
311969
611943
623344
101479
123546
286719
353288
50095
2999
158321
16357
498276
687203
690995
353288
711461
270440
181207
285176
73567
427023
513310
451919
65855
150011
389900
608813
643079
627397
530188
461075
345230
522784
393018
679473
147583
434591
103783
501235
446689
211437
520832
281821
46748
638461
667163
118231
115897
747519
552417
180342
27254
275655
163949
81889
304830
464304
392132
542434
42724
602863
349964
460393
729931
309439
345230
423637
649379
324207
128270
587434
291465
396003
102922
580747
242078
257857
177970
214462
345230
522692
537396
412875
180342
728692
445324
657360
240592
681910
179344
377487
62109
163949
128270
148141
528305
694366
164756
240592
223042
633167
583873
638461
286719
309439
423637
576784
614064
161294
486569
498276
27254
183904
618814
287319
127284
105725
193775
94436
740580
111426
152001
216349
504865
302788
583015
528305
617076
447752
42724
458187
747339
474216
456120
566563
376771
363862
73567
111426
573698
53228
203864
359800
289121
242078
617076
53228
229034
323026
504166
646255
142690
254103
156411
7929
235360
240592
688719
439301
206256
244548
561415
33362
99632
736325
102922
661064
527746
261777
463520
569689
156411
128270
401934
122767
30321
508221
105725
629611
500237
488432
705196
513933
156411
181922
254103
276385
498276
624945
156411
424508
511491
703994
289207
666775
181207
235924
391877
257857
696132
561415
513098
690475
345230
646255
142690
528305
514663
622002
383291
223042
482225
716974
417245
370510
377487
104743
643079
324207
161294
465622
433562
170472
430937
99632
124447
7929
522295
202091
542434
398821
174566
82865
683011
331220
638461
629611
207783
150011
552125
173040
400399
537181
153987
614064
127284
173040
297065
117681
640780
6298
202091
601683
646255
7929
99632
672627
111426
247262
39339
460359
6298
401934
405330
627397
544697
629611
31764
513098
430937
203864
535538
254289
113177
302788
576784
490034
384675
683736
576784
233968
665095
732696
283273
235360
77512
256772
207783
85447
270335
601683
699458
354104
711461
38770
94436
161294
302788
70575
682831
638461
357246
690523
418591
443490
639523
482225
498276
427023
423637
163949
102922
1797
570938
343608
363862
117681
663251
459710
623344
480099
190739
360581
131931
43824
122767
411242
193775
654896
511491
73567
703994
516391
627397
526972
389900
193775
151655
433562
94436
212389
649379
579342
181207
513098
156411
161024
99632
627397
102372
12118
320504
212798
43824
180342
451919
638461
37787
514663
417543
692743
278447
316575
498276
196684
723248
451919
8482
642295
253067
297065
380212
490034
55633
159328
728692
363862
128270
580748
747339
30321
285176
147583
403569
0
455812
322607
258902
531207
253067
468694
180342
299328
423637
312985
452911
435294
87637
225270
203365
462582
673974
711461
565492
370510
550821
271703
291792
542434
173526
435294
109718
576784
332876
715932
117046
465622
151655
492698
179344
694366
276385
357246
585933
680792
240592
332307
609214
278447
274677
161024
614064
335765
694665
305650
412875
253067
138685
253067
42724
190739
377487
476120
331220
147142
276385
596083
102372
399570
440166
368307
430937
591261
266286
593680
335765
391877
41925
401934
534040
50657
12118
675197
161294
389900
359004
131931
530188
156411
710163
336871
75216
569689
30321
630762
493465
585933
115897
92895
29383
738006
61593
482225
190739
102372
277451
131931
208278
569968
451919
137383
275655
112590
591261
257857
576784
99632
433604
703994
563960
154888
522784
122767
430937
734030
545312
399570
94436
317633
417245
679117
405063
325182
639848
446689
216349
134291
240592
407880
111426
400399
86220
561415
456120
102372
686785
447752
137383
216349
102372
47941
319470
114169
286719
156411
319470
528305
124447
328302
476790
80965
544697
501235
271703
128641
516391
316575
711461
247262
566563
297065
137383
404013
391877
253067
716651
102372
219340
314806
511491
121258
126195
514663
214687
648974
513098
77512
728692
545312
534040
223042
539514
696132
479450
168111
585933
708286
520207
611943
219340
602863
417626
468694
152001
72802
618814
192843
129102
549870
393711
471064
322607
2999
386230
180342
214462
538641
644977
191265
183904
718286
27254
317633
416575
85447
43824
504166
498276
49267
158025
53228
444740
572801
690995
401934
162448
722504
8482
534040
150011
542434
58336
220138
384675
168986
46748
552125
287319
190739
501235
33362
58336
627397
811
128270
298329
18080
347634
142690
447233
576784
599401
138685
45567
502807
223042
529161
633167
192843
372395
585933
349964
240592
203864
488432
39339
589724
226536
638461
718286
359004
322607
64095
667163
602863
66798
278447
692743
235924
492698
193457
214462
56935
138994
513310
458187
147332
536433
275655
464304
45567
100928
270335
317633
30321
485990
152001
147583
725826
33543
692743
451919
35612
366805
9375
146197
93575
50095
180342
370510
69396
105725
398821
332876
424508
361654
152001
198463
391877
223042
384675
39339
376771
614064
349964
265353
216043
1797
679117
644977
599577
447752
42724
451919
57565
235924
240344
173040
570938
444740
495044
513310
64095
112094
305650
565492
630762
550232
168111
447233
455812
240592
740580
275655
57565
43824
679473
555824
699458
549870
266286
50095
745933
653131
622002
69396
561415
190739
198463
654331
386230
287752
445324
471064
401934
576784
395093
665095
562335
86220
370510
656717
486569
207783
459168
260489
270335
161933
240344
732696
179344
95889
424508
417245
65855
173858
585933
505832
386230
383291
173858
167887
672627
462582
277451
254103
440388
39339
703994
170472
131931
518448
233968
638461
147583
551711
393711
701425
435294
740580
417245
593680
440166
240592
30631
627397
1797
201310
161933
193457
27254
114169
679117
701059
696943
254103
455812
223042
696132
583873
264410
311969
266286
216349
173040
497835
139973
46748
445324
39339
345230
670851
447752
482225
381082
633167
675197
528305
204245
400097
65855
20919
563960
193775
214687
440166
253067
606928
679117
689813
384675
651860
47941
504166
257857
44628
722504
715932
536475
407880
732696
490034
508221
153987
482225
591261
56919
72802
87637
120634
739977
391208
12118
78329
225270
722504
530188
268268
530188
212389
565492
572801
644977
240592
212389
732696
638461
233968
511491
608813
738006
242078
488432
701425
211437
181922
354104
654896
277451
510581
77512
447752
299328
193775
629611
199707
99632
2999
153987
471064
163949
670893
705196
153987
506683
77512
193457
729931
458187
323026
462582
199514
214462
259103
329709
404013
6298
336871
293450
447752
316575
214687
552125
576784
202091
329709
679117
113177
57565
413141
359800
498276
654896
349964
722504
112094
486569
115897
281821
156411
211437
271144
173858
274677
15763
458187
570938
513319
137383
458187
407880
673974
734030
200127
663251
601683
392287
271703
111426
516391
29252
141668
185632
203864
653131
580747
15763
200127
117046
289121
490034
399570
224496
105725
566925
416575
591891
433562
167887
673974
504166
739977
447752
480449
443490
530188
580747
156411
257857
229034
94436
104743
202091
39339
164756
490034
715932
137383
26040
6298
649379
656717
377487
179344
37787
6298
250768
407880
666862
715932
655624
193775
244548
54014
181207
673974
283273
740580
46748
440166
670893
694366
347634
92895
357246
116315
473313
240344
629056
633167
520832
242078
617805
407880
455812
423637
41925
181922
328302
109718
339859
329709
128270
627397
154888
531263
423637
77512
275655
328430
250768
98693
240592
501235
418591
143782
57565
580747
670893
716974
198463
325182
611438
357246
513933
229034
471064
345230
465622
389900
663251
242078
501235
471064
309439
254103
58336
216349
528305
544697
744196
456120
283273
139973
596083
150011
192843
81889
623344
665095
633167
235360
253067
242761
635002
490034
50821
43824
400399
658924
77512
240351
214687
99632
614064
452911
649379
220138
200127
250965
108142
75216
145643
35671
376771
653131
734030
565492
198463
638461
8482
682831
77512
455812
345230
476790
65855
455812
608813
302788
587434
639848
14042
264410
381082
688719
242078
377487
335765
43824
206256
332307
73567
447233
297065
545312
403057
377487
324207
295163
240592
173858
642295
190739
223759
192843
221393
493465
417245
196684
511491
389900
455921
405063
736325
86220
654331
30321
157384
7929
7929
192843
440388
725826
173040
212389
302788
415799
601683
407880
50095
608813
50095
43824
405063
285761
328302
649379
468694
462538
444740
398821
410512
131931
42724
368460
383291
50657
108142
675197
253067
69396
20919
270335
545429
711461
432178
58336
545312
226536
417245
433562
257857
264410
161294
514663
211437
399570
508221
266286
82865
225270
95889
696132
623344
94436
542434
283270
320504
485990
285985
200127
227429
427023
474216
377487
617076
705196
347634
77512
498741
216349
437742
223042
223042
430577
372395
37787
113177
722504
190739
671177
126514
459710
673974
153987
385260
462582
285985
644977
118231
437742
741748
223042
370510
143782
716974
381082
271703
223042
725826
601683
462582
368460
580747
587434
200127
427023
31764
16357
498276
715932
65855
362184
355937
285505
314022
738111
428251
506930
438375
611185
191115
146087
258759
384500
683319
396738
680000
578775
679774
39765
185851
123012
703153
644128
299516
363815
160785
181871
654263
646290
600148
699116
633350
210119
250236
632359
409894
600148
574831
539017
501132
376932
650389
666219
110493
316887
333439
707338
67044
617462
521011
549153
409917
626547
725246
382948
546547
608980
541445
468158
661939
239028
580538
181871
4906
553924
542675
527513
299516
468158
393931
537128
174766
7324
702563
387866
170804
135526
234573
181871
156108
316097
56728
363815
4906
534341
440185
411943
692811
234573
703153
597207
145943
712586
217754
636540
268391
32880
607394
636540
5586
691781
322188
279934
216211
476485
628048
549153
79967
83313
352843
584486
418870
703153
192322
80512
688464
212138
628048
387866
632359
320201
32880
345404
422393
482755
319460
652230
286642
632359
32880
572173
244688
600148
282607
303227
568690
57122
362184
420577
57122
170804
432453
294368
19065
374951
150780
677444
569777
675543
499855
193861
602335
0
374951
628128
176729
454328
719985
71580
555733
712586
626547
628128
483537
9685
542675
674120
675543
257180
430055
607260
649504
458044
527513
572173
260600
567936
284928
670828
159743
512096
278579
41220
503956
191115
126218
507654
19065
440185
313157
626001
536083
722707
534341
181871
143479
652230
553924
341910
288584
286642
210119
422393
701643
297300
608980
731675
636540
398552
578775
730869
260600
607260
647757
314105
176729
71580
461225
268391
601147
694207
146087
498224
156029
16033
610562
362184
270414
655816
307129
394176
569777
277890
621920
535967
232110
99427
499855
471277
137052
514806
587396
181871
438375
670828
460880
322188
19065
221122
612103
157561
735731
73892
104280
679774
705301
409917
244688
562577
639378
309687
626001
507654
156029
589667
674120
9685
278579
239411
420286
692811
372323
359294
491919
378024
487014
23363
382287
633920
99427
580538
607394
649504
394176
260600
403652
39074
331714
176729
544128
170804
498165
334592
553924
546547
614937
521011
575588
303231
409917
191115
166745
320201
132921
647267
286278
738979
376932
608980
97383
556957
345932
221564
126218
361413
97383
643056
692811
600148
205433
290163
537128
260600
527513
324227
122052
363815
647757
568690
239411
516132
287361
308905
210119
428251
294368
26871
524172
670355
186579
384500
322188
471848
463344
584486
204917
692811
544128
491919
157586
311229
277890
32880
566579
80512
131658
278579
480494
440185
136777
517880
670828
144122
546547
322188
507654
219305
39765
512457
390503
634832
257180
39765
191115
110493
506930
362288
411943
110493
302854
355937
387866
650389
665140
575588
225703
632359
119859
553924
170804
64402
575588
89012
626001
692116
331714
424328
503956
110493
19065
684499
590358
573072
146087
642749
384500
498224
654263
369853
92757
647757
544128
684499
157561
642749
411943
131658
130848
649504
534341
549153
17273
157561
370575
733353
452774
67044
463344
308302
19065
164384
600148
675543
374951
202357
426164
345932
657113
686334
733009
422393
22624
418602
225703
174934
654263
225925
506930
483537
123012
684499
467282
193861
369853
574831
340560
719985
600148
536083
675028
70015
61051
686334
67044
621920
133454
701643
303227
584056
265772
52236
661939
22624
265772
569777
313157
519002
158150
71580
90876
99427
734744
290163
452099
689416
689416
584486
104114
731675
596433
422393
691781
574831
308905
303227
497166
47558
553924
602335
652230
670828
122052
11504
71580
165602
417990
717294
105170
457551
680474
709352
661939
460232
591461
580538
150556
584486
252840
414523
684499
357633
202357
97383
46443
35077
39074
450054
678557
153721
735731
418602
309687
670828
705301
133454
572173
5586
684499
225703
126218
43825
193861
695717
568690
636540
26871
331010
110901
690946
234573
589667
299516
131658
521011
314022
466420
338006
649504
173865
683319
574831
597207
177490
481494
213494
545536
719985
674120
56303
19065
46190
477427
480494
430558
727780
157561
692811
542675
337867
407150
174934
331010
39765
706094
56728
450274
471277
705301
213494
499855
204917
537128
202357
260600
181871
647757
441004
737567
297606
155321
232110
145943
592286
345932
369853
185678
709437
239411
99427
265772
7324
431325
531859
316097
662520
648905
517880
170804
143479
418870
379944
708157
131658
535967
23363
502582
150780
285505
249860
260902
341485
26871
403177
589667
527513
584486
574831
200944
23363
639378
297606
504026
652230
159743
639378
617462
192523
591461
730869
600148
500524
376932
733009
26871
29876
556573
524172
513577
52236
150780
156029
597207
363815
170804
600148
219305
123012
164384
309687
572173
365934
653299
39765
545536
659325
20799
186579
659325
288584
223712
431992
239411
531859
243988
597207
714804
64402
282607
597207
414523
611185
234573
542675
670413
602335
659160
320201
607260
294368
621920
665527
334592
135526
492592
316097
531859
564995
418870
213494
418870
46443
600233
476485
300999
309687
608980
534341
652230
180424
345932
477427
519002
396738
536748
5586
99427
221122
355937
553924
143479
393931
618651
589667
542675
709437
1406
356470
314022
25529
390503
91321
683319
563744
536785
720866
639378
471848
578775
671300
124899
181871
611185
229978
200944
647916
731675
436628
586602
635352
498224
22624
623185
104114
173865
282607
556573
153721
472178
611185
498165
357633
607394
71580
531859
67044
584486
515780
621920
52236
287671
4060
387866
608980
430055
600148
614106
407150
454328
124899
131658
595568
331010
207756
249860
639378
285505
282729
553924
341910
513679
260993
539281
141465
156029
434330
98376
229120
695717
341485
89012
63888
286278
123012
568690
281717
69471
589667
355937
225703
438375
635352
553924
527513
292612
720602
130009
320349
434330
227301
382287
735731
503956
675543
497166
515780
362618
99427
438375
618651
407150
69213
414220
737567
632359
639378
499855
350412
279934
690666
679774
9685
569777
177490
618651
308905
4060
19065
655816
527513
655816
593600
35077
430558
589667
320201
20799
600148
104114
239411
638435
481494
597207
392443
150780
649504
11504
592286
320201
26871
559362
186579
446912
431329
331010
454328
164859
409917
483537
536083
697494
56728
521011
500524
221122
165602
487434
608980
303227
411943
52236
652230
476485
71580
595568
272542
720866
362184
223712
260902
19065
617462
284487
690946
252840
595568
579544
141465
507612
521011
617462
659160
636540
461225
534341
291915
20799
59031
605073
674031
227301
20799
350412
639378
632359
504026
546547
7324
549153
181871
303231
692811
272542
352843
628048
232110
578775
589667
338938
258759
350412
726239
655816
684499
350412
531859
384500
665140
352843
691781
447791
346528
203910
504026
7324
369853
491919
105170
176729
243554
26871
626547
626001
363815
99427
492592
502684
450452
512096
646290
632359
553924
498224
90876
314105
272542
434330
531859
308905
461225
267917
432453
598185
268391
545536
675543
608980
122052
678557
454328
566579
517273
527513
124899
143479
194295
403652
657113
441004
483537
607394
250236
602335
67044
257180
686334
719985
89012
569777
555733
67044
626001
203910
562577
35077
732208
568690
173865
394947
370575
370575
517880
626001
659160
626353
602335
725246
98639
542675
575588
500524
502582
39074
150780
4060
569614
305533
225703
456355
481494
409917
717294
388693
689416
655816
537128
19065
675543
500524
164384
667568
436033
319460
176729
394176
600148
601147
395917
617462
185678
580538
9685
97383
572928
345404
35077
424328
531859
386943
592286
387866
659325
19065
584486
384500
153721
477427
250236
429339
156029
702958
430055
586602
418602
626547
303227
426622
468158
32880
32880
574831
168925
300999
56728
141718
521011
357633
288584
678557
279934
321400
597207
340560
9685
531859
268391
546547
555733
260902
11504
675543
150780
387866
535967
483537
106830
11504
376932
357633
21185
626547
578775
658236
509434
534341
374951
5586
647757
586602
430558
39765
659160
194295
389801
712586
417
252840
370575
322188
394176
230952
524172
13434
587396
607394
123012
545536
494017
338006
681126
601013
578775
29876
17273
20799
232110
691558
35077
32880
626547
287671
632359
130848
693183
524172
691558
725246
181871
531859
460880
659160
395917
271624
319460
700830
317994
407150
735731
602335
32880
413447
283668
536083
602335
322188
628048
71580
103200
132921
282607
303227
163255
400310
690946
355937
678557
232110
667568
659325
507654
549153
713374
589667
420286
102685
611319
691556
106830
731675
545536
572928
597207
20799
97383
265772
225703
674120
352843
471277
513679
679774
628048
481494
200944
566579
700830
388693
563744
562577
685447
283668
104114
205433
92757
345932
708157
401700
611185
415250
26871
133454
450452
655816
737567
730869
432453
345404
90876
232110
357633
185678
102685
536083
345404
388773
105170
186579
411181
695717
422393
692811
374951
219305
602335
90876
268391
690946
106830
471277
686334
584486
705301
685447
659325
621920
110493
146414
597207
159743
545536
95028
584486
608980
374951
602335
671418
382761
621920
246068
409917
424328
454328
90876
661939
575588
424328
87374
683319
469997
256240
39074
100315
705301
626547
545536
574831
636540
29664
124899
72533
491919
527513
689416
556957
308905
504026
9685
350412
39765
150780
659160
357633
173865
394176
363122
372323
99427
136777
324227
701871
207369
396738
521659
140489
546547
638435
608679
477427
223712
471848
316097
521011
626547
363815
626547
646290
384500
696674
646290
221122
131658
103355
116437
679774
382287
141465
587396
714195
400310
338006
87374
193667
52066
440185
90876
143479
471277
646290
331010
370575
79967
234573
483537
314022
394176
678557
333439
79967
221122
71580
4906
246068
536083
545391
116039
675543
539281
159743
555733
502582
137052
653299
592286
219305
652230
430055
694539
536083
395917
268391
3471
252840
461225
737567
334592
9376
554734
177490
438375
692811
422393
35077
303776
116039
671300
497166
331010
649504
580538
26871
56728
617462
213494
291552
213494
432453
498165
394176
602335
110493
409917
614937
659160
390503
205433
566579
649504
589667
639378
499855
222910
305533
734744
734744
378024
584486
430055
444377
592286
462881
597207
483537
46443
46443
67044
357633
75278
257180
270793
335561
714195
204681
69213
133454
433073
663194
298758
550067
531859
277890
276838
694207
595568
659160
589667
542675
156029
260600
647916
186579
32880
586602
341910
632359
254214
145943
130848
56728
513205
659160
501132
223712
207756
669138
322188
556957
63888
189593
260993
177490
293883
422393
684627
181871
111510
177490
636540
407150
281717
372323
167468
270793
239411
647916
595568
452774
553924
137052
663194
457551
410645
39765
574831
425852
260600
580538
324227
618651
156108
475700
232110
67044
115268
200944
97383
705301
145943
362184
546547
39074
106830
524172
258759
355937
146087
667568
176729
561229
57122
163255
469410
432453
621920
386275
186579
396738
531859
565923
600148
278579
655327
250236
159163
595568
71580
600148
388693
685447
643450
701871
444377
432453
116039
174934
606470
608980
566579
223712
597207
566579
536083
600148
553924
294810
430558
500524
524172
480688
26871
692811
592286
409894
621920
409917
232110
219305
450054
287671
564995
150780
180424
556573
386493
352843
357421
588212
79967
632359
458044
617462
213494
331010
666219
617462
617462
591461
580538
438375
642749
268391
335561
62914
314105
133454
133454
268391
671300
649504
525638
602335
611185
449588
60465
600148
403652
640222
52236
277890
200944
479971
638435
229120
632359
185678
675543
176729
2623
644128
527513
386582
131658
650389
665047
575588
341485
52066
690946
562577
611185
690666
636540
670828
725246
600148
285505
116437
628048
246068
678557
219305
270793
403365
71580
719985
446912
531859
691558
591461
69213
457551
620415
52236
670837
332233
730869
167468
672212
281904
549153
568121
727116
621920
299516
607394
287671
100532
97769
535967
176729
568690
463344
629260
551867
627312
39765
314105
266449
524172
7324
141465
79967
686334
267207
450054
297606
58166
441004
568690
537128
629952
709437
708157
360703
642749
418602
495048
650389
193861
454328
600148
520543
609979
638435
19065
423888
410333
632359
694539
658816
409917
164384
43155
514054
556573
227301
239411
38497
657113
282607
440185
319460
334592
738979
334592
39074
314022
81620
56728
387866
286642
322188
544128
370575
647267
242129
300999
355937
691781
720866
703153
153721
555733
589667
143479
351919
246068
460880
618651
536083
500524
574831
471277
611185
334592
691781
414523
407150
185678
281717
605073
608980
636540
675543
640222
709437
53225
499855
260902
646290
150780
254786
71580
389764
566579
5586
291915
158150
575588
104114
352843
685212
636540
102685
507654
181871
113585
63888
163255
628048
357421
294368
424328
282729
635352
167468
192322
691781
388693
692719
229120
578775
715439
5586
505590
655190
574831
366430
52236
347287
717294
708157
217153
639378
237332
319460
591461
303227
110493
414220
539017
524172
553924
608980
2151
618651
536785
186579
212138
703153
692811
611185
727116
156029
160734
145943
229120
648905
324227
502582
364279
666219
635352
600148
362184
420286
495781
468158
551867
665047
522260
441004
654263
513577
200944
720602
607394
185516
540208
681126
23363
186579
211293
272542
376932
566579
476485
471277
254786
600148
642749
604104
603643
82481
659160
510693
674120
47077
242129
700830
625584
526166
388773
75278
571301
642749
189593
219305
347287
471277
265772
649504
102685
692811
519002
200944
194295
334592
669519
481494
181871
659325
239411
176729
146087
411181
205433
341485
90876
384500
549153
20799
705301
87374
337867
691781
294810
490724
442169
418602
432453
7324
690666
694207
621920
444377
319460
562577
628048
597207
600148
404914
4906
370575
703153
250236
737567
409917
260600
239411
170804
174934
652230
500524
678557
392443
587396
617462
210609
181871
47558
137052
146414
605073
213494
350412
626001
407150
580538
9685
699116
461225
68023
121429
643539
191675
340655
120401
3969
218894
284121
415814
619738
619738
15944
107111
234750
533205
196944
371895
442691
319636
650945
153482
474362
72670
545781
212873
714214
92912
484908
497181
201398
107111
221432
471664
355236
601168
692122
374045
15344
597312
187192
9257
293734
145118
549418
353641
303039
346893
661110
320438
149095
57280
329552
522310
563589
724422
139863
196944
57280
373973
385799
713585
601168
604675
693856
34491
533624
141676
141676
44796
202704
284121
360277
129226
207525
361260
399220
480113
714975
72670
394026
309150
485193
212101
212873
12913
168953
227440
613511
274359
113819
662993
647477
168953
19125
466539
58583
659947
312695
17795
549418
586452
101788
141676
714214
4299
122979
451317
131199
523118
415814
388328
217619
8419
494950
240532
447079
239964
575094
81174
92623
347671
3969
722357
206787
265523
141676
131199
212101
438741
17351
139863
101054
623441
51708
435122
681894
558162
522310
557981
535279
553432
731419
52768
408062
710961
745172
332104
338934
240532
691929
115269
564574
595785
116900
219875
176160
670285
153482
212101
456898
247162
168207
112183
152280
168207
206483
189640
183507
35689
435122
647833
654336
113819
595785
622907
168207
263104
129226
15944
545781
555493
183507
89440
98342
35689
95588
137415
149647
652978
149068
335055
19125
189640
107111
309150
141676
24060
670285
723663
136058
206787
493348
317821
754052
698922
173767
442842
112828
648816
428476
442842
174463
125200
533205
704967
514394
470722
493348
98342
96994
83972
676827
116900
90548
385719
24060
183945
101788
138792
410697
370727
228154
354999
217423
66043
115269
141676
466539
332260
710961
297385
15344
169640
634633
153482
26915
674787
367212
750335
74602
273430
382851
623787
96994
138792
163996
657109
240532
227440
110392
163996
575094
346893
111471
561471
201398
189640
161201
52768
130268
580901
2694
132974
579341
95055
252753
454909
181789
217423
120401
299430
0
399220
212101
475981
161201
538867
157972
667870
435122
196944
693150
21809
29391
98342
623441
15944
44796
61595
531791
19125
144718
704967
135178
252
30037
305401
149647
189640
329552
202704
352492
157972
120401
107111
194546
149647
375354
714214
268342
139863
646742
228154
474362
502737
665712
326952
734985
451317
423652
163996
514394
718236
377155
141676
240532
373973
10705
189640
485193
227440
303039
643217
68023
651869
395573
51708
15944
500528
93048
408062
468558
88234
46840
449789
120401
312695
199636
494950
61595
41559
429260
293128
221665
600781
165610
178952
35689
15344
149647
707090
240532
12913
191675
76813
371895
12913
303039
654336
326952
178952
704967
252753
654336
380322
95375
319284
186209
174463
380322
98342
7699
179724
207525
660429
584566
320438
137415
631327
710961
337120
91832
48947
660429
442842
286605
412842
183507
141676
260403
168953
168953
183945
46840
210170
107111
738275
227634
293734
219875
196944
105728
646592
165610
212101
101788
15344
445067
652729
222837
19125
149068
412842
83972
129226
268342
44796
317821
81174
660429
541254
436553
340655
474362
107111
60592
41559
377155
373100
38455
72670
597312
26915
129226
61595
31697
619738
562003
26538
222837
183507
212101
173767
101788
240532
214796
230469
385799
165610
122979
575094
421294
584566
90548
41559
24060
629404
722357
477156
3969
120401
446192
111471
343970
286421
280255
245689
168589
735507
299430
83972
674787
81174
181789
161313
689262
212101
693856
665712
100224
149068
686245
268342
217423
72670
65685
410697
98342
297385
284121
658709
533205
107111
738275
252753
599194
120401
243816
714214
2694
237621
360277
442821
231539
413627
44796
52768
91832
212873
586452
176160
474688
343970
222837
313582
191675
116900
385799
66043
68023
310443
620575
320438
76813
407274
451317
714975
183945
595785
340655
317821
6929
144718
129226
111471
189640
13566
115342
593235
76813
87006
102259
153482
577829
557981
207525
486751
404611
408062
498792
723687
165610
450187
364933
15344
157972
88234
161313
382258
66043
707090
58583
115342
21531
383788
264861
731419
510328
419002
647833
399220
186209
35689
212101
505489
561471
183945
267398
149647
192896
660429
698922
51708
266577
323833
24060
418616
679446
619738
287542
681894
41559
423950
508860
416079
30954
252753
51708
135178
161201
487020
417913
51708
260403
293128
570441
739886
181789
212101
9257
650945
38455
408062
168207
411066
225838
48947
550652
367212
149647
125200
337120
633753
404611
638145
690684
599194
201398
622907
41559
268342
204139
410697
129226
91832
252753
139863
374045
551335
192896
432215
201398
429260
196944
149647
326952
66043
738275
320438
397080
547224
36075
530183
3969
101788
354999
38455
526279
461380
15344
141676
323833
81174
646592
228154
267398
157972
410697
116900
438741
3969
461076
139863
201398
553432
35689
161313
675294
21531
312695
168953
549418
52768
19559
234072
87006
240532
632052
302253
745172
654336
137415
57280
377155
89440
49785
61595
139863
17351
35689
183507
237621
703095
616182
498114
121429
15944
502737
512451
470722
170185
183507
510328
101054
747900
743360
553508
466539
320438
739886
264221
494950
317821
352492
399220
221665
153482
35689
508860
532781
303039
183945
189640
601168
658709
535279
622907
311107
399220
68023
362046
446014
488828
168207
207525
697450
347671
102259
174463
660975
493348
212873
0
68023
186209
183945
570441
354999
253500
181789
66043
704301
654336
586452
252753
186209
518016
160467
113819
192896
562003
240532
237621
15944
681894
116900
545781
129226
126127
404611
25506
360277
531026
83972
41559
95588
125200
176160
438741
196944
141676
91832
192896
212101
98342
21531
435122
116900
595785
651869
395573
258332
15944
423652
577829
8419
61595
125200
24060
161313
434899
217423
8419
704301
303039
19125
276927
300066
696251
230469
634008
486751
384504
734985
505395
416079
112828
125093
139863
90548
355236
373100
473779
364933
19125
391107
81174
2694
207525
201398
3969
192896
95055
404611
141676
66043
474362
679782
648816
129226
368794
557981
110392
354999
174463
29391
423652
183507
382258
260403
599194
67431
648816
429846
609776
10705
380322
102259
76813
81174
411066
30954
347671
168207
115269
432215
629705
8419
538867
570441
537928
83972
110392
351600
161201
370727
377155
137415
260403
364933
6929
734985
595785
332260
62502
444306
35689
580311
178952
122979
222837
57280
518805
707090
514394
215589
643539
52768
323485
145118
112828
217423
183945
222837
530183
52768
91832
95588
10575
170185
275883
623787
207525
252
101054
120401
129226
493149
498792
212101
30954
90548
96456
4124
536208
382258
52768
122979
51708
59954
15344
126127
74602
3969
407274
552762
429260
52768
189640
332104
593957
674654
174463
201398
74602
629404
652729
138792
566727
189640
435122
107111
323833
526279
383788
81174
555348
273430
505395
170185
98342
332104
15344
153482
49785
15344
79427
76813
95588
423652
721175
371895
170185
358226
494950
149647
674787
593235
98342
323833
471664
10575
494950
110470
723663
538529
183945
72670
757013
466539
480113
201398
500528
212101
72670
145118
93916
643539
161201
722357
364933
41559
3969
747900
122979
293734
52768
201398
141676
480113
181789
183507
174463
380322
468558
562003
35689
217423
438741
264221
49785
337120
745815
361260
225838
125200
423652
323833
485193
181789
15344
49785
521714
66043
743360
225138
110392
217423
408062
553432
149095
648816
719333
471408
230469
272866
2694
533205
107111
505489
696251
72670
667870
258332
92623
157972
757013
157972
98342
168207
360277
174463
136058
318793
609337
183945
233964
475981
174463
44796
181789
41559
120401
176160
375354
574123
382258
49785
225138
299430
34491
92912
573189
500528
493348
61595
149647
346893
15344
51708
149095
149647
12913
88531
399220
289310
139863
329552
505489
659093
206787
98342
346893
189640
15944
480113
423652
95588
72670
286421
29391
183945
207525
96994
102259
129226
144718
46840
429846
270331
212101
623530
68023
277858
553432
694517
673744
538867
169640
629705
553432
12913
74602
79427
44796
415814
168953
191675
399220
275883
149647
375354
112828
302253
144718
89440
98342
510328
49785
46840
149647
411151
66043
666687
26538
82236
757013
407274
248526
343970
694183
595785
632052
17351
693856
484908
49785
329552
10705
259043
293128
587363
81174
2694
361260
52768
469878
191675
312695
374045
10575
273430
125200
153482
252753
129226
587363
121429
88234
584566
45083
457624
183507
44796
3969
337120
183945
165610
745172
317821
130268
51708
33707
714214
408062
68023
96994
219875
368794
29391
473779
493149
8419
189640
622907
459099
149647
131199
48947
110392
247162
488828
228154
212101
439285
82236
633753
3969
38455
352492
76813
297385
268283
559562
716703
635007
131199
276927
575094
738275
435122
15944
225138
165610
266075
451317
72670
196944
734985
201398
284121
228154
252753
189640
90548
457624
169640
320438
26079
647833
145118
674787
253
61595
484908
201398
93048
111471
612281
116900
38455
364933
660975
149647
98342
648816
347428
586452
349984
747900
484908
375354
15944
112828
455713
609337
450414
747900
25506
81174
643539
90548
417913
550652
650945
174463
562003
446192
358226
228154
233964
228154
168953
593235
52768
266075
693856
178952
81174
397080
602852
343970
629404
38455
174463
681894
346893
456898
157972
217423
648816
525524
61595
260403
341465
521714
88234
300066
527747
533624
303039
399783
514394
586452
88234
300066
186209
667870
312695
647833
24060
517729
52768
183507
237621
432215
81174
580400
562003
87006
26538
370727
3969
451317
317821
91832
149068
15344
410697
111471
276927
149095
196944
161313
553508
587363
754519
178650
6858
7999
572267
207525
368794
207525
83972
635947
116900
302253
38455
302253
329063
473779
435122
352492
252753
62502
113819
303039
302253
758348
628139
264221
125200
347671
293128
163996
214796
157972
233964
172762
451317
286421
186209
141676
693856
149647
633648
192896
275883
95588
361260
492228
38455
745172
248526
129226
178952
149068
719612
665712
68023
3969
111471
145118
590779
181789
72670
153366
61595
126127
252753
368794
96456
729879
91832
141676
227634
98342
290600
549418
410372
410697
81174
738275
0
377931
44796
346893
141676
35689
181789
197300
168207
500528
438741
461076
174463
659093
9257
619738
196944
57280
88234
482520
303039
497181
580311
160467
480113
201398
81174
660975
575094
234750
181789
658709
399220
112828
318793
616926
10705
64881
19125
183945
632052
161313
234750
335055
168953
183945
230469
651280
46840
252753
107111
410429
93048
125200
237621
153482
674787
620575
411066
82236
549418
493149
207525
38455
174463
35689
397080
161313
245689
367212
93048
738275
17795
692122
112828
533624
125200
456616
176160
9257
356572
177951
107111
362046
228154
102259
625684
101054
149647
51708
451317
196944
722357
248526
494950
404611
111471
44796
51708
429260
225138
56916
586452
566727
21531
461076
189640
217423
586452
375354
252753
273430
82236
112183
721578
502737
498632
181789
745172
101788
315238
517729
38455
149095
189640
722357
125200
196944
169640
693856
486751
64881
438741
61595
110392
178952
688659
450414
468558
82236
337120
557981
622907
212101
689262
680684
494950
196944
399220
747900
280255
217619
0
172762
348510
676827
139863
183507
407274
46840
399220
17795
375354
360277
314444
553432
189640
465087
489990
407274
526279
19125
268342
570441
57280
6929
444306
264648
460311
681894
629705
485193
160467
303039
212873
149068
178952
35689
136058
354999
74602
223162
550652
49785
192896
51708
199636
234750
141676
583218
562003
618834
439285
584566
66043
652978
411066
609337
102899
411934
329063
0
423652
449789
111471
370727
111471
57280
442842
613511
57280
115342
743360
622907
570441
91832
346893
747900
411066
518477
44796
170185
454909
687850
575094
8419
391107
72670
219875
450187
107111
733990
681894
492476
183507
149647
212873
153482
38455
739886
7999
141676
96456
362046
15344
225138
531791
66043
674787
638145
648816
500083
74602
649326
470722
135178
76813
225566
417913
72670
373100
731419
407274
199636
595785
692122
95055
176160
96994
41559
19125
423652
168207
609337
347671
226110
556402
97802
714975
93048
526279
478737
457815
325759
293128
412842
285093
240532
429260
697450
362794
113610
273430
385799
72670
115342
102899
750335
206787
465087
681894
17795
297385
181789
652978
110392
444306
212101
26079
183507
633753
665712
454909
68023
225566
137415
580311
92623
252
741767
68023
71161
98342
280255
116900
57280
95055
174463
544788
416079
362794
217619
514394
212101
416079
639108
139863
207525
358226
443523
26538
305401
302253
714214
461076
368794
260403
731079
297754
233964
545781
634633
337463
273430
95055
3969
196210
338934
584566
485193
358226
174463
584566
457624
570441
290600
500083
367212
267398
553508
189640
750668
485193
502737
635947
176160
395573
89440
343970
8419
136058
145635
153366
201398
267398
558162
81673
660429
24060
165610
634633
66043
204139
165610
199636
643539
549418
689262
3969
115342
616182
181789
494142
10575
337120
44796
643539
115342
10705
219875
533624
305401
468558
429846
98342
212101
667870
575094
343970
189640
189640
305401
582427
210170
138792
212873
165610
270331
38455
189640
750335
183507
163996
52768
404611
692122
280255
207525
178952
622907
456898
52768
93916
385719
141676
57280
38455
44796
38455
383788
178952
168207
76813
260403
514394
360277
511192
88234
485193
497181
102259
0
395573
260403
629705
57280
746963
593957
318793
459853
404611
168953
174463
664099
450187
368342
648816
82236
90548
623441
22695
105505
183507
457815
63995
566727
95588
189640
110392
44796
683796
89440
340655
284121
116900
186209
186209
46840
486751
227440
2694
196944
10575
91832
410697
602852
422741
497181
87006
35689
347671
485193
578740
650945
716140
