8 8
72263 8419 55507 20324 91755 52440 23833 40787
43896 76816 36755 55447 37493 25197 28806 8158
25187 67254 96533 11633 87146 19947 60933 61777
93331 60407 66650 81711 67421 75937 3204 31741
45644 25632 25607 79091 31101 58533 33858 39864
83305 9970 19125 98016 8962 25312 80555 98895
18430 43522 19934 29620 47550 61112 17587 62125
66285 47793 21441 98804 50757 45295 14350 67121
15199 73866 44102 23741 90019 70997 26099 88584
97897 37945 20395 80038 21090 65001 73394 57459
44129 12436 50197 77087 25666 50613 17376 1589
65536 52021 27215 56674 78958 55659 20909 13073
64594 31985 96398 96463 14512 92598 85902 46789
1006 79664 93990 83031 99434 55845 84576 38719
29463 45873 62862 3636 23365 8197 38587 73696
10634 54986 70141 26447 21257 77026 1341 6978
