10 10
43160 45942 25141 50836 26666 78029 12721 4060 47766 38519
28905 65543 95241 88277 30507 45604 22707 25934 46518 13090
98505 23934 17519 85400 67853 49111 19614 75664 84998 98627
58475 42511 85657 39342 35060 66998 41228 16873 88181 36244
33724 98601 65211 64329 12231 25041 57657 33323 32086 9914
67707 11082 99390 52288 73989 10778 41266 243 55391 50966
47117 8071 51720 59070 40095 87323 95227 75112 19268 32878
36562 43121 26448 31248 92788 87921 93752 61721 4743 4906
38017 61014 64025 80063 59012 46211 59672 86291 3434 42691
2175 76902 45853 58730 16049 8001 58185 69473 57561 93057
0 0 0 0 0 0 0 0 0 0
0 0 0 0 0 0 0 0 0 0
0 0 0 0 0 0 0 0 0 0
0 0 0 0 0 0 0 0 0 0
0 0 0 0 0 0 0 0 0 0
0 0 0 0 0 0 0 0 0 0
0 0 0 0 0 0 0 0 0 0
0 0 0 0 0 0 0 0 0 0
0 0 0 0 0 0 0 0 0 0
0 0 0 0 0 0 0 0 0 0
