10 10
70388 78095 16286 35188 72693 40763 98905 1023 65024 81842
53222 18629 20665 77097 41261 75861 40355 56217 80207 40759
77986 26227 84790 23663 93662 20282 61248 48145 68547 41170
64745 34107 19239 33868 8082 12212 50633 22908 30293 5248
33110 94868 72727 62632 96809 25113 85890 62667 43510 81164
26665 7930 44119 58085 77499 44942 73607 58721 52077 93040
88757 27138 31606 10412 19462 65384 27048 47296 83210 94103
38221 55455 28682 38180 66478 36719 70964 19283 36725 69008
19180 7125 13924 592 6879 11120 25056 6628 80683 56358
18820 4293 59138 71729 9492 12903 27774 77895 4216 72544
85576 20288 35391 18421 7903 44364 36997 2930 85457 76835
95737 4785 37174 47201 39599 42454 96520 26425 43944 66896
2836 8676 57571 77582 78423 61496 96674 50909 93001 96278
2327 12869 58981 62593 60567 71664 12671 39072 49312 35184
68755 62124 24145 38918 74731 67003 9710 27596 53141 43442
27801 56922 57772 46984 21733 34111 55634 48468 79507 71805
84085 37779 21099 72229 23463 11410 61502 67242 73061 63947
46374 76227 73149 78472 95637 6612 91614 33665 8285 26138
76215 73522 65541 55228 77716 54266 10999 37676 49835 48596
34201 1078 83433 63238 66384 49999 54558 94033 32103 92010
