10 10
73014 81755 69006 80227 53814 27348 35895 72225 44812 88805
46580 26594 98521 91734 45006 95725 83991 93222 31280 42881
1930 4436 14909 30601 47389 69949 95259 44800 40302 49192
7321 87219 55625 68368 74472 97075 84918 24964 75871 34301
25844 4678 18311 10928 22967 77535 89398 18506 95071 67064
15993 71276 46199 5599 54602 63933 93814 70615 89387 59725
19555 69124 5143 70970 1969 65407 29923 99120 83988 99088
78424 84548 69388 21461 94160 23284 36824 83133 84961 22864
23643 30720 96468 3238 42978 20033 82232 74567 24341 43064
60283 6422 47498 80660 19504 45546 15784 55369 96094 98272
0 0 0 0 0 0 0 0 0 0
0 0 0 0 0 0 0 0 0 0
0 0 0 0 0 0 0 0 0 0
0 0 0 0 0 0 0 0 0 0
0 0 0 0 0 0 0 0 0 0
0 0 0 0 0 0 0 0 0 0
0 0 0 0 0 0 0 0 0 0
0 0 0 0 0 0 0 0 0 0
0 0 0 0 0 0 0 0 0 0
0 0 0 0 0 0 0 0 0 0
