10 10
27529 95558 10391 83912 84199 11266 31322 29230 3717 17653
99818 93168 68278 68079 2991 59925 54348 68141 65949 46561
64979 83072 67821 31192 27141 9762 57620 88326 86972 90315
8756 61729 66442 11671 42697 15428 81717 40639 97733 75316
47835 12306 76669 33750 16018 7878 4065 57240 94357 18110
6533 38971 58255 94277 55680 11389 44913 80053 42397 69531
60262 41078 54203 51034 35838 42212 84385 79472 48212 13986
36115 43505 39469 33942 60546 86179 38923 2481 62185 36308
86897 17356 4225 91761 83628 4116 9854 82417 22576 25057
31982 69725 1639 74805 60805 46010 7211 10924 35076 52492
80105 28105 82068 16000 435 94568 67898 97496 31963 98606
43601 54051 36561 23379 25457 48728 87946 12985 18625 11875
34208 91842 95089 56833 41043 12304 53611 5544 58249 36187
33491 1111 31930 46044 40503 87212 21096 47342 67979 54998
37146 69099 77892 57679 23244 95275 20321 51359 46979 60712
27086 98449 55781 70914 52821 25829 76795 70310 52619 82505
38945 69537 47103 51076 33908 65326 58030 72570 92747 53806
49840 49028 61481 1448 5099 54529 85072 82076 11523 62000
99977 89540 87092 44888 87275 73167 12230 84307 73667 77496
82936 77373 21004 70777 76695 74882 44352 85453 3951 31777
