8 8
86108 81572 62938 40758 11532 21392 3581 2504
21005 70268 95734 70594 56220 90574 91914 5991
38371 69652 23397 46886 40865 53758 18445 39947
2301 13696 50188 33660 76692 5028 28616 79962
5316 54006 78086 86163 74562 7894 6618 13992
57283 96786 75838 91328 24732 66214 68383 61101
83739 36224 73652 10071 79305 69475 93896 73526
8784 32382 69759 20378 37897 42326 99567 81264
0 0 0 0 0 0 0 0
0 0 0 0 0 0 0 0
0 0 0 0 0 0 0 0
0 0 0 0 0 0 0 0
0 0 0 0 0 0 0 0
0 0 0 0 0 0 0 0
0 0 0 0 0 0 0 0
0 0 0 0 0 0 0 0
