3349
3116
3662
3346
0
2967
3858
0
3462
3349
3349
0
0
0
0
3343
3500
3858
0
3738
2969
3946
0
3366
0
3352
0
4173
3342
3447
3349
2462
4086
4086
3067
3342
2679
0
0
0
0
3280
0
2879
0
0
3302
3329
2166
0
3405
3418
0
3272
0
3246
4058
3405
2692
3858
0
3967
3811
3356
2654
3811
0
0
2672
0
3674
3704
0
3287
0
3343
0
0
3858
0
3418
0
3811
0
3171
3168
0
3447
3379
1944
0
2939
3447
2738
3570
3349
3349
4153
0
3284
3384
0
3078
3346
0
4086
3270
3263
3349
3684
0
3570
3422
3447
3570
3338
2781
4066
3129
3569
2839
3349
0
0
0
3349
0
3286
0
3010
4058
3349
0
3404
0
0
0
3349
1658
0
0
3349
0
3349
3318
3104
3858
3193
0
0
0
0
3071
2050
0
0
0
0
3674
3312
0
0
3662
3269
3260
3349
0
3261
0
3425
3349
2559
3343
4058
0
2295
4058
0
3312
0
3446
3275
3858
0
3077
3479
3447
4173
3570
0
0
3738
0
3450
3569
2122
0
0
3343
2879
3570
3314
3946
0
0
3405
3858
0
0
0
2938
3140
3349
0
3450
0
4086
0
3067
0
4058
3362
3858
0
3343
0
0
3447
0
0
3674
0
0
0
3349
0
3349
0
4086
0
3349
0
0
4380
0
0
3671
3202
3176
4086
3110
3349
3364
0
0
0
3858
2431
0
0
2473
3858
0
0
2388
3312
0
994
3418
2808
3292
0
0
0
3570
2817
3353
3858
3053
0
3315
0
0
3447
2222
3638
3858
1818
0
3684
0
3704
3405
0
3488
0
3349
4058
0
3858
0
2550
3570
4086
0
3255
4058
3405
0
0
2822
2681
3671
3738
3416
0
0
0
0
3858
3287
4058
0
3500
3462
0
0
2120
0
3518
3693
0
0
0
4058
0
2413
0
0
0
0
0
4092
0
2807
0
0
0
3349
0
3500
0
3738
3073
4092
4066
3638
3405
0
0
2888
0
3678
0
4153
3858
2135
3405
2626
0
2913
3447
2833
3173
4086
0
0
2400
0
0
3134
2348
3388
3349
3349
3155
3349
3352
0
3349
3349
2181
3517
0
0
0
3356
0
3349
1325
0
2676
2161
0
0
3418
0
3302
2892
3858
4380
0
3364
0
0
3349
3447
0
0
0
3349
3811
3418
0
3858
3383
0
3314
3418
3662
3418
3500
0
3315
1066
0
3393
0
0
1443
3704
3373
3313
3343
2636
0
2364
0
3570
0
2636
0
0
0
2738
3450
0
0
3446
0
4058
3349
3241
2896
3349
3418
2948
1159
3349
3349
3418
0
3704
3271
3349
3569
3671
0
3016
3500
0
3187
3338
3342
3570
0
4058
0
0
3313
3388
2439
0
0
0
0
0
1723
2639
3479
2834
1750
2559
3074
3353
3780
3378
0
3343
0
2965
3967
0
3569
3674
1386
0
3293
2735
0
3780
2908
0
3275
3131
0
3313
0
2298
0
3272
4058
3405
3287
2671
0
3404
3479
3294
0
0
0
0
0
3418
4058
2229
1502
3383
0
3349
3349
2833
0
0
4173
0
3275
4086
0
3518
3858
3272
2120
0
3405
3678
3349
2192
3349
3704
0
3811
2823
0
3418
3811
3349
3858
0
0
3349
0
3570
3260
3312
3418
0
0
4380
0
3738
4066
2958
3261
3167
3811
0
2768
0
0
0
0
3418
3349
4086
0
0
3662
0
3405
0
3858
3349
3077
0
4086
3091
3269
2697
1481
3259
0
3447
3418
3073
3271
0
0
0
3017
3418
3349
0
0
3570
3500
4058
0
4086
2373
3858
0
3346
3349
0
2385
0
3738
0
0
3364
0
0
0
4173
0
3216
4058
3418
3684
0
0
2234
3858
0
3173
831
3366
2997
0
3570
0
0
3431
0
3292
0
0
3388
0
4058
0
0
0
2909
3145
2846
0
3405
3674
0
0
3349
3405
4058
3946
3108
0
3260
3570
0
0
0
0
2710
2879
2616
2913
3738
4066
0
4058
2808
3162
3349
3314
3967
3738
3349
3684
0
4058
3693
3447
4058
0
3570
3405
0
3570
3173
3684
0
3383
3704
3313
4058
2637
3037
0
3349
0
3349
2721
3343
0
0
3858
0
2310
3343
3418
0
3349
3684
3020
2565
3342
3290
0
0
3142
2999
2773
3447
2773
0
0
3187
0
2381
3554
3858
3349
3349
3858
0
0
0
0
0
1550
0
4141
2636
4086
2678
4086
0
3946
3678
3967
3263
0
3273
0
3638
0
0
0
0
0
3349
3325
1749
0
3405
3173
0
2576
3671
0
0
3858
1851
0
0
2144
4058
0
3349
4092
0
0
0
3088
0
3261
0
3272
0
3364
0
3343
0
3285
3364
3518
3072
3405
860
0
3272
0
3172
3780
0
0
0
3379
0
3405
3313
0
0
3334
3364
0
0
1971
0
3383
2545
3570
0
2454
0
2993
4092
3287
0
3405
0
0
3858
3946
3037
3704
0
3285
0
3330
3349
0
0
3349
0
0
0
0
0
3349
0
4058
3261
0
0
0
0
0
0
3780
0
0
3353
3418
3349
4086
3858
2157
3570
3349
0
3287
0
3343
2633
2650
0
2645
4086
0
2174
0
3338
4173
0
0
2907
3450
0
0
1435
0
0
0
0
0
3858
4086
0
3349
0
3241
4058
4058
3131
4058
0
3638
0
3343
3450
3858
0
3570
0
3349
3780
3780
3393
3858
3946
3037
0
0
0
3280
3858
3346
3450
2822
0
0
0
0
0
0
0
3570
3362
0
0
4058
0
3422
4058
0
0
0
0
0
0
0
0
3240
3811
0
3373
4058
0
2594
0
3338
3383
0
0
3139
2622
2711
0
0
3738
3349
3349
2565
0
0
0
3967
3220
2636
3704
4058
0
3349
1177
3671
4092
3684
2224
4086
2852
3418
0
3360
0
0
0
3284
0
2278
0
3404
0
3200
0
3569
1954
3674
3349
0
4058
4092
0
0
4058
4058
3662
3310
3447
0
3349
0
3349
4092
3418
3418
3275
0
2514
0
3858
0
0
2000
2678
3500
0
3349
3191
0
0
0
0
4086
3049
2671
0
3071
0
3273
3684
3570
0
0
0
3447
3077
0
3349
2174
2437
3343
3272
3080
3674
0
0
3946
0
0
3000
2838
3858
0
3431
0
0
0
0
0
3858
2764
0
3517
0
2559
0
3202
3349
0
0
3349
0
3200
0
1944
0
4066
3479
3353
3450
1795
3088
2560
0
4380
0
3379
1748
0
4153
0
3662
0
0
0
0
3450
3393
3302
3404
0
0
4086
2681
0
4086
2839
1843
3176
3038
3306
0
398
0
0
3349
3131
4058
2779
3570
3450
2514
3349
0
2416
0
0
0
1481
0
2477
0
0
3405
0
0
3967
3349
0
4058
3280
3349
3500
3500
3405
3570
2453
0
0
2728
3310
3349
3272
0
3263
3006
3246
3416
4086
0
3343
3858
3418
3967
0
3349
3554
0
4173
4380
3288
3674
4086
3393
3349
3349
3167
3343
0
0
0
0
0
3858
3500
3349
0
4058
4058
3405
3141
0
0
0
0
3418
4066
0
3263
0
0
3858
0
0
3088
3500
2735
0
0
3704
3570
1124
3360
3343
0
0
0
2944
4141
0
0
3349
3349
3638
3780
3383
3157
3197
0
0
0
3418
3261
3293
0
0
0
3318
3450
0
0
0
0
0
3349
3349
0
4086
3379
3518
0
0
2846
3967
0
3405
3674
3450
0
4153
0
3195
3275
2652
2838
1832
4153
4058
3405
0
3080
0
0
3294
3811
3134
2483
4058
3704
4066
2024
0
3183
0
3500
0
3216
3858
0
0
0
3780
0
3384
4058
3366
0
0
3263
0
1516
3271
3431
3858
3272
3405
2938
3170
0
3157
3418
3570
3967
3446
3306
2960
0
3176
3024
0
3684
0
0
3167
0
0
3362
2250
0
0
3946
0
2650
0
3704
3269
0
3349
3858
4058
3018
0
3704
3142
0
2650
3404
3671
0
2589
0
0
0
0
0
0
0
3704
4058
3234
3662
3349
3364
0
0
3858
0
3450
3049
3858
3967
3349
3349
3106
0
3416
4058
3173
3858
0
0
3738
3338
3364
3056
0
3780
0
3238
3349
3738
3383
3349
0
0
3684
3518
2803
3674
2785
3426
0
0
4092
0
4058
0
2308
3349
0
3674
3780
3028
0
3349
3343
0
2781
3020
4058
4058
0
0
0
3418
0
3405
3416
3811
3662
3704
2247
0
3450
3570
3418
3518
3131
3674
2506
0
3313
3674
2804
0
4058
0
0
3704
2373
3383
2681
3373
1873
0
0
4066
0
3373
0
3418
0
0
0
3349
3780
3488
3043
0
0
2858
0
0
0
0
0
3418
2888
4058
0
3342
0
3858
0
0
0
3447
4086
3349
3488
2480
2687
0
0
3447
2019
0
3570
3858
0
3396
3780
3405
0
0
3554
0
1849
0
3693
0
3280
3425
0
0
0
0
3570
3418
3418
3858
3858
3343
0
3101
3349
3780
4086
3450
1428
0
0
0
0
3111
0
0
0
3349
2546
3202
2693
3353
3684
3349
0
0
3285
3554
3811
2808
3462
0
0
3285
3858
3294
3447
3384
0
3349
0
3349
3353
0
4058
4086
3294
0
0
3704
0
3780
0
3349
0
3038
0
3142
3263
0
3349
4058
3858
3349
0
3446
0
3134
2738
0
3349
0
1396
3450
0
0
3638
3569
1981
3086
0
3379
1762
0
0
3240
3858
0
0
2938
0
3349
3404
3858
3418
0
3405
3017
0
2370
3858
0
3104
3780
1795
0
3088
4058
0
3684
3016
0
4058
0
3678
0
3240
3310
3156
0
0
0
3014
3488
3674
0
3674
3364
0
3446
3077
0
3570
0
0
3349
3142
0
3462
0
3418
3351
0
1064
2650
0
0
0
3349
3349
3284
3570
3349
2907
3569
3334
0
3133
0
0
0
3073
0
1990
0
3343
0
3404
3364
0
0
0
0
3132
3662
0
0
3858
0
0
0
0
3370
0
0
0
3780
3674
0
4153
3353
0
0
3416
0
4058
0
3349
3946
0
3858
3111
3418
3220
3267
3293
3674
3811
652
0
0
0
3096
0
3349
3780
3149
1900
0
0
0
3450
0
0
3418
4092
0
2837
3704
0
3159
3704
0
0
3674
0
0
0
2506
0
0
3349
0
3349
0
3570
0
3159
0
3302
3405
0
1303
0
0
3379
0
3349
0
0
3343
3290
3479
0
3811
0
3003
0
0
4173
3395
0
1519
3254
2633
0
3570
0
2247
0
3091
0
4086
0
0
3570
4086
0
3338
0
3500
0
3569
3200
0
0
0
2728
3442
3288
3080
3858
0
0
0
0
0
3858
3570
2918
3216
3349
0
0
0
0
3384
3349
4058
0
3349
3349
0
0
0
0
0
3071
3674
0
2222
3858
0
3780
3304
4086
3704
4058
0
0
0
3393
0
3343
0
2054
0
3780
0
0
3349
3704
4058
3811
0
3638
3447
0
3142
0
0
3674
0
3338
3858
0
0
0
0
3334
3693
3263
3349
0
0
3393
3167
3246
4086
0
0
3662
0
0
0
0
0
0
0
0
2959
0
2920
3858
0
3738
3418
0
2672
3349
4058
0
3858
0
3388
0
3146
3662
0
3343
3858
0
0
0
3349
