1
888 2500
235 683 752 1
38 643 141 1
614 600 254 1
32 680 316 1
441 405 87 1
384 148 159 1
326 845 987 1
231 217 133 1
69 604 6 1
239 585 21 1
427 331 14 1
209 712 480 1
794 447 18 1
572 328 20 1
143 591 767 1
339 196 480 1
86 778 611 1
575 359 847 1
790 381 52 1
367 404 971 1
747 664 2 1
293 109 77 1
104 478 17 1
205 685 978 1
872 734 91 1
181 22 23 1
600 875 89 1
870 804 291 1
238 868 11 1
275 848 68 1
655 131 14 1
458 822 2 1
292 51 798 1
304 885 102 1
160 352 689 1
753 599 950 1
242 723 661 1
307 90 567 1
850 302 925 1
253 574 846 1
385 513 10 1
595 843 20 1
830 783 8 1
172 531 148 1
114 237 22 1
25 641 25 1
438 732 616 1
523 606 5 1
370 589 328 1
101 769 99 1
529 747 729 1
530 605 6 1
274 100 134 1
716 537 755 1
775 330 31 1
742 420 6 1
774 209 373 1
191 251 392 1
284 518 14 1
682 65 530 1
732 599 9 1
586 721 31 1
602 435 642 1
195 544 12 1
751 5 606 1
842 506 297 1
673 458 449 1
520 452 602 1
584 4 721 1
749 868 811 1
648 230 543 1
145 347 29 1
791 318 513 1
39 47 13 1
214 13 1000 1
339 729 46 1
594 590 464 1
152 466 103 1
528 348 25 1
298 681 361 1
9 38 10 1
846 371 737 1
781 842 29 1
539 124 985 1
640 568 41 1
442 868 135 1
87 523 26 1
687 242 485 1
771 550 717 1
259 319 636 1
433 746 6 1
766 423 31 1
404 413 628 1
592 116 19 1
312 285 95 1
333 618 29 1
124 726 465 1
487 224 18 1
188 762 394 1
491 683 23 1
198 622 16 1
807 671 8 1
685 384 29 1
724 561 20 1
594 407 669 1
549 359 12 1
368 277 822 1
169 873 19 1
214 429 25 1
374 181 2 1
440 233 429 1
777 420 27 1
9 437 702 1
699 585 553 1
708 289 861 1
705 281 9 1
873 828 997 1
797 629 249 1
103 517 993 1
334 863 817 1
678 606 398 1
245 178 909 1
666 783 318 1
678 168 380 1
54 262 600 1
298 596 414 1
68 484 25 1
410 832 416 1
337 663 941 1
547 221 4 1
228 21 360 1
675 627 6 1
255 608 477 1
209 191 22 1
528 78 951 1
511 267 27 1
695 592 9 1
438 196 74 1
27 254 469 1
446 530 576 1
468 508 968 1
221 231 19 1
432 224 23 1
104 662 519 1
593 802 51 1
394 628 11 1
699 239 740 1
368 570 276 1
310 304 999 1
834 556 87 1
598 106 917 1
496 728 25 1
826 84 28 1
274 732 361 1
738 599 10 1
135 729 14 1
504 134 266 1
565 289 326 1
871 391 309 1
190 781 888 1
179 89 217 1
730 463 4 1
53 702 905 1
608 266 778 1
343 635 23 1
705 364 915 1
596 850 19 1
182 21 10 1
78 271 19 1
77 808 176 1
81 786 962 1
380 470 888 1
715 280 129 1
311 546 653 1
746 18 196 1
726 292 30 1
461 55 153 1
270 879 6 1
397 601 24 1
597 498 103 1
249 16 11 1
258 695 572 1
453 459 32 1
86 539 704 1
516 289 31 1
350 682 14 1
490 744 16 1
245 373 14 1
67 15 907 1
231 676 359 1
511 59 150 1
42 494 3 1
858 393 693 1
544 882 874 1
692 493 16 1
432 735 800 1
239 660 855 1
280 714 15 1
398 299 418 1
715 248 20 1
526 111 601 1
118 782 458 1
214 294 427 1
151 438 659 1
616 441 921 1
347 576 582 1
645 36 645 1
284 229 40 1
23 19 27 1
53 314 15 1
195 841 324 1
531 883 10 1
177 644 9 1
853 821 648 1
10 632 11 1
165 664 989 1
88 667 899 1
728 350 64 1
393 424 17 1
861 375 20 1
800 352 597 1
278 499 2 1
345 343 78 1
510 804 24 1
300 786 764 1
330 219 539 1
34 197 16 1
819 81 576 1
4 67 955 1
863 596 466 1
724 427 667 1
260 488 927 1
87 543 267 1
657 580 18 1
673 212 22 1
498 820 203 1
433 199 671 1
615 228 688 1
858 406 24 1
791 101 3 1
20 100 409 1
780 496 315 1
592 258 849 1
525 617 706 1
372 844 436 1
781 556 309 1
562 290 905 1
886 733 888 1
429 13 383 1
187 485 427 1
436 464 15 1
475 486 7 1
255 770 15 1
32 189 13 1
497 800 28 1
686 672 681 1
262 597 30 1
169 697 695 1
533 150 22 1
398 315 936 1
234 623 155 1
513 60 234 1
44 537 979 1
547 252 6 1
157 59 34 1
862 484 438 1
848 591 19 1
293 294 441 1
9 102 4 1
169 384 556 1
392 423 587 1
633 128 212 1
798 655 2 1
792 713 304 1
505 162 291 1
387 657 27 1
437 581 27 1
547 466 29 1
77 661 18 1
11 183 6 1
129 823 17 1
571 202 211 1
419 615 6 1
609 133 180 1
409 603 987 1
401 211 368 1
163 864 27 1
461 872 11 1
487 620 754 1
427 588 4 1
838 887 3 1
59 860 3 1
142 390 23 1
626 219 15 1
86 385 224 1
120 382 440 1
481 320 813 1
884 576 252 1
780 350 26 1
631 786 170 1
598 108 3 1
305 756 23 1
327 378 179 1
765 766 29 1
160 886 151 1
303 836 298 1
696 430 3 1
544 308 534 1
798 858 347 1
859 545 202 1
590 74 9 1
158 249 25 1
114 701 90 1
761 75 309 1
883 57 839 1
315 887 7 1
784 580 11 1
789 840 226 1
329 181 546 1
834 92 19 1
157 787 833 1
37 756 106 1
455 253 28 1
776 384 161 1
791 602 9 1
504 172 4 1
167 16 690 1
154 546 838 1
293 99 12 1
536 612 27 1
86 201 28 1
771 756 350 1
269 507 946 1
308 841 9 1
797 76 18 1
825 563 111 1
166 493 623 1
582 171 116 1
691 2 6 1
145 211 18 1
242 85 6 1
187 346 10 1
241 122 498 1
353 486 535 1
435 782 160 1
285 426 254 1
182 654 18 1
8 578 998 1
48 123 550 1
694 688 221 1
39 558 85 1
573 448 15 1
852 266 9 1
285 283 25 1
562 137 326 1
813 887 107 1
392 835 797 1
325 502 570 1
762 142 17 1
442 64 632 1
230 857 387 1
689 139 204 1
741 74 1000 1
686 739 31 1
638 888 261 1
6 423 356 1
730 214 660 1
367 540 750 1
146 245 906 1
289 720 70 1
405 814 18 1
752 878 8 1
841 535 144 1
682 299 778 1
743 775 196 1
142 418 319 1
613 815 842 1
534 614 861 1
308 478 521 1
274 599 644 1
680 886 4 1
224 290 15 1
354 859 14 1
362 736 16 1
569 797 712 1
371 327 15 1
444 411 808 1
730 501 550 1
491 235 130 1
526 768 28 1
376 797 577 1
5 536 968 1
85 803 330 1
10 98 949 1
244 264 1 1
145 524 14 1
29 557 71 1
675 479 336 1
491 751 29 1
559 542 11 1
23 740 29 1
360 416 4 1
289 642 403 1
495 118 199 1
585 168 812 1
678 654 6 1
806 796 320 1
343 303 43 1
176 268 798 1
649 284 202 1
606 265 962 1
2 888 8 1
348 78 182 1
279 75 757 1
360 582 123 1
107 162 940 1
134 43 692 1
866 487 760 1
737 420 859 1
437 545 131 1
739 225 750 1
585 482 6 1
873 586 429 1
793 589 19 1
255 246 10 1
818 795 792 1
360 207 146 1
788 764 798 1
70 282 867 1
262 434 19 1
466 55 15 1
223 647 977 1
701 268 643 1
533 126 185 1
235 564 3 1
232 172 11 1
449 485 31 1
822 212 121 1
567 117 616 1
274 603 478 1
580 244 881 1
518 823 411 1
144 83 740 1
51 854 29 1
182 743 339 1
151 643 25 1
505 358 3 1
278 676 29 1
335 391 939 1
283 328 25 1
540 404 9 1
347 477 257 1
616 426 3 1
200 655 175 1
225 723 1 1
504 687 228 1
750 815 9 1
237 764 634 1
735 737 9 1
702 517 7 1
147 171 676 1
583 381 785 1
152 436 983 1
617 211 370 1
759 405 949 1
91 663 19 1
434 54 8 1
87 26 242 1
517 74 332 1
785 711 398 1
790 718 228 1
527 152 14 1
150 329 31 1
5 349 963 1
860 365 22 1
80 452 30 1
259 363 145 1
499 740 252 1
319 644 527 1
299 371 990 1
488 89 358 1
330 585 777 1
356 131 993 1
324 136 108 1
754 843 9 1
595 220 777 1
379 101 694 1
232 883 1000 1
647 617 20 1
293 215 1 1
41 606 333 1
180 498 11 1
634 744 560 1
429 770 17 1
482 182 617 1
601 658 942 1
849 165 30 1
815 748 105 1
777 229 15 1
755 675 962 1
115 820 404 1
52 324 21 1
524 58 637 1
373 5 433 1
734 19 15 1
822 52 669 1
250 637 783 1
517 53 391 1
297 646 189 1
471 497 447 1
400 11 866 1
115 412 571 1
828 91 100 1
65 398 258 1
309 473 429 1
171 400 271 1
772 420 429 1
356 272 561 1
424 740 829 1
805 871 28 1
129 859 29 1
651 489 7 1
13 521 8 1
817 514 474 1
323 826 944 1
47 755 677 1
590 164 157 1
144 52 699 1
648 264 836 1
365 494 153 1
750 579 784 1
162 358 1 1
620 514 481 1
286 321 453 1
344 185 272 1
195 804 362 1
887 500 852 1
203 652 777 1
187 576 1 1
564 5 8 1
675 731 19 1
161 854 342 1
424 204 149 1
488 170 183 1
260 170 29 1
697 537 624 1
554 639 882 1
656 878 362 1
632 667 8 1
48 795 25 1
179 505 18 1
311 635 439 1
170 213 278 1
555 677 701 1
611 71 492 1
551 503 449 1
636 286 358 1
764 706 20 1
454 286 1 1
437 102 290 1
8 365 27 1
854 49 705 1
305 553 677 1
107 686 49 1
176 634 971 1
665 361 846 1
847 19 310 1
488 291 30 1
35 467 15 1
797 552 489 1
282 120 288 1
873 697 858 1
81 232 274 1
800 719 401 1
531 232 673 1
292 888 687 1
407 167 298 1
826 855 12 1
700 837 114 1
71 725 711 1
432 105 152 1
252 221 619 1
717 583 632 1
302 58 504 1
690 463 613 1
629 76 781 1
15 831 12 1
605 256 30 1
495 435 798 1
438 233 14 1
489 257 21 1
394 340 597 1
716 839 10 1
600 738 487 1
387 580 239 1
367 216 9 1
782 379 171 1
51 395 12 1
6 392 23 1
217 761 721 1
55 512 23 1
700 450 350 1
34 84 792 1
857 657 518 1
417 815 10 1
792 50 948 1
106 713 304 1
869 605 21 1
858 511 389 1
143 540 205 1
836 127 10 1
212 183 423 1
119 542 847 1
295 872 24 1
301 881 570 1
734 200 5 1
584 72 600 1
201 778 386 1
110 373 152 1
68 379 653 1
96 864 41 1
97 692 93 1
303 840 15 1
561 135 651 1
623 627 802 1
837 450 1 1
770 671 355 1
581 38 868 1
278 880 162 1
490 220 971 1
273 533 17 1
421 210 4 1
698 309 2 1
363 139 667 1
163 835 17 1
313 78 270 1
472 134 268 1
45 821 404 1
191 109 940 1
857 604 1 1
557 826 315 1
422 800 501 1
255 559 977 1
113 809 8 1
351 545 683 1
168 182 6 1
370 611 18 1
313 711 10 1
181 257 541 1
84 474 427 1
401 576 6 1
339 643 23 1
542 416 88 1
476 247 883 1
236 861 517 1
228 523 729 1
382 282 10 1
519 808 7 1
789 263 146 1
77 770 790 1
156 795 1 1
880 676 991 1
115 495 25 1
51 161 771 1
766 392 777 1
408 657 964 1
369 149 897 1
233 732 762 1
804 882 18 1
369 16 817 1
561 427 253 1
524 746 243 1
40 503 274 1
283 571 338 1
456 189 226 1
62 849 2 1
473 698 933 1
248 878 664 1
81 172 809 1
641 437 201 1
371 509 305 1
327 509 963 1
552 572 449 1
464 757 19 1
809 333 18 1
584 113 3 1
567 389 479 1
516 31 530 1
35 346 656 1
29 426 13 1
166 692 779 1
507 141 21 1
369 567 13 1
351 273 714 1
172 687 679 1
716 44 26 1
230 94 801 1
661 770 519 1
71 75 2 1
710 318 27 1
618 805 57 1
424 442 9 1
69 58 79 1
421 538 470 1
40 756 15 1
401 145 224 1
23 499 573 1
227 201 438 1
465 502 6 1
468 237 69 1
557 855 331 1
751 564 604 1
43 504 14 1
49 314 108 1
656 325 666 1
632 71 648 1
862 778 23 1
79 722 219 1
268 595 604 1
336 674 462 1
724 662 15 1
42 399 15 1
671 255 276 1
458 193 944 1
257 414 202 1
801 256 742 1
553 336 20 1
346 704 463 1
186 136 703 1
275 591 234 1
177 400 859 1
669 796 903 1
887 397 385 1
647 334 4 1
375 236 51 1
30 28 28 1
10 88 20 1
551 156 28 1
745 426 74 1
420 452 257 1
318 522 664 1
177 867 548 1
678 130 14 1
366 492 870 1
307 445 24 1
751 758 279 1
565 561 26 1
722 593 829 1
412 435 2 1
247 631 22 1
35 538 911 1
707 560 629 1
453 369 3 1
502 695 266 1
825 554 598 1
190 558 848 1
19 393 520 1
185 582 188 1
164 69 1 1
829 502 225 1
714 465 16 1
501 521 188 1
359 358 29 1
629 451 318 1
359 700 648 1
399 494 162 1
855 405 1 1
197 569 156 1
338 845 625 1
305 336 597 1
760 813 20 1
13 286 287 1
175 780 826 1
808 266 14 1
432 80 874 1
549 723 963 1
175 462 25 1
374 659 132 1
227 513 20 1
597 317 30 1
117 369 814 1
615 21 29 1
175 776 241 1
205 462 528 1
693 768 175 1
650 849 324 1
622 3 490 1
661 286 207 1
319 24 645 1
152 816 12 1
306 3 926 1
16 652 283 1
823 698 398 1
284 151 346 1
614 703 413 1
115 226 172 1
84 323 351 1
157 204 423 1
97 493 811 1
786 367 616 1
243 735 459 1
205 776 24 1
424 64 824 1
848 44 689 1
852 688 100 1
666 856 521 1
118 180 118 1
541 712 460 1
492 316 9 1
825 122 10 1
716 598 24 1
183 709 162 1
601 295 17 1
218 140 911 1
236 840 943 1
457 852 605 1
422 160 668 1
59 607 109 1
710 227 693 1
638 675 818 1
609 230 22 1
545 354 622 1
508 701 429 1
305 37 585 1
347 187 760 1
753 274 23 1
262 498 291 1
448 866 845 1
142 754 423 1
482 330 658 1
726 691 185 1
31 619 216 1
248 325 67 1
685 298 4 1
292 395 451 1
847 461 4 1
56 265 810 1
144 369 466 1
387 604 270 1
311 881 631 1
500 838 564 1
539 778 19 1
646 396 24 1
380 520 26 1
719 422 4 1
225 472 693 1
848 679 753 1
256 695 55 1
143 44 22 1
14 56 359 1
741 103 131 1
92 190 373 1
266 456 857 1
665 372 26 1
260 97 12 1
471 800 209 1
819 367 915 1
737 270 942 1
803 549 371 1
855 388 255 1
63 750 25 1
200 295 287 1
120 562 1 1
777 127 264 1
11 673 431 1
581 25 970 1
681 685 463 1
804 414 281 1
447 824 64 1
116 335 1 1
197 797 26 1
65 865 782 1
778 101 7 1
353 1 383 1
87 228 293 1
769 484 633 1
464 527 729 1
258 198 571 1
419 600 636 1
715 180 2 1
209 541 30 1
788 237 3 1
372 555 29 1
838 386 868 1
821 861 93 1
697 133 25 1
586 663 926 1
103 587 947 1
396 422 45 1
588 331 534 1
130 645 29 1
309 67 544 1
106 50 237 1
279 71 105 1
58 164 648 1
167 125 27 1
112 240 934 1
33 868 406 1
245 28 31 1
630 276 587 1
850 69 640 1
537 355 26 1
833 462 586 1
206 132 900 1
614 87 2 1
421 273 822 1
220 634 30 1
659 181 515 1
763 620 96 1
644 709 383 1
583 718 587 1
652 117 141 1
345 836 787 1
398 500 9 1
194 312 859 1
494 8 27 1
867 319 18 1
256 592 173 1
103 74 25 1
192 124 98 1
523 654 213 1
532 533 956 1
380 137 18 1
74 18 979 1
350 621 665 1
272 90 9 1
386 378 210 1
739 17 212 1
812 262 61 1
845 799 511 1
460 568 245 1
760 156 890 1
307 365 2 1
416 582 547 1
140 382 355 1
746 199 256 1
195 616 546 1
881 546 13 1
782 752 559 1
873 679 319 1
188 754 21 1
637 316 21 1
718 459 146 1
490 787 251 1
767 57 247 1
671 559 27 1
478 12 838 1
415 161 341 1
879 448 448 1
444 213 20 1
721 663 862 1
40 376 2 1
192 395 177 1
496 639 283 1
687 531 30 1
558 781 9 1
625 725 799 1
310 664 943 1
696 880 14 1
527 466 985 1
139 234 23 1
726 2 320 1
160 189 30 1
285 29 555 1
80 520 4 1
597 180 877 1
536 349 22 1
763 743 13 1
575 549 246 1
563 174 4 1
507 344 894 1
503 553 14 1
152 55 398 1
298 205 34 1
605 116 876 1
864 117 6 1
794 189 908 1
448 615 198 1
638 707 17 1
539 691 351 1
472 723 862 1
727 560 755 1
261 174 611 1
254 830 837 1
813 551 545 1
765 296 6 1
421 354 12 1
497 719 565 1
475 810 168 1
630 227 482 1
208 281 763 1
847 23 86 1
384 828 24 1
732 288 315 1
826 388 80 1
155 636 519 1
98 845 20 1
596 681 28 1
515 73 521 1
2 638 264 1
344 95 20 1
386 131 29 1
709 320 28 1
557 34 27 1
217 757 900 1
164 18 17 1
462 334 114 1
236 45 391 1
91 337 425 1
472 242 11 1
467 15 332 1
334 205 5 1
658 131 781 1
194 489 618 1
520 821 475 1
413 143 12 1
303 789 25 1
628 340 620 1
134 17 15 1
502 198 133 1
57 300 72 1
877 42 771 1
180 317 872 1
789 343 20 1
296 423 790 1
252 464 516 1
730 294 21 1
133 94 14 1
91 811 419 1
765 686 345 1
366 104 8 1
476 788 509 1
237 418 596 1
275 736 496 1
19 798 949 1
610 449 277 1
620 775 24 1
670 328 739 1
615 763 124 1
313 861 166 1
760 818 12 1
853 747 21 1
108 106 473 1
32 447 969 1
870 414 18 1
618 477 24 1
259 320 233 1
773 366 18 1
420 243 20 1
314 876 746 1
642 112 650 1
535 814 752 1
214 501 20 1
390 468 892 1
696 749 900 1
48 328 452 1
381 415 498 1
627 638 4 1
212 186 3 1
186 183 439 1
301 465 561 1
168 482 744 1
766 43 29 1
87 703 418 1
569 451 896 1
270 735 892 1
555 121 656 1
431 877 162 1
500 299 928 1
835 50 11 1
674 874 16 1
580 206 930 1
234 566 590 1
394 665 509 1
64 33 204 1
630 522 603 1
407 203 18 1
684 164 18 1
681 148 17 1
391 3 18 1
698 836 30 1
185 692 307 1
703 615 124 1
545 641 24 1
541 566 561 1
792 43 131 1
734 461 630 1
588 662 607 1
590 18 580 1
533 210 601 1
573 342 6 1
821 236 17 1
83 52 25 1
668 282 144 1
73 368 1 1
814 579 124 1
854 111 263 1
366 662 124 1
360 79 632 1
727 689 26 1
383 538 19 1
480 546 23 1
643 25 845 1
375 789 971 1
646 486 553 1
389 296 855 1
827 184 28 1
869 335 66 1
321 454 652 1
352 266 149 1
496 825 815 1
854 483 8 1
193 673 27 1
828 169 557 1
617 401 21 1
97 444 323 1
877 399 23 1
625 676 29 1
141 193 611 1
544 841 98 1
487 514 20 1
805 433 7 1
186 790 340 1
832 82 14 1
331 417 29 1
348 262 525 1
571 312 2 1
659 383 23 1
434 812 417 1
96 132 24 1
686 184 30 1
570 647 127 1
624 760 107 1
648 408 11 1
391 587 14 1
876 526 387 1
536 653 269 1
223 302 570 1
279 761 1 1
711 263 873 1
481 727 605 1
568 648 390 1
319 215 630 1
10 799 29 1
105 487 30 1
734 655 494 1
313 785 994 1
290 487 930 1
191 774 795 1
278 221 527 1
588 724 129 1
812 650 302 1
508 268 15 1
749 443 25 1
60 410 751 1
119 867 880 1
871 333 77 1
701 468 5 1
689 627 161 1
558 541 926 1
418 390 302 1
694 66 234 1
60 82 912 1
457 608 8 1
207 542 12 1
700 505 21 1
878 68 362 1
436 830 208 1
316 126 310 1
622 258 206 1
256 656 12 1
790 727 145 1
824 794 770 1
816 653 13 1
532 150 76 1
537 848 21 1
401 525 545 1
595 176 23 1
381 718 10 1
829 301 28 1
482 743 27 1
801 656 223 1
203 206 16 1
671 215 544 1
216 106 7 1
243 80 834 1
752 68 957 1
694 79 570 1
7 730 652 1
184 107 819 1
643 518 733 1
241 277 919 1
218 817 21 1
679 362 151 1
721 362 978 1
129 309 276 1
535 308 943 1
96 244 31 1
211 223 11 1
610 35 590 1
843 508 835 1
689 623 29 1
313 375 759 1
819 425 50 1
402 107 889 1
645 281 509 1
817 219 773 1
4 610 2 1
202 651 92 1
846 299 10 1
377 611 141 1
807 294 5 1
702 74 413 1
141 400 418 1
627 560 20 1
64 868 18 1
850 604 445 1
29 283 505 1
42 431 23 1
776 439 23 1
825 261 29 1
736 877 889 1
550 28 23 1
389 6 447 1
833 570 10 1
216 540 664 1
342 233 29 1
244 408 911 1
694 207 640 1
504 792 312 1
762 736 772 1
473 635 8 1
741 805 648 1
713 216 495 1
794 456 4 1
798 734 24 1
399 578 9 1
156 813 75 1
393 798 6 1
748 63 3 1
406 272 690 1
714 528 3 1
222 207 416 1
563 651 26 1
154 72 823 1
235 436 29 1
716 355 65 1
446 484 6 1
334 223 11 1
168 130 589 1
423 389 29 1
213 260 64 1
665 88 932 1
157 511 11 1
799 279 122 1
750 613 778 1
15 859 565 1
199 524 31 1
65 728 14 1
288 112 232 1
247 253 804 1
770 807 662 1
720 112 387 1
748 662 406 1
257 22 100 1
854 717 597 1
250 414 16 1
241 833 75 1
204 511 924 1
657 230 27 1
72 4 5 1
875 534 26 1
394 372 622 1
151 339 318 1
267 365 92 1
206 784 143 1
713 425 936 1
28 771 530 1
336 874 501 1
788 138 425 1
378 356 17 1
273 126 279 1
580 408 9 1
693 51 508 1
587 871 325 1
8 607 27 1
443 696 727 1
505 450 947 1
795 577 120 1
605 768 142 1
717 415 512 1
163 460 160 1
146 28 652 1
290 120 815 1
693 526 932 1
234 689 357 1
187 704 870 1
366 102 26 1
270 342 352 1
294 99 513 1
209 566 728 1
691 385 698 1
721 877 16 1
257 870 128 1
726 539 2 1
278 740 320 1
132 117 852 1
44 598 971 1
811 337 3 1
513 86 881 1
23 393 531 1
631 476 521 1
335 587 553 1
350 65 860 1
202 563 563 1
850 863 965 1
79 97 838 1
561 773 76 1
17 765 26 1
452 243 55 1
112 289 30 1
573 738 437 1
790 136 13 1
625 377 11 1
568 264 31 1
427 516 14 1
61 629 685 1
529 341 26 1
226 820 2 1
693 111 8 1
650 885 999 1
771 76 26 1
553 756 256 1
710 791 259 1
105 879 484 1
832 842 323 1
316 104 511 1
550 61 400 1
317 714 321 1
620 866 6 1
467 4 623 1
506 832 18 1
828 586 23 1
852 794 944 1
860 511 749 1
50 403 626 1
751 287 664 1
371 682 11 1
828 439 748 1
464 783 880 1
865 624 808 1
417 748 1 1
833 554 661 1
749 880 49 1
129 25 491 1
263 343 897 1
558 47 314 1
809 622 278 1
479 385 29 1
476 413 455 1
328 552 151 1
172 425 970 1
685 148 590 1
31 331 13 1
669 705 810 1
7 463 72 1
838 658 17 1
425 792 11 1
521 214 767 1
500 846 185 1
337 371 807 1
494 307 586 1
583 415 6 1
275 362 469 1
878 801 22 1
443 430 110 1
588 748 1 1
238 443 928 1
53 49 139 1
846 327 669 1
12 104 694 1
201 101 649 1
733 680 519 1
510 312 11 1
666 845 1 1
839 568 276 1
154 480 998 1
577 572 9 1
119 24 12 1
525 368 802 1
322 607 935 1
477 199 9 1
396 475 405 1
380 529 953 1
6 163 940 1
667 340 5 1
184 296 551 1
212 11 340 1
48 818 190 1
341 821 29 1
259 251 899 1
870 194 20 1
497 636 232 1
742 45 652 1
325 280 17 1
586 362 8 1
50 640 319 1
536 564 272 1
743 620 876 1
688 824 385 1
476 404 12 1
454 521 105 1
753 738 567 1
196 732 6 1
567 864 436 1
200 131 742 1
863 298 20 1
264 96 188 1
459 158 420 1
802 66 638 1
149 144 14 1
501 463 481 1
436 612 28 1
75 217 5 1
508 595 172 1
767 300 22 1
81 425 22 1
315 865 495 1
98 799 996 1
130 281 516 1
332 557 17 1
56 281 3 1
550 629 18 1
42 445 19 1
813 397 22 1
783 338 22 1
345 303 21 1
667 394 226 1
574 764 678 1
707 381 20 1
473 72 795 1
729 38 480 1
77 608 13 1
173 491 54 1
607 490 8 1
197 84 312 1
135 565 182 1
305 349 19 1
882 195 154 1
32 794 97 1
469 310 10 1
82 47 954 1
449 618 705 1
454 13 994 1
458 827 16 1
602 318 35 1
429 294 460 1
578 754 808 1
18 741 10 1
679 697 16 1
818 123 1 1
228 703 26 1
110 37 8 1
271 650 16 1
706 237 410 1
695 656 424 1
63 815 478 1
663 509 821 1
414 882 404 1
514 219 6 1
885 812 14 1
819 713 8 1
832 781 744 1
531 242 892 1
642 196 63 1
128 98 634 1
747 849 302 1
426 557 620 1
566 558 11 1
625 430 831 1
73 525 657 1
777 742 481 1
565 516 184 1
633 98 4 1
876 335 773 1
484 801 264 1
125 49 19 1
674 553 974 1
355 609 1 1
457 222 81 1
312 283 982 1
678 182 534 1
297 486 12 1
853 341 961 1
760 795 555 1
722 411 12 1
787 428 18 1
807 429 8 1
317 715 127 1
548 630 26 1
69 684 135 1
352 808 525 1
636 471 31 1
249 453 292 1
649 151 9 1
814 759 276 1
110 245 698 1
104 492 844 1
120 817 677 1
341 747 32 1
150 210 23 1
481 186 294 1
640 108 405 1
80 470 14 1
374 210 18 1
823 25 511 1
625 696 426 1
569 629 7 1
122 651 230 1
396 733 12 1
17 686 783 1
622 306 19 1
831 538 24 1
670 34 417 1
322 595 585 1
574 706 264 1
784 203 643 1
728 780 833 1
368 241 27 1
109 712 2 1
598 540 28 1
646 46 7 1
752 118 15 1
50 713 23 1
306 809 423 1
674 551 8 1
98 326 934 1
63 12 424 1
223 863 789 1
875 409 799 1
137 282 11 1
664 70 507 1
836 823 448 1
144 389 19 1
45 520 19 1
628 555 264 1
302 524 8 1
687 134 22 1
453 16 427 1
447 802 753 1
251 109 24 1
276 506 98 1
174 825 331 1
171 95 820 1
12 308 13 1
694 722 9 1
37 28 9 1
473 67 22 1
7 92 730 1
90 327 30 1
147 119 289 1
269 107 17 1
727 139 335 1
730 99 664 1
829 546 892 1
822 136 13 1
435 379 26 1
339 38 7 1
240 100 195 1
462 639 420 1
77 519 75 1
676 725 479 1
440 270 9 1
6 567 12 1
261 865 31 1
387 684 24 1
839 648 30 1
504 425 918 1
244 206 29 1
573 879 706 1
299 65 8 1
691 86 16 1
781 47 351 1
419 703 164 1
271 812 47 1
138 418 22 1
297 46 659 1
543 614 663 1
712 99 698 1
134 739 813 1
82 755 30 1
107 672 23 1
329 414 943 1
110 305 784 1
153 497 354 1
839 355 299 1
567 144 751 1
385 60 105 1
346 449 253 1
342 440 731 1
688 222 962 1
659 884 93 1
123 174 206 1
353 810 15 1
859 309 806 1
510 194 672 1
231 725 17 1
682 337 375 1
559 246 10 1
38 135 901 1
21 743 37 1
190 834 439 1
772 649 812 1
161 888 358 1
27 683 153 1
149 324 940 1
768 192 680 1
480 584 49 1
267 858 446 1
519 661 987 1
428 33 981 1
341 380 621 1
199 347 537 1
676 696 701 1
379 791 811 1
690 834 849 1
453 158 14 1
670 283 363 1
560 790 19 1
880 740 5 1
700 358 689 1
655 406 815 1
321 155 508 1
251 215 158 1
116 869 931 1
143 848 449 1
779 845 764 1
538 210 553 1
93 428 649 1
22 368 687 1
413 788 3 1
3 592 662 1
679 537 758 1
856 254 624 1
739 672 51 1
578 494 218 1
269 402 82 1
135 773 30 1
603 100 13 1
721 431 234 1
674 601 503 1
76 40 653 1
782 495 22 1
526 314 27 1
179 344 19 1
217 252 8 1
460 96 7 1
535 441 22 1
618 871 952 1
422 646 517 1
489 870 760 1
569 474 910 1
694 222 27 1
179 402 225 1
785 714 792 1
448 419 829 1
245 37 374 1
433 18 33 1
71 589 15 1
36 168 17 1
164 746 993 1
103 335 2 1
819 216 449 1
292 2 647 1
395 124 14 1
173 683 535 1
612 235 670 1
562 282 155 1
529 137 624 1
72 635 5 1
746 58 8 1
197 670 510 1
407 53 6 1
336 349 79 1
470 562 16 1
302 863 4 1
298 334 726 1
109 209 163 1
285 745 25 1
165 650 448 1
218 219 590 1
410 82 25 1
15 354 388 1
874 601 700 1
527 436 414 1
455 247 980 1
426 332 943 1
120 140 6 1
155 153 225 1
465 325 417 1
647 462 13 1
246 457 795 1
68 769 936 1
807 215 890 1
673 822 585 1
177 147 133 1
112 100 25 1
320 644 955 1
338 666 634 1
752 248 829 1
9 135 287 1
362 873 8 1
167 203 197 1
840 127 627 1
802 824 13 1
566 39 125 1
752 715 583 1
704 538 888 1
246 608 872 1
616 841 14 1
431 445 469 1
576 515 235 1
84 569 9 1
167 249 16 1
271 348 995 1
148 169 8 1
212 136 699 1
23 424 74 1
591 138 5 1
380 80 42 1
883 85 902 1
706 114 860 1
509 431 583 1
263 311 11 1
405 332 935 1
234 774 448 1
793 340 929 1
877 188 920 1
548 410 511 1
442 740 183 1
765 184 435 1
493 488 17 1
9 581 205 1
21 763 657 1
252 757 967 1
267 860 478 1
351 126 1 1
133 148 994 1
33 93 1 1
249 483 5 1
584 154 14 1
455 300 309 1
728 261 861 1
363 481 477 1
73 181 862 1
392 403 22 1
2 479 183 1
683 254 6 1
853 62 215 1
483 158 926 1
820 54 894 1
92 541 55 1
548 227 269 1
656 248 14 1
566 774 31 1
699 626 502 1
293 251 360 1
711 375 242 1
24 867 150 1
62 861 567 1
530 801 20 1
444 260 402 1
252 527 18 1
486 810 121 1
276 548 917 1
416 147 764 1
124 446 948 1
256 530 222 1
345 473 18 1
785 528 231 1
231 75 975 1
663 431 28 1
162 179 648 1
198 546 81 1
833 647 480 1
876 103 724 1
672 225 16 1
179 166 166 1
418 788 699 1
729 565 372 1
101 710 338 1
843 578 791 1
597 528 793 1
111 314 681 1
94 681 132 1
827 193 334 1
267 272 15 1
89 493 501 1
220 322 6 1
782 68 20 1
440 649 14 1
624 818 109 1
275 762 9 1
496 554 29 1
452 45 74 1
220 607 110 1
642 288 28 1
440 772 299 1
317 528 954 1
313 62 10 1
325 695 20 1
637 544 374 1
872 200 640 1
761 338 620 1
760 315 755 1
113 610 223 1
17 766 112 1
166 89 3 1
205 175 965 1
355 697 800 1
793 370 145 1
433 741 76 1
744 787 323 1
780 639 28 1
137 70 483 1
653 336 6 1
602 412 82 1
570 241 250 1
174 624 26 1
503 577 20 1
846 378 31 1
547 527 11 1
585 36 108 1
460 835 603 1
846 386 992 1
453 149 662 1
47 832 5 1
158 583 531 1
753 600 5 1
213 411 585 1
70 529 25 1
754 390 812 1
110 5 16 1
100 288 859 1
422 886 7 1
417 357 171 1
860 607 51 1
137 470 906 1
197 552 571 1
468 114 870 1
83 458 762 1
354 831 368 1
698 129 729 1
532 250 31 1
222 542 409 1
162 672 417 1
881 829 967 1
738 342 904 1
355 133 990 1
754 399 785 1
29 670 20 1
322 578 5 1
419 738 14 1
623 755 16 1
510 745 593 1
772 737 5 1
441 332 12 1
867 644 798 1
55 872 469 1
217 221 698 1
226 498 480 1
16 117 29 1
416 119 25 1
745 616 154 1
361 633 642 1
46 719 34 1
787 59 23 1
786 819 13 1
204 858 4 1
660 36 21 1
847 499 2 1
19 461 830 1
702 590 441 1
383 374 591 1
166 185 10 1
490 59 349 1
535 63 25 1
594 684 91 1
774 363 31 1
512 872 175 1
843 322 424 1
801 446 919 1
423 765 680 1
737 243 32 1
478 544 20 1
439 384 478 1
278 231 158 1
633 665 12 1
654 606 475 1
702 407 106 1
594 702 30 1
11 141 20 1
664 469 19 1
684 590 4 1
632 589 693 1
153 719 10 1
331 619 540 1
142 138 220 1
383 884 334 1
831 421 97 1
693 395 553 1
450 488 248 1
145 576 79 1
442 880 509 1
502 258 5 1
556 190 8 1
816 536 225 1
418 468 28 1
646 719 745 1
202 312 565 1
40 577 334 1
400 95 4 1
250 150 724 1
592 605 381 1
439 811 669 1
860 8 326 1
158 717 21 1
363 320 7 1
707 627 890 1
466 847 527 1
749 442 3 1
348 812 26 1
116 391 91 1
130 56 728 1
829 198 2 1
163 392 713 1
568 108 2 1
402 162 4 1
390 508 9 1
817 140 465 1
358 225 660 1
163 96 800 1
728 865 510 1
668 70 7 1
456 852 678 1
839 108 742 1
637 882 1 1
11 709 917 1
803 723 1 1
377 430 54 1
710 201 23 1
306 871 12 1
550 76 184 1
621 780 773 1
184 269 622 1
338 799 17 1
484 878 152 1
363 191 638 1
349 653 343 1
477 433 318 1
111 51 446 1
411 593 255 1
99 7 22 1
653 874 580 1
600 703 27 1
46 153 912 1
803 242 246 1
641 129 30 1
772 777 400 1
879 735 626 1
81 300 4 1
225 359 55 1
53 125 96 1
632 88 328 1
690 7 21 1
783 757 55 1
45 840 13 1
132 244 128 1
273 354 653 1
671 24 882 1
531 85 894 1
470 432 897 1
862 539 436 1
467 67 19 1
587 741 19 1
269 827 424 1
258 3 6 1
243 432 12 1
509 337 3 1
66 593 7 1
66 824 910 1
485 347 14 1
498 54 1 1
876 517 26 1
516 708 516 1
750 535 360 1
753 875 320 1
879 866 19 1
733 475 90 1
564 491 351 1
612 564 530 1
698 345 202 1
105 735 5 1
764 476 17 1
206 652 990 1
429 661 530 1
301 711 591 1
532 637 911 1
118 715 57 1
383 704 341 1
645 660 310 1
393 204 649 1
333 113 298 1
95 141 803 1
353 297 942 1
515 659 847 1
49 483 711 1
307 272 993 1
849 853 425 1
692 582 6 1
156 503 408 1
1 810 525 1
91 439 17 1
654 228 4 1
360 97 6 1
175 639 689 1
742 452 8 1
311 343 670 1
495 412 53 1
154 635 232 1
183 320 433 1
279 10 740 1
485 618 127 1
455 767 198 1
793 667 41 1
166 344 325 1
260 493 515 1
210 383 717 1
479 731 269 1
257 329 24 1
9 773 146 1
151 518 337 1
837 575 551 1
673 141 736 1
446 192 5 1
582 147 11 1
679 275 21 1
830 683 724 1
808 608 195 1
525 515 27 1
857 681 379 1
379 769 21 1
364 645 30 1
688 457 27 1
471 808 824 1
180 226 747 1
816 55 668 1
233 599 93 1
574 247 28 1
708 31 3 1
229 823 4 1
116 3 362 1
758 373 140 1
621 776 976 1
857 94 27 1
255 77 672 1
328 571 707 1
547 847 252 1
480 198 574 1
224 562 730 1
862 769 9 1
307 42 614 1
330 626 957 1
89 450 4 1
731 755 854 1
664 529 436 1
125 407 785 1
93 868 663 1
779 666 259 1
126 532 1 1
599 342 917 1
90 378 379 1
519 636 41 1
710 522 666 1
199 145 839 1
456 160 969 1
113 4 334 1
102 492 10 1
302 211 907 1
39 755 622 1
805 477 631 1
721 736 404 1
778 769 384 1
295 874 653 1
394 88 27 1
73 659 1 1
622 480 458 1
316 532 386 1
783 254 893 1
552 670 23 1
157 64 913 1
193 269 20 1
171 185 4 1
34 826 720 1
813 315 347 1
195 745 31 1
705 645 381 1
609 839 559 1
90 445 930 1
236 789 11 1
838 397 773 1
364 660 99 1
413 138 350 1
581 643 15 1
541 190 10 1
814 750 14 1
795 572 58 1
332 855 429 1
295 512 773 1
642 565 11 1
650 304 14 1
304 165 106 1
654 21 278 1
483 125 822 1
573 270 70 1
95 507 427 1
479 691 459 1
410 276 12 1
714 301 164 1
705 208 40 1
292 161 27 1
718 324 23 1
376 552 11 1
367 631 27 1
277 122 27 1
315 624 29 1
717 161 8 1
641 859 212 1
52 149 353 1
637 478 849 1
246 542 755 1
784 594 18 1
687 472 229 1
296 827 573 1
651 277 281 1
621 811 27 1
460 264 897 1
786 455 30 1
400 709 11 1
434 885 296 1
784 387 662 1
652 167 18 1
259 644 18 1
60 548 7 1
612 816 188 1
617 570 720 1
142 188 888 1
338 757 83 1
818 174 133 1
64 204 2 1
165 747 24 1
561 516 104 1
224 470 824 1
251 319 29 1
881 263 805 1
131 378 527 1
359 723 663 1
751 373 4 1
366 724 918 1
835 640 763 1
224 105 396 1
881 711 2 1
606 56 13 1
809 584 357 1
376 76 325 1
280 465 295 1
709 177 335 1
756 503 649 1
321 636 23 1
147 867 13 1
413 591 615 1
640 106 16 1
621 439 765 1
123 571 873 1
739 472 19 1
467 831 224 1
207 416 159 1
519 471 262 1
822 324 418 1
763 448 10 1
373 178 90 1
351 102 533 1
333 449 813 1
139 774 361 1
356 90 633 1
22 489 368 1
617 223 987 1
523 26 205 1
530 768 19 1
556 842 917 1
349 110 688 1
589 611 252 1
830 464 669 1
271 849 4 1
717 483 731 1
807 293 164 1
192 693 31 1
12 748 352 1
596 857 238 1
712 92 2 1
560 689 872 1
33 157 17 1
649 438 226 1
250 329 755 1
690 92 537 1
291 837 102 1
403 43 456 1
497 155 26 1
665 844 176 1
469 70 514 1
479 638 11 1
66 688 5 1
339 438 21 1
10 633 300 1
78 785 26 1
519 286 16 1
63 308 202 1
611 625 755 1
99 109 759 1
597 348 159 1
264 408 424 1
445 327 646 1
865 398 7 1
229 518 276 1
722 444 92 1
850 58 22 1
287 491 418 1
189 886 369 1
296 83 30 1
510 285 547 1
785 301 5 1
570 525 16 1
624 261 821 1
838 601 264 1
233 649 666 1
554 241 1 1
768 869 844 1
635 345 753 1
248 280 989 1
194 651 628 1
79 444 31 1
744 428 177 1
329 374 836 1
657 604 117 1
861 853 28 1
467 610 97 1
685 776 500 1
34 29 715 1
372 677 190 1
127 229 583 1
554 122 465 1
306 333 41 1
816 512 793 1
603 875 5 1
507 193 124 1
220 176 28 1
156 577 127 1
775 482 364 1
415 707 378 1
60 731 19 1
753 603 388 1
415 888 4 1
725 611 25 1
658 386 418 1
652 132 11 1
291 450 565 1
284 772 28 1
403 835 247 1
201 513 575 1
123 563 195 1
404 143 46 1
852 824 11 1
869 526 744 1
727 186 29 1
105 866 311 1
742 840 386 1
215 24 31 1
20 603 728 1
102 773 913 1
91 586 768 1
8 322 602 1
277 489 963 1
672 358 673 1
588 417 229 1
745 804 479 1
545 273 28 1
138 762 988 1
232 57 11 1
864 6 564 1
609 648 507 1
559 24 221 1
290 817 16 1
614 875 18 1
764 247 817 1
707 888 794 1
477 485 186 1
382 668 902 1
254 666 3 1
661 13 13 1
435 791 206 1
177 171 14 1
397 674 706 1
718 136 282 1
773 724 448 1
492 351 3 1
478 316 496 1
882 250 572 1
88 633 74 1
216 598 898 1
523 41 51 1
884 704 10 1
466 461 776 1
796 364 175 1
692 360 9 1
235 830 17 1
44 540 247 1
518 25 11 1
485 346 401 1
357 331 80 1
610 346 23 1
551 397 975 1
653 512 643 1
458 52 11 1
427 31 17 1
460 640 30 1
187 884 490 1
376 572 436 1
700 575 20 1
658 295 54 1
221 499 560 1
291 170 200 1
49 111 16 1
496 261 745 1
35 831 948 1
279 632 29 1
767 253 223 1
446 862 679 1
559 119 913 1
130 36 625 1
249 125 609 1
300 232 775 1
35 704 7 1
395 726 9 1
123 202 9 1
288 274 8 1
79 207 8 1
330 699 7 1
396 486 725 1
712 7 798 1
571 48 15 1
716 108 857 1
499 547 578 1
757 761 18 1
183 481 5 1
631 404 276 1
798 406 75 1
62 271 488 1
800 160 1 1
836 229 377 1
553 551 783 1
259 191 10 1
402 507 31 1
67 72 555 1
83 389 184 1
188 736 24 1
62 78 431 1
266 457 381 1
267 406 813 1
515 884 30 1
609 94 37 1
843 390 76 1
122 563 811 1
505 89 172 1
667 589 700 1
680 189 817 1
749 238 476 1
22 277 26 1
370 377 812 1
792 403 31 1
623 675 407 1
572 48 343 1
219 775 24 1
226 495 106 1
862 124 23 1
445 509 25 1
604 596 289 1
870 510 917 1
492 126 821 1
763 866 100 1
37 771 20 1
93 238 581 1
594 203 840 1
419 573 425 1
83 827 80 1
175 621 1 1
459 583 30 1
303 127 222 1
39 623 214 1
94 148 89 1
591 762 141 1
441 841 712 1
356 406 3 1
352 471 18 1
459 149 12 1
185 95 633 1
655 356 991 1
165 310 14 1
512 874 16 1
811 350 212 1
641 581 20 1
725 75 221 1
226 118 30 1
684 784 687 1
381 560 334 1
15 309 6 1
351 437 12 1
616 332 191 1
387 69 319 1
82 731 522 1
513 548 866 1
263 375 5 1
152 612 120 1
211 524 355 1
517 314 636 1
634 490 994 1
39 234 6 1
805 587 246 1
829 465 102 1
372 628 328 1
40 771 14 1
30 550 105 1
17 43 782 1
374 150 384 1
222 246 21 1
766 403 742 1
737 440 829 1
272 365 889 1
678 56 856 1
402 344 407 1
196 288 71 1
481 139 3 1
317 280 25 1
577 376 213 1
33 787 580 1
227 522 16 1
775 514 39 1
113 449 26 1
705 796 8 1
398 887 557 1
306 391 436 1
188 399 159 1
631 455 191 1
410 506 955 1
886 396 623 1
230 408 101 1
533 421 181 1
815 159 679 1
417 159 597 1
500 386 15 1
729 196 22 1
385 731 154 1
626 218 653 1
36 239 85 1
682 811 470 1
14 281 45 1
520 341 355 1
154 311 13 1
761 799 802 1
729 642 154 1
876 869 20 1
12 662 26 1
530 192 311 1
459 324 900 1
668 469 1 1
742 127 2 1
639 833 29 1
480 809 23 1
722 66 535 1
352 456 19 1
814 441 517 1
290 514 17 1
200 658 4 1
851 855 961 1
864 132 150 1
169 133 834 1
405 851 774 1
401 515 657 1
202 194 13 1
73 22 733 1
777 284 982 1
2000 0 1
357 1
615 1
128 1
245 1
616 0
64 1
159 1
159 0
665 1
357 1
357 1
527 0
357 0
398 0
815 0
30 1
758 1
159 1
779 0
61 1
846 1
856 1
793 0
783 1
337 0
370 1
719 0
121 1
720 1
173 1
357 1
226 1
851 1
851 1
342 1
720 1
668 1
173 0
326 0
708 0
357 0
527 1
388 0
777 1
357 0
844 0
112 1
349 1
483 1
357 0
388 1
579 1
159 0
603 1
159 0
364 1
613 1
388 1
811 1
159 1
874 0
146 1
287 1
629 1
311 1
287 1
555 0
563 0
8 1
159 0
451 1
323 1
756 0
557 1
357 0
30 1
287 0
579 0
159 1
815 0
579 1
465 0
287 1
579 0
228 1
397 1
613 0
173 1
14 1
718 1
143 0
514 1
173 1
821 1
759 1
357 1
357 1
669 1
61 0
100 1
10 1
388 0
393 1
245 1
550 0
851 1
376 1
63 1
357 1
779 1
223 0
759 1
254 1
173 1
759 1
564 1
473 1
409 1
482 1
27 1
120 1
357 1
44 0
295 0
159 0
357 1
26 0
771 1
417 0
38 1
613 1
357 1
159 0
88 1
388 0
41 0
579 0
357 1
575 1
474 0
30 0
357 1
289 0
357 1
606 1
202 1
159 1
12 1
523 0
851 0
565 0
323 0
196 1
389 1
373 0
357 0
575 0
173 0
451 1
405 1
409 0
388 0
128 1
331 1
748 1
357 1
357 0
417 1
569 0
666 1
357 1
508 1
705 1
613 1
737 0
108 1
613 1
804 0
76 1
680 0
98 1
252 1
159 1
851 0
732 1
240 1
173 1
121 1
759 1
613 0
146 0
61 1
106 0
178 1
27 1
453 1
765 0
657 0
705 1
777 1
759 1
34 1
856 1
323 0
579 0
388 1
159 1
357 0
845 0
265 0
817 1
865 1
357 1
417 0
178 1
781 0
851 1
388 0
342 1
572 0
613 1
569 1
159 1
569 0
30 1
579 0
570 0
173 1
357 0
480 0
451 1
616 0
451 0
371 0
357 1
357 0
357 1
613 0
851 1
287 0
357 1
159 0
579 0
326 1
40 0
159 0
806 1
278 1
601 1
851 1
174 1
357 1
41 1
758 0
613 0
245 0
159 1
878 1
56 0
669 0
180 1
159 1
677 0
413 0
237 1
405 1
534 0
352 1
579 1
80 1
231 1
338 0
875 0
474 0
759 1
833 1
84 1
159 1
414 1
146 0
28 1
580 0
114 0
173 1
726 1
844 1
159 1
506 1
14 0
779 1
45 0
323 1
388 1
159 0
372 1
831 0
357 1
613 1
121 0
159 1
208 0
390 1
759 1
851 1
623 0
427 1
613 1
388 1
612 0
515 0
470 1
485 1
806 1
61 1
683 1
388 0
646 0
159 0
642 0
159 1
557 1
613 1
357 0
758 1
665 1
323 0
424 0
583 1
210 0
26 1
20 1
357 0
159 0
579 0
613 1
196 0
537 1
357 0
708 0
10 0
630 0
613 0
361 1
654 0
570 1
173 0
372 0
357 0
357 1
540 0
758 1
793 0
61 1
573 1
361 1
409 1
844 1
388 1
274 0
14 0
698 1
87 0
677 1
412 0
669 1
159 1
81 1
388 1
62 1
251 0
735 1
173 1
327 1
430 1
851 1
642 0
565 0
657 1
856 0
758 0
642 1
247 1
338 1
357 1
357 1
168 1
357 1
370 1
178 0
357 1
357 1
403 1
555 1
152 0
613 0
30 0
629 1
844 0
357 1
214 1
30 0
334 1
249 1
474 0
373 0
579 1
173 0
112 1
241 1
159 1
326 1
759 0
41 1
54 0
613 0
357 1
173 1
357 0
37 0
491 0
357 1
287 1
579 1
606 0
159 1
208 1
851 0
110 1
579 1
128 1
579 1
758 1
494 0
28 1
802 1
417 0
491 1
159 0
357 0
291 1
323 1
632 1
523 1
30 1
313 1
323 0
764 1
759 0
759 1
357 0
578 1
579 0
677 0
228 0
346 1
178 1
357 0
357 0
98 1
758 0
613 1
357 1
516 1
15 1
357 1
579 1
518 1
77 1
357 1
357 1
579 1
574 0
323 1
815 1
357 1
27 1
806 1
308 0
316 1
758 1
474 0
130 1
564 1
720 1
759 1
613 0
613 1
543 0
173 0
855 1
338 1
133 1
87 0
197 0
616 0
388 0
159 0
709 1
480 1
240 1
137 1
566 1
508 1
655 1
84 1
474 1
612 1
613 0
30 1
388 0
581 1
146 1
451 0
27 1
451 1
582 1
851 0
534 1
787 1
323 0
474 1
831 1
210 0
708 1
745 1
159 0
855 1
569 0
598 1
323 0
603 1
613 1
388 1
756 1
205 1
750 0
88 1
240 1
814 1
579 0
756 0
41 0
229 0
613 0
579 1
613 1
124 1
171 1
208 1
20 0
357 1
357 1
382 1
570 0
173 0
121 1
323 0
252 1
851 1
48 0
26 1
159 1
289 1
583 1
129 0
388 1
677 1
357 1
292 1
357 1
323 1
357 0
287 1
282 1
357 0
579 1
287 1
357 1
159 1
474 0
688 0
357 1
776 0
759 1
653 1
76 1
579 1
841 0
409 0
326 1
274 0
61 1
409 1
354 1
417 1
654 1
287 1
632 0
72 1
759 0
677 0
357 0
146 0
579 1
357 1
851 1
578 0
287 0
128 1
357 0
388 1
61 0
159 1
357 1
732 1
614 0
851 1
312 1
331 1
439 1
109 1
588 1
243 0
173 1
579 1
489 1
815 1
350 0
16 0
357 0
102 1
579 1
357 1
388 0
719 0
759 1
758 1
613 1
289 0
851 1
408 1
159 1
357 0
245 1
357 1
738 0
788 1
181 0
61 1
357 0
70 0
41 1
759 0
159 0
613 0
121 1
208 0
29 1
613 1
579 1
779 1
436 0
159 0
163 1
159 1
388 0
430 1
160 1
783 1
273 1
414 0
759 1
357 0
287 0
394 1
758 0
231 1
491 0
357 0
338 1
357 0
613 1
159 0
121 0
80 0
772 1
565 1
742 1
319 0
388 1
451 1
613 0
558 0
357 1
388 1
613 1
856 1
48 1
851 0
748 1
759 1
785 0
178 0
5 0
775 0
341 1
777 1
809 1
735 1
61 1
409 1
474 0
613 1
80 1
551 1
357 1
34 1
146 1
61 1
357 1
779 1
478 0
613 1
20 1
173 1
613 1
851 0
759 1
388 1
27 0
759 1
430 1
779 1
645 0
208 1
323 1
855 1
613 1
298 1
637 1
193 0
357 1
159 0
357 1
236 1
30 1
146 0
61 0
159 1
76 0
412 1
705 1
579 1
159 0
357 1
779 1
9 1
736 1
720 1
71 1
326 0
357 0
288 1
866 1
635 1
173 1
635 1
791 0
880 0
130 1
364 0
115 1
543 1
159 1
357 1
357 1
159 1
433 0
331 0
30 0
357 0
357 0
190 1
159 0
265 1
313 1
851 1
469 1
851 1
629 0
856 1
677 1
146 1
63 1
245 0
816 1
665 0
844 1
613 0
357 0
272 0
20 0
29 0
357 1
826 1
269 1
72 0
388 1
430 1
735 0
622 1
806 1
239 0
388 0
159 1
276 1
797 0
797 0
691 1
613 1
28 0
357 1
361 1
357 0
616 0
69 0
131 1
357 0
417 1
357 0
31 1
357 0
751 1
494 0
30 1
92 0
152 1
41 1
26 1
798 1
388 1
497 1
700 0
31 1
637 0
36 1
474 1
731 0
613 0
267 0
14 1
166 0
388 1
523 1
759 0
339 0
281 1
41 1
287 0
357 0
479 1
597 0
208 1
871 1
759 1
159 0
118 1
357 0
620 1
361 1
87 1
797 0
388 1
373 0
666 0
159 1
856 1
637 1
323 1
159 0
614 1
388 0
797 1
357 1
420 0
585 0
357 1
840 0
357 0
758 0
599 0
703 0
357 1
159 0
613 1
417 1
583 0
506 0
357 0
875 0
317 0
323 0
474 1
815 0
507 0
84 1
579 1
357 1
851 1
159 1
425 1
759 1
357 1
759 0
557 1
331 0
30 1
685 1
304 1
777 0
494 1
851 1
25 0
854 1
851 0
550 1
121 1
711 0
159 0
224 1
178 1
662 0
357 0
215 1
759 0
839 0
398 0
173 0
844 0
159 1
851 1
299 0
357 1
357 0
516 1
613 1
613 1
745 1
613 1
241 0
844 1
159 0
30 1
178 1
159 1
553 0
759 1
15 0
357 1
474 1
474 1
491 1
159 1
856 1
250 1
603 0
357 0
647 0
750 1
159 1
245 1
178 1
467 1
349 0
173 0
851 0
579 0
759 0
357 0
565 0
759 1
569 1
159 0
357 0
613 1
653 0
254 1
613 1
178 0
685 0
563 0
677 0
474 0
759 0
579 0
765 0
466 1
287 1
875 0
632 1
613 1
156 0
829 1
548 0
550 1
208 1
210 0
357 0
21 1
301 1
529 1
110 0
88 0
61 1
357 1
357 1
736 1
775 0
451 0
178 0
146 1
503 1
650 1
323 1
613 1
779 0
357 1
661 1
806 1
361 1
779 1
539 1
851 1
420 1
579 1
666 0
373 1
159 0
159 0
76 0
100 1
579 0
253 1
613 0
88 1
514 0
499 1
321 0
27 1
381 1
451 1
357 1
566 0
613 1
361 1
656 0
34 0
613 1
613 1
128 1
441 1
173 1
61 0
357 1
159 0
357 1
361 1
579 1
579 1
252 1
18 0
148 1
349 0
159 1
759 0
573 0
60 1
469 1
758 1
759 0
357 1
572 1
599 0
613 0
357 0
579 0
851 1
729 1
205 1
595 0
196 1
491 0
816 1
779 1
759 1
159 0
26 0
856 0
173 1
732 1
613 0
357 1
854 1
656 1
30 1
31 1
651 1
451 1
287 0
656 0
856 1
159 0
851 0
330 1
452 1
159 1
128 0
394 1
323 0
173 0
779 0
759 0
856 0
159 1
93 1
613 0
555 1
243 0
508 1
581 0
512 1
357 1
579 0
746 0
357 1
579 0
499 1
254 0
718 1
613 0
409 1
240 1
84 1
178 1
47 1
544 1
348 1
357 0
326 1
133 0
14 1
803 1
508 0
669 1
553 0
128 1
357 0
357 0
451 0
357 0
178 1
491 1
112 1
757 1
61 0
332 0
851 1
485 1
357 0
851 1
120 1
242 1
601 1
233 1
37 1
357 0
810 1
357 0
159 0
357 1
745 1
613 1
267 1
759 1
633 1
148 1
357 1
301 0
869 1
856 0
406 0
441 0
109 1
357 0
18 1
159 0
135 0
388 1
543 0
61 0
146 1
357 1
357 0
613 1
750 1
357 1
758 1
758 1
388 1
759 1
591 1
851 0
779 0
187 1
441 1
357 1
31 1
423 0
63 1
532 1
364 1
683 1
851 1
876 0
30 1
159 1
579 1
146 1
622 0
357 1
543 1
323 0
121 1
326 1
535 1
451 1
851 1
491 1
357 1
357 1
662 1
30 1
683 0
287 0
676 0
323 0
806 0
159 1
758 1
357 1
357 0
613 1
613 1
388 1
398 1
388 0
72 0
856 0
555 0
579 1
409 1
351 0
63 1
240 0
474 0
159 1
613 0
648 0
544 1
758 1
787 1
759 0
577 0
323 1
759 1
66 1
373 1
30 1
357 0
557 0
351 0
859 1
265 1
579 0
399 0
357 1
357 1
844 1
474 1
208 1
724 1
703 1
757 0
159 0
633 0
579 1
417 1
534 1
357 0
474 0
851 0
606 1
178 1
357 0
775 0
579 0
875 0
146 0
357 1
357 1
14 0
851 1
14 1
26 1
159 0
156 0
639 1
146 1
338 0
388 1
451 1
178 1
156 0
669 1
477 0
308 1
708 1
145 1
562 1
472 1
669 1
613 1
388 1
613 0
825 1
851 0
844 0
814 1
287 1
642 1
116 1
613 1
323 1
409 1
687 1
30 0
872 1
613 0
758 1
283 0
645 1
159 1
323 0
61 0
27 0
474 1
173 0
10 1
613 1
783 1
301 0
613 0
63 1
573 0
177 1
815 1
394 1
159 1
289 1
388 1
817 1
674 1
357 0
724 1
579 1
759 1
146 1
98 1
37 1
626 1
851 0
601 1
270 1
759 0
779 1
683 0
357 0
654 1
451 0
452 0
569 1
101 1
474 0
851 0
856 1
357 0
863 1
751 0
323 1
331 1
21 0
357 1
159 1
613 1
879 1
451 0
323 1
288 1
613 0
449 1
88 1
806 1
290 0
188 1
657 0
396 0
474 0
357 0
603 0
361 0
708 0
323 1
613 1
553 1
128 1
357 1
751 1
135 0
613 0
159 1
65 0
633 1
729 1
159 1
146 1
357 1
357 1
563 1
779 0
683 1
613 1
430 1
159 1
27 0
759 0
61 1
550 1
751 1
804 1
763 0
474 1
405 0
625 1
357 1
61 1
208 1
357 1
474 0
665 0
779 1
26 1
67 1
451 1
45 1
845 1
758 0
357 0
361 1
579 0
613 1
389 0
435 1
357 1
613 0
451 1
474 1
329 1
512 0
357 1
705 1
643 0
473 1
9 1
613 1
613 1
357 0
323 0
80 0
579 1
855 0
388 1
683 1
287 1
128 1
323 1
693 1
579 0
178 1
759 1
579 1
26 1
745 1
451 1
587 1
613 0
855 1
451 1
520 1
357 0
613 1
41 0
462 0
323 1
408 1
208 1
485 1
632 1
827 1
168 0
305 0
409 1
523 0
632 1
474 0
579 1
282 0
844 0
28 0
357 1
474 1
372 1
277 1
38 0
178 0
836 1
26 0
806 0
30 0
208 0
26 0
579 1
698 1
613 1
287 0
720 1
357 0
159 1
30 0
373 0
323 0
173 1
851 1
357 1
372 1
418 1
365 1
208 0
357 0
173 1
43 1
357 0
759 1
159 1
357 0
761 1
474 1
388 1
357 0
405 0
543 1
830 0
85 1
28 0
20 1
600 0
750 1
666 1
159 0
357 0
41 0
633 0
759 1
579 1
579 1
159 1
159 1
30 1
869 0
200 1
357 1
474 1
851 1
633 1
319 1
357 0
90 0
758 0
357 0
19 1
779 0
620 0
20 0
357 1
850 1
278 1
462 1
84 1
779 1
357 1
159 0
474 0
614 1
543 1
287 1
80 1
665 1
95 0
357 0
614 1
159 1
814 1
173 1
10 1
159 0
357 1
529 0
357 1
84 1
357 0
613 1
851 1
814 1
581 0
61 0
323 1
61 0
474 1
61 0
357 1
242 0
233 1
357 0
288 1
63 1
323 0
357 1
613 1
159 1
357 1
569 0
98 1
758 0
642 1
346 1
601 0
357 1
759 0
493 1
178 1
588 0
357 0
844 1
27 1
731 1
599 1
426 0
14 1
672 1
534 0
699 0
466 1
159 1
174 0
174 0
817 1
323 0
357 1
757 1
159 1
579 1
759 0
388 1
102 1
373 0
143 1
159 1
714 0
202 1
474 1
47 1
357 0
544 1
613 1
388 0
779 1
316 1
721 0
613 1
814 0
677 1
159 0
466 1
305 1
285 1
450 0
613 0
305 0
533 1
372 1
451 1
82 0
451 1
751 1
847 0
98 1
732 1
305 0
759 1
361 0
357 0
357 1
288 1
252 0
665 1
851 0
579 1
796 1
357 0
852 1
863 1
572 0
159 0
370 0
357 1
357 1
100 1
759 1
357 1
224 1
27 1
281 1
159 0
795 1
357 0
7 0
474 0
489 1
128 0
766 1
641 0
30 1
677 0
88 1
41 1
121 0
654 0
461 0
761 0
443 1
128 1
357 0
596 0
159 1
226 0
331 0
677 0
759 0
340 1
449 0
613 0
216 0
474 1
451 1
579 0
669 1
84 1
135 0
159 0
683 1
534 0
613 1
357 0
357 1
856 1
720 0
159 1
19 1
579 1
503 1
875 1
534 1
451 1
287 1
646 1
388 0
737 0
579 0
738 1
825 0
357 1
474 1
182 1
52 1
502 0
526 0
584 0
633 1
872 0
40 0
579 1
361 1
706 0
35 1
323 1
361 0
295 1
323 1
743 0
357 0
451 1
339 0
535 0
71 0
587 1
159 0
323 0
357 1
217 0
357 1
357 0
759 1
451 0
295 1
357 0
112 1
799 1
669 0
807 1
357 0
208 0
14 1
883 0
357 1
159 0
750 0
30 1
71 1
240 1
704 0
287 1
779 0
339 1
851 0
826 0
121 1
279 1
779 0
89 1
336 1
685 1
587 0
759 1
36 0
693 1
880 0
312 1
663 0
851 1
856 0
28 0
759 1
851 1
613 0
550 1
840 0
758 1
126 0
27 1
616 1
61 0
376 0
63 0
187 1
628 1
535 1
510 1
159 1
826 0
394 0
851 0
564 0
756 0
159 1
759 1
105 1
29 1
357 1
168 0
372 0
629 0
851 0
10 1
357 1
613 1
357 0
357 1
357 1
856 0
867 0
613 0
364 0
25 0
196 1
451 1
806 0
726 1
159 1
629 0
474 1
332 1
851 1
323 1
613 1
555 0
159 0
169 0
491 1
388 0
30 1
446 0
531 1
159 0
474 1
357 0
484 0
357 1
323 1
613 1
287 1
464 0
844 1
173 1
357 0
288 1
267 0
128 0
451 1
759 0
550 1
159 1
796 0
173 0
349 0
847 0
611 1
20 1
63 1
357 1
553 0
326 0
491 1
654 1
364 1
851 1
283 0
357 0
128 1
388 0
178 0
61 0
839 0
357 0
27 0
287 0
412 0
25 1
121 0
73 1
159 1
388 0
61 1
579 1
357 0
8 1
357 1
613 1
228 0
159 1
474 0
338 1
840 0
813 1
128 1
27 0
30 1
159 1
357 0
645 0
826 0
357 1
