975852
410709
577785
805517
507548
256964
355068
136281
453952
106583
689694
115659
392876
742905
733029
343099
967611
241204
437488
627487
795266
129521
758723
243120
940961
737275
238582
502545
964515
942711
964515
522747
426818
40632
480960
700293
964515
675205
41601
899947
526237
928236
783361
511607
980340
343998
194386
25223
912370
487623
751198
513067
577785
571190
659132
388418
695547
850249
213957
509317
769252
920403
643904
25223
417701
725991
55373
588954
689694
513067
194386
734999
413716
321792
276085
450577
635090
244305
847042
834720
184199
688730
334287
559435
873773
321464
604260
400720
459363
671824
267855
352377
675205
834720
312418
571190
147052
506982
406796
622338
150670
424887
665526
331100
720675
866820
243120
303272
729049
15457
236225
827284
386059
931852
105894
688730
903162
26221
616850
827804
182454
438164
751198
15457
106583
91592
607255
347879
287818
298083
465445
435875
820226
416005
262511
897433
751198
441043
747046
653690
488120
477135
539679
303272
960428
307660
56679
85452
720675
566925
178215
359718
606697
3452
676139
651690
194386
960428
203887
278279
478499
347643
256964
684395
407308
103368
67250
284177
472145
635090
975852
767078
623223
219176
278851
507548
890362
611708
622338
52785
492726
208856
255568
455138
497861
52785
875821
410709
951521
327466
196320
565133
255568
847326
819715
756612
453952
575769
219176
709775
687169
560245
134376
770466
812978
487623
513067
318735
31776
400720
321059
666232
316105
847761
312418
389077
278851
455138
339993
114495
549280
689694
213957
863049
675205
220074
586653
301082
506408
226902
243120
747046
841790
17470
29628
558063
406796
369809
951521
375356
54635
841513
176617
450577
201339
369809
438164
975852
482609
213957
389077
646324
778812
112461
758723
297872
230967
900916
592801
54635
369809
737275
213957
278851
700293
41601
24259
604260
248535
704160
442977
714248
979782
29628
124236
751198
484083
634526
634242
373982
267855
852958
492726
274963
566925
880874
25223
110325
847326
99050
922390
152876
957271
330106
525181
445207
564316
331100
528772
964515
34888
916156
518574
771816
115659
687927
504964
72722
960232
296260
747046
413799
637169
266633
58315
3452
751198
226902
807738
695547
840992
762842
311705
586518
590206
350252
827284
494159
698584
586518
386470
912370
894118
877816
357022
104560
220074
262511
564316
186240
394376
318735
85452
283930
134376
565133
863049
919543
651690
312418
801311
816634
298954
666439
798030
689694
305325
122714
792881
975269
964515
507548
457537
132145
193902
279702
289114
699615
642820
283131
342117
613096
252721
957271
455138
616339
361079
150393
644607
930515
772362
134376
722035
778812
52785
825930
384188
417701
265114
651690
695547
922390
917068
670383
441043
472145
762319
230967
848779
134376
951521
262511
586518
521879
185008
575769
399820
697276
611708
476812
372429
41601
960232
438268
90459
769252
650530
252251
343194
361079
422610
839780
617819
72722
438164
48211
99161
923837
770466
598043
379419
497861
521879
438164
116375
445207
265114
583551
70812
985809
26221
137408
958429
607255
441043
630505
215830
216923
592089
551650
124415
931082
554321
189140
403884
747046
343194
930655
393850
114084
421043
488120
473268
201339
987385
364073
631587
265114
400720
927782
611708
575769
262511
680038
786017
352377
152550
929787
742905
488120
472145
494159
537619
630505
183378
181012
352886
83410
980340
935
31776
627487
445128
472145
99050
256788
179177
266633
627487
419562
252721
373405
747046
163448
372429
425376
184199
659132
234657
234657
132145
759439
407308
262511
958046
854157
935
484100
687927
522747
130676
725524
305015
343194
345275
445207
510064
61271
691937
604260
449619
637169
95472
916156
373005
355068
85452
256964
266633
74415
634242
492726
971722
651690
283131
707432
129521
543218
527186
559435
20036
678346
421827
185434
522747
854668
303272
812978
518574
688730
373005
698584
423473
756612
208856
919543
566746
670383
243120
833687
527186
238582
868086
960232
778778
834720
76842
726950
343194
183378
504094
233741
591091
967611
603514
510064
551650
591091
494391
92534
485947
373405
283131
441043
225429
496053
545608
52785
583551
931852
788018
479341
216923
698584
820226
935
31776
416915
480208
583012
678346
897433
136281
635090
303272
279702
491686
76842
689694
242625
560245
483510
526237
161824
369809
906422
55757
671824
312418
331100
285398
518574
92534
9896
278851
193902
989154
698612
910627
219176
255568
290863
205960
637169
732651
598043
38112
477135
234366
425376
22576
152550
714248
807738
244305
576691
472145
252721
256964
714248
403884
769252
930655
722035
583551
395474
316105
747046
373405
439990
464490
867309
780279
507548
492726
216555
550728
288281
411449
539679
499466
848569
482609
900916
893297
900916
560245
532726
454461
221691
834720
558063
710776
812978
492726
963843
136281
874554
262511
805517
960428
305325
388418
689694
792881
680038
532555
980340
292046
45198
801417
664814
114084
246142
689694
938655
236225
47786
976842
801417
58315
298954
445945
509317
689694
106583
631587
424681
689694
783769
717166
465445
469715
807738
722285
85452
413799
232674
510064
586518
960428
805517
927853
52785
700293
450529
136281
747046
434116
922390
181465
424887
721644
830387
561872
591091
558063
219176
866820
899947
325195
565133
487019
560245
646324
591091
379419
642263
445128
352377
200011
745839
806576
780279
579533
2268
923837
478499
594325
445207
430524
379419
687169
429554
464841
700293
480208
386059
537619
492726
67250
113363
571190
440393
787161
352139
664814
359036
509317
815448
616339
293617
182454
707432
311705
586518
124236
509317
935
400134
509317
857463
570745
327466
588954
410709
249433
504094
757155
539679
525181
651690
385175
499466
372429
599990
579533
476597
455138
234657
549573
213957
369809
357022
653690
316105
19850
31776
792881
278851
429554
36237
58315
23687
825908
866820
513067
467005
445207
396374
877816
972859
445128
670383
172652
364744
203887
581579
124236
410709
309468
388418
290863
964515
747046
787161
373982
438164
807738
144109
416915
832406
504094
678819
51014
136281
983250
759439
220074
737275
147052
208856
389077
489509
292046
755789
938655
819715
236225
775143
629486
861430
484083
877816
871304
41601
827804
572881
629486
742905
248535
638958
413716
262511
265114
747046
931852
185434
798030
901236
363144
122714
622338
23687
31776
276085
255568
629850
220074
769252
530149
787395
969432
502545
31776
739022
535295
617819
200538
509317
927853
188736
47786
386059
290863
36237
551084
972234
99050
3452
527186
413799
737275
220869
361079
421827
648623
343194
386059
497861
288846
900591
459363
103368
874554
526237
539679
820226
901236
480960
120495
283131
810113
128534
955250
168927
762842
622338
689694
61271
233133
413799
879427
827804
23687
903162
604260
729049
325195
807738
61271
768392
321059
450529
364744
401557
891809
380304
651690
807738
104560
462007
617819
958658
283131
115659
104560
256964
906422
321464
762719
372654
350252
768950
545608
92534
680038
413799
422610
31776
825930
527186
457540
404565
9896
786017
592801
678819
194386
472145
927853
607255
445945
844094
345275
893297
417701
581579
361079
635090
707432
15457
863049
122714
492726
29357
375356
310518
819715
421827
697276
372654
85452
967611
462007
252251
733029
252721
305325
298954
400720
735778
916156
256964
99161
163877
136281
403884
29357
940961
612621
31776
364073
827804
459363
208856
783361
893297
651690
250470
311410
352886
380304
789408
533696
717166
386470
616850
833687
309468
614698
262511
834720
193902
437911
450577
19850
156071
586653
530149
41601
841513
973499
551650
318735
339993
666439
244305
684174
958253
836188
3452
442843
303272
163877
488120
619527
373982
359718
642025
564803
526237
267855
316105
537619
857463
204592
854668
535503
722035
551650
827804
861430
58315
543218
459363
396374
492726
445945
410709
676206
555089
883531
311705
122714
298083
899947
874554
372654
193902
646949
373405
866820
518574
812978
487019
572881
769252
872244
61271
450529
36237
296260
262511
554767
413799
163877
380304
201339
450529
99948
248535
751198
278851
742905
952904
293617
611708
963415
770466
139267
847326
188736
886837
839780
345275
985809
884589
893297
874554
257193
507548
775823
496008
769252
266633
385175
459363
903396
457537
923837
642263
109619
472145
288281
518574
960428
607255
698612
770645
638958
352886
935
721644
287291
778812
812978
675205
255568
559435
233133
962888
188736
652669
406796
145022
721644
219176
805517
956180
664814
783769
688730
545608
584134
163877
901236
226902
919543
504094
386059
762379
99161
506408
684174
539679
262511
439311
200011
188736
221691
430524
532555
324948
181012
300056
372654
874554
176617
937791
274963
606697
571632
695547
357022
931852
103446
798030
918563
255568
670383
15457
214998
751198
874913
637169
183733
545608
386470
260244
379419
193902
266633
694794
244305
233741
203887
216923
850249
759439
435875
422679
67250
371684
233741
372654
445128
401557
93830
689694
507548
651690
616339
380304
59290
252721
269649
369809
942711
912370
480960
675205
755789
119563
670383
868086
213957
684174
651690
196021
265114
884589
455138
373405
848569
266633
770466
417701
631587
622338
583551
413716
551650
48211
675205
827804
957271
42250
496816
252721
221691
252721
586518
972234
722285
321464
136281
255568
287818
678819
67250
572881
539679
99147
661161
131066
958253
248535
723713
482609
827804
543218
863049
778812
9896
389771
581579
659321
336679
967611
467005
825930
352886
56679
497861
651690
689694
539679
364744
185434
646324
413716
161824
755789
124236
819715
271374
942711
220074
637169
246142
472145
229585
438164
455138
606697
93830
54635
61942
352886
106583
410709
12069
416005
729546
841513
296450
674045
820226
985809
373982
230567
189140
357022
45198
252251
635090
25223
611708
592801
935
611708
156071
477135
688730
288281
265114
714248
680038
661161
283131
507548
442977
26221
139267
296450
822983
58315
922390
518174
416915
744372
539679
630505
518174
373005
80775
671824
968419
670383
219560
931852
448763
684174
220074
334287
960232
114084
869196
352886
530149
651690
894118
467005
722285
957271
103368
827804
189140
297872
176617
61942
333693
698769
629850
526237
3452
416915
244305
233741
698584
838263
793903
518574
311705
120495
549280
827804
877816
482609
763573
200011
497861
916156
523691
78523
265114
262511
866820
158009
518174
384188
453952
242625
866820
816634
518574
445128
352886
729049
504094
599009
666232
388418
256964
827804
389077
109110
518574
894716
725808
92628
488120
942711
284471
352377
477135
355068
29357
627487
987038
298083
144109
689694
298954
448763
287818
854668
336241
220688
219176
664814
629850
337472
513067
336679
565133
670383
521879
465445
586518
816634
413799
411449
558063
124236
484083
559435
266633
244305
136281
355068
740894
244305
680038
769252
886331
450529
775143
825930
890362
118681
518574
265114
722035
5296
392377
373982
788468
373405
92534
698612
697276
106583
689694
729049
639896
927853
472145
283131
327466
507548
521566
213957
542685
400720
384188
560245
92534
590206
525181
560245
220074
603514
807738
646324
446967
352886
863049
321464
595257
636538
680038
735416
935
244305
778812
209413
637169
935
147052
958658
675205
960091
827284
809269
293617
287291
33238
956721
403884
203887
502545
352886
816634
646324
670383
542685
617819
411571
651690
457537
372654
70812
622338
518174
483051
704160
422610
581579
603514
103368
919543
40741
389077
839780
642025
638958
583551
604260
530149
124236
737275
909058
594325
861430
877816
150393
114084
685827
675205
172652
161148
213957
653690
985809
778812
52785
527186
76842
216923
350252
74415
87020
441043
76842
210349
960232
25223
288846
386470
320118
513067
756612
555089
193902
700293
807738
869683
484083
914273
163877
296450
901236
599990
213957
957727
912370
257193
352377
906422
684174
373405
731838
373005
124236
539679
644299
545608
171612
878604
58315
507548
72722
303272
343194
684174
678819
287291
124236
751198
208856
305325
763573
877816
527186
958253
441043
422610
203887
351706
518574
336679
203887
455138
465445
292046
76842
894118
168927
704160
389077
735778
445128
545608
970860
964515
38112
281465
298954
491686
825930
651690
244305
695547
607255
521879
664814
67250
12069
938655
789408
659132
410709
379419
6940
539679
559435
733029
940961
252251
120495
310518
369809
293617
455138
747046
487019
539679
725991
409933
559435
525181
124236
957271
124236
339993
751198
136281
219176
241204
698584
256964
480960
457537
688730
114084
352886
960232
731838
233741
980340
59290
622338
572881
116375
45198
893297
607255
293617
65249
343194
513067
161148
99161
951521
472145
188736
732651
445128
244305
455138
504094
721644
603514
233741
457537
477135
87020
549280
894118
394376
287818
651690
372429
226902
506408
437040
675205
139267
25223
303272
162517
987761
370368
278851
793903
491686
572881
866820
789408
714248
78523
841513
770466
526237
416005
892736
805517
766895
161824
124236
233133
793903
710776
619527
41601
747046
488120
336679
496053
278851
236225
99948
34888
168927
852958
307660
197511
372654
201339
112461
664814
287818
396374
305325
624989
635090
534295
422806
309468
373405
373405
751198
303272
509317
960763
297872
320118
136281
513067
480960
596539
312418
274963
41601
611708
152550
288846
678819
747046
901236
488120
942048
255568
98412
9896
762319
897071
923837
588054
967611
169112
45198
384188
333050
526237
590206
287818
33238
972859
611708
437911
874554
185434
110325
344087
274963
950249
65249
849515
666232
124236
499466
755789
610687
707432
721644
770466
987385
103368
560245
202792
23687
407308
45198
707432
346551
453330
807738
518574
156071
324948
292046
292046
136281
710776
778812
827284
312418
899947
646324
823928
854668
617819
252251
380304
736045
446967
916156
309632
124236
936991
611708
318735
698612
166645
627487
532555
109619
311705
41601
747046
670383
834500
136281
416005
168927
297872
439311
637169
184199
689694
918092
194386
807738
386470
647801
343099
787161
480960
389771
373982
334287
214998
680038
99948
236225
689694
441043
221691
577785
136281
869196
455138
287818
216923
213957
293617
74415
426818
361079
292046
41601
485947
707432
869196
248535
364744
642263
916156
642025
527186
124236
255568
185434
504094
472145
103368
293617
483510
523691
925119
737275
441043
758723
19850
545608
722035
518574
957271
467005
723713
437911
890362
951521
611708
257193
462007
130676
26221
566925
112461
990184
339993
406648
592801
244305
735416
849515
722285
171612
325195
675205
627487
256964
722285
985809
472145
821841
435875
364744
859174
666439
821965
203887
555089
696389
805517
783769
950249
806576
434901
476597
729049
625854
61958
67250
540324
717166
122714
92534
255568
967611
714248
416005
770466
48211
513067
257193
144109
92534
472145
72722
196320
583551
14309
103368
747046
769252
221691
31776
106583
536079
698612
309468
772362
914273
45198
416005
655478
607255
265114
929787
161824
455138
296450
747046
621318
274963
369809
188736
19850
56679
163877
685827
132145
488120
747965
152550
136281
620348
513067
351706
634526
76842
219176
122714
483510
76842
61271
52785
669702
521879
591091
226902
729421
521879
494159
448763
109619
450529
241204
492726
720675
933591
343194
468468
95962
297872
54635
651690
938655
36237
413316
653690
704853
213957
262511
545608
136281
52785
20036
208856
762842
854765
751198
988342
386470
298083
343194
241204
134376
445128
99948
975852
807738
345275
152550
124236
577785
559435
751198
631587
513067
188736
66428
287818
759439
559435
311705
852958
700293
631587
182454
252721
417701
798030
812978
722035
639896
438164
987385
318735
247897
394376
220074
347643
880874
343194
185434
462007
296450
455138
288846
484584
368108
257101
355068
879427
879990
184199
671824
327466
521879
185434
675205
266633
467005
352886
45198
181012
539887
156071
425376
487019
983250
267855
560245
755789
530941
637169
226902
437488
58315
361079
244305
787161
439311
798030
423473
742905
85452
714248
132145
637169
140182
455138
951521
494391
539679
75751
522747
852958
586518
56679
472145
651690
357022
805517
106583
627487
851830
899947
684174
236225
257821
124415
975852
364073
425376
201339
252721
916156
874554
45198
393850
3452
299139
661161
267855
262511
312770
219176
92628
184199
689694
421827
610094
384188
262511
960232
184199
914273
935
629850
502545
610094
74415
700293
732477
976842
467005
886331
566925
236225
682757
549280
34888
229585
468468
838263
700293
497861
551650
793903
843119
827284
697276
467005
610094
604260
780279
737275
957271
3452
651690
324948
252721
422412
689694
985809
274963
789408
646324
972859
457537
579533
122714
566925
271374
139267
795266
216923
872244
67250
25223
320118
290863
951521
923837
460622
545608
405835
916156
114084
25223
877816
373405
206102
599990
509317
670383
572881
131053
960428
958046
194386
400720
542685
99161
220074
793903
283131
527186
193902
216923
545608
255568
590206
255568
92534
510064
825930
401557
951156
219176
586518
869470
700293
789408
927853
325195
688730
352139
772113
292046
443455
374061
577785
704853
213957
678346
166645
293617
399820
9896
221691
413799
369809
513067
568927
176617
139267
236225
129521
99161
216923
303568
339993
509317
112461
50038
526237
352377
680392
316105
468468
912370
388418
361079
311705
564316
364073
756612
437488
83410
176617
185434
590206
957271
798030
252721
778812
95472
964515
233133
735416
413716
99948
372429
334287
637169
294237
45198
650530
737275
364073
883531
177275
635090
257193
653690
496053
416005
919543
606697
74415
287818
361079
731838
611708
281465
897071
468998
301082
87612
265114
147052
931852
260244
747046
429554
504094
704160
967611
247897
411449
985809
257193
751198
670383
555089
136281
510064
70812
29628
278851
749173
283930
314335
393850
697276
99948
838263
868333
379419
723713
266633
406796
99161
879990
312418
653690
134376
751198
357022
687169
403884
707432
318735
25223
380304
697276
184199
750285
751198
300347
147052
499466
401557
931852
542685
588954
637169
298954
316105
980340
65249
241204
17101
729049
429554
491686
903162
964515
201339
812978
788468
219176
40741
429554
575769
530149
247897
670383
492726
611708
29357
729049
698584
450577
72710
312418
455138
230967
509376
298083
552457
591091
185434
36265
425376
736572
455800
545608
467005
438164
661161
194386
9896
530149
958658
689694
869196
459363
638958
74415
465445
661161
233741
369809
884589
722035
611708
788468
630505
819715
266633
180150
627487
827804
255568
262511
942711
9896
795266
401557
244305
72722
369809
599009
216923
132145
605038
854765
670383
393850
290863
769252
807738
778812
267855
437911
938655
338007
100628
620348
724638
948399
364744
267855
163877
407308
429554
233133
492726
729049
770466
551650
566925
355068
247897
687169
758723
611708
984898
688730
59290
835761
357657
126713
375356
271374
666439
383934
689694
287039
710623
447063
591091
805517
972234
407308
566925
793903
482609
85452
847326
637169
6940
265114
468468
373982
834720
611708
23687
693223
571190
637169
420109
293617
141971
893297
410709
0
283131
355068
958253
462007
361079
659132
132145
886331
331100
336679
717166
147052
176617
355068
25223
558063
185434
973499
720675
199502
572881
747046
373405
877816
325195
446967
364744
389077
257193
396374
311705
6940
722285
265114
513067
83410
236225
225429
85452
450577
710776
234657
931852
559435
507548
61271
717166
256964
184199
907892
426818
722035
560245
850550
441043
923837
585025
671463
41601
700293
629486
697276
916156
364073
572881
265114
52785
61271
407534
987761
482609
560245
208856
566925
386059
347879
184199
364744
634526
983250
316105
350252
265114
572881
373982
638958
364744
592801
6940
871304
893297
955624
283131
499466
76842
950249
488120
72722
815448
629850
352886
685827
23687
762319
0
723713
363144
400720
247897
989154
136281
276085
932746
183378
588954
871304
791953
857463
230967
929787
369809
85452
863049
467005
58315
548760
560245
581579
184199
717166
732477
147052
586518
698584
216923
532555
262511
36237
293617
156071
364073
551650
896189
236225
598043
490612
575769
372654
780279
883531
181012
201339
653690
827804
345275
919543
983250
345275
365148
787161
345275
152550
355974
510064
357022
492726
294237
100628
656279
931852
607255
857463
827804
951521
325195
929787
67250
472145
762379
52785
784939
890362
729049
384188
507548
960428
303272
34888
580558
579533
163877
292046
345275
181012
827284
482609
942711
790385
642820
34888
6940
311705
566925
742905
642820
929787
927853
132145
244305
684174
213957
916156
680038
554321
386059
659132
216923
29628
221691
413799
685827
877816
726347
907892
820226
369809
221691
594325
448763
560245
200011
903162
535503
450577
577785
666232
834720
807738
33238
233133
492726
294237
316105
670383
714248
99161
115659
106583
964515
439311
617819
527186
700293
118681
780544
611708
987761
522747
480960
780279
197511
616339
74415
648623
827804
321059
756307
425376
130676
465445
386437
634242
599990
152550
311705
866820
504094
634242
984169
457537
792881
980340
138319
526237
877816
303272
946815
638958
485947
194386
330106
380304
801311
566925
166645
581579
518174
827804
255568
67250
351852
293617
849515
496053
36237
426818
445945
710623
236225
400720
821841
695547
269649
847326
874554
6940
720675
930515
352886
58315
698612
292046
241204
296450
648623
613096
78523
233133
76842
448763
208856
893297
863049
592801
821841
287818
678819
630505
722285
651690
357022
747046
938655
689694
827804
241204
964515
41601
163448
85452
958658
76842
445945
989154
534295
296450
74415
899947
956930
805517
56679
638958
324948
503961
29357
233133
642025
369809
930515
350252
287291
325195
735416
611708
790385
492726
666439
877816
159137
163877
184199
936621
698612
425376
129497
651690
34888
827804
492726
364744
348909
249433
577785
990618
751761
300056
678346
2268
174702
166645
401408
482609
815448
9896
555089
957271
86230
544674
417701
311705
942711
777318
325195
438268
438164
689694
850550
834500
325195
58315
780279
491686
620348
134376
388818
655804
477135
762719
947606
265114
416005
230967
85452
377472
233133
507548
545608
132145
416005
476597
960232
795266
492726
355068
386059
484083
717166
86230
34888
617819
396374
45198
488120
756612
923837
488120
399820
345275
156071
99948
430524
854668
722035
303272
417701
283131
114495
929787
827804
203887
599009
150393
416005
528772
720675
417701
213957
410709
827804
421827
416915
445128
411449
386059
183378
555089
234657
390290
234657
832406
629850
172652
445128
565133
467005
709441
448763
622338
369809
150393
504094
617819
59290
393850
379419
927853
849515
372654
714248
788317
364744
687169
617819
467005
857343
814270
642820
255568
533952
425376
294237
717166
345275
99948
693223
233741
439311
485947
756612
285601
689694
637169
189140
345966
194386
670383
900916
448365
189140
566925
861430
879760
688730
783361
78523
132145
298083
85452
34888
588954
627487
864938
666439
751198
953126
325195
357022
269649
849515
980340
29628
737275
341558
364073
551650
373005
579533
863049
208856
496053
41601
769252
936991
586518
318735
244305
403884
318735
940961
528772
671824
884589
429554
980340
373405
54635
54635
610094
472145
352377
637169
509317
670383
769252
351706
651690
406796
916156
171612
298954
629850
325195
267855
386059
964515
278851
122714
297872
124236
980340
288846
802014
34888
76842
307660
680038
731838
400720
847326
559435
369809
220074
989154
213957
603514
857463
226902
651690
642025
438164
410709
361079
560245
120495
188736
181012
586518
45198
401557
271374
296260
812978
616850
518174
742905
182454
942711
627487
674248
541231
277525
267855
646324
243120
287818
438164
912370
827804
129521
167935
612052
931852
193902
942711
429554
266633
484083
29357
187758
220074
531765
513067
437911
213957
847326
14309
812978
957948
106583
521879
617819
487019
680038
850550
827804
262511
599009
675205
219176
848779
509317
156071
354213
820226
319124
611708
265114
130676
118681
462007
705578
722285
424887
283930
336679
244305
664814
379419
256964
71755
871697
310518
929787
373405
247897
852958
130676
321059
271374
592801
76842
834720
85452
262511
448763
664814
729049
288281
467005
72722
577785
410709
805517
203887
722285
425376
373405
303272
684174
849515
339993
182454
320118
388418
233741
255568
709775
294237
350252
637169
405835
982268
972234
767078
688730
869196
786017
157475
545608
787161
807738
659321
820226
827284
334287
849515
507548
477135
911098
671824
294237
687169
109619
751198
206102
698612
742905
604260
793903
355068
370368
539679
572881
255568
45198
742905
122714
262511
51923
762842
731838
267855
234657
394376
674248
287818
923837
161824
545608
592801
48211
634242
646324
957948
93830
666439
812978
689694
698612
549573
833687
513067
484083
906422
697276
194386
233741
106583
648623
152550
957948
287291
729049
324948
554767
401557
201339
801417
502545
380304
99948
252721
6940
571190
386059
76842
893297
480960
518174
542685
868086
296450
484083
369809
762719
193902
153928
747046
99948
806576
61271
604260
616339
14309
964515
213957
721644
61942
874554
124236
952904
653690
401557
233741
441528
717166
51255
849515
325195
787161
854668
343194
896189
705578
494159
499466
236225
957948
386059
445945
627487
343194
742905
194386
659132
14309
780279
171870
629486
41601
438164
608848
594325
312418
373005
226902
484083
388418
252721
114084
503961
221691
950249
442977
940961
247610
267855
762719
680038
526237
929787
343194
680038
906422
115659
929787
336679
339059
893559
297872
375356
513067
136281
827284
269649
72722
849515
689694
523691
783361
617819
835092
516720
288846
625854
9896
413799
442977
841513
972859
130676
689694
960232
892736
599990
131066
139267
76842
248535
350252
567932
684174
302489
303568
805979
324948
386059
267855
124236
133843
359718
257193
918590
29357
526237
687169
594325
19850
348909
161148
118681
448365
184819
430524
805517
294237
850550
412567
513067
603514
373005
484083
283131
14309
265114
58315
951521
586518
478499
292844
135854
305325
285601
235903
650530
425376
533696
717166
484083
616339
124236
695547
648623
611708
230967
136281
835761
606016
893297
957271
866820
106583
807738
884589
364744
866820
794676
51255
742905
262511
651690
918293
210349
422806
852958
622338
496053
373005
766895
675205
651690
459363
441043
41043
707432
807738
698584
67250
502545
425376
714248
820226
864357
413799
571190
222368
884589
135854
265114
318735
345275
55005
218340
350252
139267
599990
386470
200011
951521
341558
380304
850550
83410
205960
536079
957271
927853
938655
935
868086
990184
957271
388418
85452
336679
65249
103880
311705
236225
788468
393850
283131
513067
684174
551650
607255
560245
879990
369809
321464
59290
271374
890362
896189
678819
345275
577785
833687
472145
422679
173957
971722
336679
902188
213957
983250
494159
416005
935
869196
19850
599009
536820
189627
549280
384188
389077
670383
482609
709775
252721
940961
788468
150393
364684
267855
733029
545710
866820
534295
565133
789408
336679
607255
462007
827284
768059
901236
425376
893297
213957
471184
216923
685827
931852
283131
492726
350252
969896
465445
194386
510350
278851
502545
951521
394376
429554
983250
968470
161824
723713
305325
820226
869196
278851
298954
488120
756612
364744
437911
36237
586653
252251
874554
617819
581579
920403
400720
29357
555089
737275
102311
196320
957948
835092
483050
112461
903396
560245
364073
384188
551650
441043
780279
586518
50038
807738
373405
650530
352377
483051
838263
604260
59290
310518
857343
32470
441043
661161
696389
651690
416005
964515
967611
646324
947606
321059
747046
36237
406796
775823
931082
364744
114084
373005
303272
372429
34888
221691
389077
652669
530149
31776
334287
61271
292046
700293
599009
136281
388418
773047
807738
577785
201339
710623
484083
762842
510064
45198
530149
844094
659132
156071
798030
510064
321059
650530
467005
104560
755789
236225
120495
689694
3452
