1
1500 1499
371 372 71 194492822
519 520 948 296143109
1207 1208 103 786027053
598 599 355 352016903
914 915 643 564711055
387 388 422 211996553
1128 1129 921 730314029
1222 1223 215 792619206
502 503 13 286109559
1468 1469 603 976945287
989 990 404 620849059
113 114 172 58236448
938 939 479 580976527
1197 1198 629 772680813
158 159 206 81741104
285 286 932 138536449
526 527 84 299789948
325 326 51 168563193
1105 1106 547 717731350
1154 1155 521 749076212
97 98 417 49347353
64 65 857 34923099
105 106 506 54458402
1126 1127 970 721723603
686 687 967 408833487
1123 1124 71 726587971
178 179 509 94608823
731 732 1 441723405
417 418 212 227717436
445 446 680 251206129
1421 1422 442 935591652
983 984 85 618605767
478 479 924 269852888
1414 1415 842 924637531
68 69 780 34536708
161 162 745 83416621
75 76 374 38310308
179 180 915 89642436
1398 1399 711 917086603
174 175 302 92323821
55 56 538 33829826
1336 1337 597 873019122
499 500 315 281822219
1419 1420 555 927550205
500 501 7 281642080
36 37 97 23055488
1461 1462 712 966703902
891 892 553 549475031
172 173 23 92260798
623 624 189 371792116
592 593 453 341951405
1248 1249 216 809443822
77 78 18 39276204
265 266 197 135908188
447 448 795 253533611
1015 1016 649 642625575
1356 1357 144 890778401
954 955 287 591021565
1402 1403 442 916079666
826 827 700 502403142
793 794 680 480208628
493 494 778 281642080
420 421 553 227868511
121 122 640 63656095
513 514 93 296541597
1307 1308 906 854233595
289 290 717 139947135
136 137 721 71462256
1046 1047 76 664643739
201 202 590 106353630
1288 1289 510 840489104
1013 1014 649 642441245
967 968 829 604059603
1493 1494 593 987206732
1159 1160 183 754061586
240 241 488 122090862
897 898 668 550512449
383 384 202 198913405
509 510 657 289725334
1329 1330 857 874722589
183 184 950 94608823
187 188 522 94608823
331 332 725 170835366
748 749 197 455497693
973 974 124 602655339
96 97 570 48567191
282 283 355 141381457
1040 1041 694 660811680
336 337 974 170835366
1445 1446 583 951157005
1314 1315 44 865145994
1157 1158 89 748135970
782 783 116 474685275
995 996 721 620221246
810 811 242 494876521
1032 1033 224 653679948
1487 1488 834 984520966
82 83 1000 46333750
667 668 811 394057460
1392 1393 883 907976980
907 908 97 561955537
1179 1180 622 767604193
840 841 554 508595576
400 401 308 218997509
779 780 733 473640160
1346 1347 208 884183438
872 873 666 540604553
1418 1419 380 927235301
1173 1174 381 760731578
687 688 202 413804170
288 289 186 139362578
1366 1367 441 896079045
410 411 910 222837352
584 585 160 338209848
1177 1178 217 761645465
1031 1032 154 656384000
188 189 401 96406436
304 305 271 147338297
696 697 228 417621182
38 39 901 24956917
1088 1089 122 703786785
47 48 429 28273088
1104 1105 588 713806066
104 105 53 52134013
1056 1057 361 676115566
1085 1086 858 699305869
949 950 870 591100108
1423 1424 970 931701664
334 335 469 171095367
1165 1166 878 759321352
811 812 158 494828527
468 469 786 258739291
368 369 210 194122767
846 847 917 521173009
1312 1313 400 859625635
69 70 69 36889928
1271 1272 114 834993911
770 771 714 468731261
637 638 509 377448537
200 201 159 105534302
1274 1275 903 834834398
422 423 689 233186940
514 515 334 289813883
471 472 411 263679806
1481 1482 284 986394858
414 415 181 228851038
324 325 109 165024511
348 349 336 178284770
1403 1404 207 918550455
1390 1391 197 908275880
1124 1125 522 725532589
1101 1102 33 712346898
309 310 694 150282763
275 276 637 136841482
1255 1256 26 820346019
1243 1244 46 814913477
962 963 585 599463468
43 44 483 28273088
1246 1247 612 818930227
61 62 758 32394349
732 733 16 445070335
553 554 427 316982416
472 473 554 266568226
92 93 849 50134176
1495 1496 750 995664098
1291 1292 259 846187316
751 752 881 456815326
160 161 698 81364354
1112 1113 14 714885104
899 900 221 556262615
357 358 161 181541475
214 215 799 112786501
561 562 347 325879438
81 82 979 40047588
985 986 929 611351209
340 341 419 172327154
1310 1311 121 854233595
755 756 628 458436647
653 654 868 386845060
574 575 929 331386620
126 127 940 64210986
1353 1354 244 886403164
1460 1461 998 969424535
1178 1179 756 761541377
376 377 8 194232287
769 770 279 469801162
870 871 55 540816789
430 431 94 238158424
315 316 964 161963844
1387 1388 129 903067694
330 331 586 168751653
1313 1314 975 857410918
525 526 687 298376954
229 230 181 114734454
333 334 975 168405943
877 878 70 544910206
1323 1324 557 869859334
322 323 968 165980225
190 191 889 97115486
1299 1300 992 852260978
301 302 726 145011358
960 961 29 593608676
958 959 46 600226222
918 919 462 569147174
992 993 692 624077424
702 703 32 425960846
971 972 327 601465544
1133 1134 202 727415824
453 454 277 254881405
739 740 264 443689272
163 164 102 83088009
225 226 278 115022954
1068 1069 691 693942222
1006 1007 225 636185543
657 658 557 386209431
783 784 882 472682255
719 720 426 438917139
933 934 982 578925957
775 776 20 468731261
107 108 61 54752783
1209 1210 530 786027053
602 603 252 350314171
1282 1283 846 838211269
898 899 711 551219289
860 861 26 528767727
426 427 480 240950125
123 124 496 63109894
660 661 728 392769676
169 170 951 87519152
1025 1026 363 652103034
346 347 668 175642331
1152 1153 134 748644990
1466 1467 698 977259221
1098 1099 29 710493543
170 171 252 84500935
746 747 742 455497693
320 321 323 165980225
788 789 959 478340583
372 373 16 195697321
1023 1024 929 644649746
311 312 923 154575199
915 916 255 568758662
953 954 146 593593331
669 670 832 401305559
12 13 507 7914357
1462 1463 548 972907551
425 426 418 239695039
559 560 676 320086534
1266 1267 232 832422950
1079 1080 474 696312755
1417 1418 883 929136158
300 301 252 144717184
39 40 872 21544980
363 364 306 189055500
974 975 657 611351209
1438 1439 357 941590927
642 643 531 380417616
773 774 794 472277633
79 80 910 39276204
1188 1189 835 770458915
1143 1144 104 742023935
1189 1190 625 767604193
859 860 85 535448229
927 928 139 574675662
766 767 10 468999749
31 32 510 19433485
1345 1346 208 881683918
650 651 824 384577755
633 634 727 374723702
431 432 545 242420623
665 666 88 392769676
1227 1228 681 796355271
608 609 181 354710501
979 980 744 606237647
173 174 47 92665222
957 958 127 598772080
1372 1373 338 894903463
70 71 788 36889928
569 570 661 329212214
588 589 962 343583276
483 484 690 277186152
436 437 490 241639874
184 185 924 92803864
1294 1295 853 848630112
1066 1067 688 685449355
544 545 326 313508240
1174 1175 31 761301636
1347 1348 576 881319090
280 281 955 139899579
1067 1068 149 691391425
1269 1270 45 836271955
490 491 823 277465922
976 977 29 605254703
1078 1079 99 696061409
369 370 721 194122767
1086 1087 776 704384009
639 640 344 380184480
276 277 196 136841482
120 121 248 59816311
795 796 754 485742705
516 517 41 292139176
507 508 239 290287917
345 346 241 176264840
535 536 136 304424768
614 615 404 359737183
727 728 117 441723405
1458 1459 340 965983771
1229 1230 752 796355271
794 795 760 480729732
131 132 471 67763807
208 209 147 110893819
1352 1353 858 881683918
1166 1167 424 754897057
703 704 459 422406112
656 657 637 385457919
1375 1376 520 898582672
19 20 332 12690923
1265 1266 962 825562056
1339 1340 282 880324564
636 637 525 377448537
943 944 374 587361794
433 434 862 241639874
1093 1094 55 706284163
828 829 295 503441459
118 119 423 63109894
418 419 578 227304051
222 223 277 112266742
74 75 522 37323669
676 677 348 409449622
1232 1233 971 795915946
679 680 514 408744015
869 870 186 540895338
1201 1202 445 776387136
1368 1369 931 892653293
1024 1025 845 644522420
1333 1334 14 872215894
767 768 123 468078373
694 695 913 418660043
1190 1191 634 770744698
1060 1061 567 676115566
648 649 175 384243606
981 982 329 618458586
446 447 555 251412819
1432 1433 759 935848317
1026 1027 505 648539399
530 531 830 305311990
180 181 777 92740031
1478 1479 727 978283530
862 863 702 533133480
874 875 400 543641703
699 700 818 421428360
23 24 687 14622000
1237 1238 139 799451855
84 85 168 44570900
1102 1103 272 713505143
1315 1316 102 859965262
1397 1398 136 916604795
508 509 802 285238390
263 264 862 129643872
1153 1154 478 752259707
966 967 8 602655339
546 547 990 310240385
221 222 77 114023882
844 845 123 518040716
576 577 782 334423310
171 172 943 92129177
1016 1017 274 642502061
590 591 733 340176319
1005 1006 188 632764910
652 653 418 384475609
1028 1029 987 653679948
647 648 494 380184480
1272 1273 931 832348475
772 773 524 467079508
157 158 4 81060942
11 12 594 7497713
175 176 481 92129177
1021 1022 449 642502061
360 361 760 188093695
1186 1187 3 767604193
1455 1456 900 966703902
921 922 438 570486713
46 47 643 29752172
1205 1206 698 779223586
875 876 313 543365010
328 329 649 167342964
353 354 269 183778355
146 147 528 74656203
1010 1011 79 634583957
945 946 243 584207884
848 849 503 515270986
1459 1460 545 970356570
937 938 347 577434572
1061 1062 487 680115065
1183 1184 488 767471669
312 313 425 154239417
1276 1277 656 834834398
460 461 358 257823978
1187 1188 988 772602653
1447 1448 335 951157005
600 601 97 353476673
1453 1454 893 956081747
106 107 525 53185072
416 417 470 227763024
1367 1368 102 890825850
587 588 21 342721091
176 177 102 90690328
842 843 565 514555233
101 102 321 52134013
1223 1224 323 790660919
804 805 339 490361730
1037 1038 558 658560481
147 148 189 72243755
25 26 931 15879634
32 33 77 21544980
917 918 65 566039268
1249 1250 195 813876504
427 428 127 241113561
402 403 478 222659362
117 118 573 62412648
89 90 642 48492456
1115 1116 416 720263643
91 92 662 50134176
911 912 267 564711055
413 414 593 226126994
41 42 974 28766025
738 739 215 443100692
1116 1117 206 720263643
403 404 454 222309713
1169 1170 296 761301636
1355 1356 437 884183438
469 470 902 258739291
1490 1491 161 990802548
40 41 877 24574675
674 675 819 398211241
1162 1163 293 752630592
1341 1342 216 880317425
924 925 127 570486713
125 126 196 65093932
98 99 496 51525409
1087 1088 740 703564350
318 319 727 165330979
1108 1109 585 718662859
470 471 721 258703841
220 221 952 111423615
71 72 518 38265950
691 692 928 418992904
892 893 260 550512449
1096 1097 828 708880765
116 117 791 63109894
749 750 133 456815326
1456 1457 558 952313069
778 779 724 474685275
662 663 821 392348311
49 50 850 28788135
785 786 299 478790912
1384 1385 137 901366305
1348 1349 741 884183438
595 596 591 350314171
1427 1428 751 935637891
124 125 469 64992216
955 956 52 591305912
248 249 994 122090862
522 523 851 299789948
706 707 291 428033220
1080 1081 148 697227261
1428 1429 382 940144199
651 652 142 388614200
278 279 789 136479857
111 112 124 57166383
534 535 386 306736049
347 348 526 180733133
812 813 527 495554565
581 582 815 337839699
580 581 745 338163661
988 989 60 620849059
26 27 875 16392473
419 420 39 227717436
310 311 768 159941642
398 399 503 217164829
781 782 727 476432636
1374 1375 6 895385905
491 492 647 278289650
622 623 292 363239406
415 416 308 227304051
643 644 520 384475609
827 828 503 504295782
1097 1098 208 709053736
688 689 212 409827920
611 612 377 363239406
695 696 620 418992904
127 128 106 63656095
496 497 963 284129097
283 284 14 138103551
1051 1052 154 669523236
1254 1255 799 821100487
940 941 615 584357880
964 965 93 603293784
1359 1360 584 886403164
557 558 392 324384081
1217 1218 809 790665652
1136 1137 193 736313011
1239 1240 14 809443822
698 699 400 425960846
1138 1139 607 730314029
597 598 207 342979378
90 91 761 46333750
671 672 132 398284488
1121 1122 549 725532589
267 268 100 129690023
547 548 729 319140858
944 945 849 584357880
109 110 296 57697097
1350 1351 620 886212511
122 123 912 63665087
780 781 337 472277633
439 440 949 242766679
1324 1325 853 867746290
1000 1001 729 626708102
1311 1312 105 854233595
1139 1140 558 734358779
1326 1327 774 867308479
565 566 991 331826054
1393 1394 618 907976980
1221 1222 877 790872962
624 625 295 373335967
1148 1149 650 744943610
1224 1225 429 792619206
477 478 177 269852888
145 146 563 72350313
641 642 922 380143480
298 299 998 145011358
1171 1172 48 760214661
1210 1211 717 781646459
2 3 44 5922067
1474 1475 981 977259221
1370 1371 573 896079045
762 763 340 464464811
1142 1143 253 740639977
213 214 409 110893819
520 521 915 296143109
1464 1465 932 966842179
865 866 960 537254558
1226 1227 161 792619206
563 564 208 327148623
666 667 463 394057460
800 801 539 486193442
1009 1010 577 637167004
313 314 302 159720747
273 274 978 136479857
495 496 513 283818868
423 424 241 230553626
1440 1441 639 948246393
512 513 584 290164587
991 992 105 620221246
839 840 91 514555233
361 362 876 188755903
299 300 722 144717184
668 669 230 393989264
1444 1445 539 950080642
134 135 132 68218616
296 297 915 143300096
1216 1217 314 790660919
606 607 276 353434930
916 917 339 566039268
344 345 976 177269241
130 131 852 63927881
756 757 970 462243306
1295 1296 59 850106199
207 208 613 106708884
45 46 298 29854078
140 141 139 71213720
941 942 76 579863061
903 904 698 560033019
912 913 890 564449054
358 359 340 184863773
725 726 252 437952451
729 730 310 443100692
798 799 682 486035815
284 285 840 142059452
261 262 121 129555764
1486 1487 281 988358340
1045 1046 448 664643739
437 438 870 241113561
264 265 782 130694817
1195 1196 724 774121014
291 292 852 144717184
814 815 681 494828527
249 250 713 123479232
925 926 792 573497690
717 718 739 436709424
1176 1177 684 765127030
401 402 749 221816561
833 834 639 505539854
754 755 92 460092347
245 246 106 120742495
209 210 973 110893819
3 4 894 6514072
1325 1326 282 867888055
164 165 561 83242742
342 343 504 176876866
873 874 295 541522724
461 462 355 257823978
1219 1220 792 789586450
901 902 247 554236597
970 971 186 603293784
1306 1307 909 851918331
603 604 189 354362751
268 269 748 135908188
1168 1169 856 758621498
845 846 185 519428315
211 212 637 110622587
1002 1003 61 626455726
1206 1207 243 786027053
350 351 4 183217726
1275 1276 895 834993911
1043 1044 104 660811680
251 252 900 128538775
714 715 457 428382420
1318 1319 65 865194313
1400 1401 720 918550455
683 684 822 407834926
809 810 294 495728142
1192 1193 415 774121014
1479 1480 827 979655225
1118 1119 571 720789336
579 580 324 336521750
1019 1020 806 642502061
545 546 62 316982416
969 970 425 606237647
543 544 906 307123648
392 393 1 213471155
488 489 179 274406764
1050 1051 372 669785847
475 476 716 267414129
880 881 925 541070880
464 465 509 258739291
165 166 503 85540195
1293 1294 395 844696590
1316 1317 896 865194313
857 858 821 535448229
548 549 440 315409926
397 398 833 213471155
1435 1436 654 942740548
306 307 929 154239417
920 921 453 568758662
577 578 302 336521750
168 169 231 88054105
774 775 201 471394519
720 721 701 437952451
1069 1070 430 694606710
42 43 381 28788135
386 387 714 213471155
1110 1111 69 719407463
631 632 296 375653790
449 450 798 251206129
429 430 942 241113561
1485 1486 558 984228479
1411 1412 849 920624292
332 333 509 167342964
448 449 333 251637764
50 51 191 32196176
1144 1145 807 744943610
1302 1303 279 848630112
1273 1274 702 836271955
621 622 874 362626608
4 5 507 7962884
1074 1075 681 696312755
510 511 533 285027836
677 678 836 403878585
1469 1470 26 978283530
808 809 247 495554565
1127 1128 191 727415824
620 621 834 371790643
582 583 837 338209848
1095 1096 801 703786785
824 825 745 497293447
879 880 610 544910206
655 656 780 386116622
594 595 375 342721091
501 502 377 283818868
1482 1483 494 982725064
723 724 495 435621219
236 237 994 116445986
929 930 452 574197248
1452 1453 135 965983771
1492 1493 663 990382905
797 798 145 483191314
718 719 657 436709424
1420 1421 445 927235301
274 275 590 135757628
1054 1055 900 676144480
919 920 974 568758662
455 456 680 256107323
1484 1485 681 988504150
166 167 994 83416621
1161 1162 738 754897057
224 225 966 115022954
1441 1442 169 941563866
258 259 15 127281588
975 976 598 606237647
459 460 366 254881405
1415 1416 87 924637531
790 791 626 483439712
757 758 601 461311247
1076 1077 645 699305869
1267 1268 821 827794804
1327 1328 949 870287030
881 882 845 544781290
203 204 454 108731881
323 324 991 161963844
269 270 826 131709940
441 442 590 247538032
1442 1443 627 944674739
528 529 202 304424768
1365 1366 493 889763915
1303 1304 517 853674206
909 910 103 564204680
182 183 561 99628407
551 552 476 319760199
1259 1260 267 826656038
233 234 191 118545571
218 219 74 112266742
1100 1101 786 709053736
586 587 919 340752981
689 690 990 414650513
1262 1263 75 827530273
853 854 296 531455632
745 746 755 449479717
1430 1431 593 935848317
852 853 783 528767727
961 962 742 601465544
66 67 180 33829826
6 7 380 6565391
968 969 437 600702465
150 151 604 76715369
760 761 202 462243306
152 153 483 80217098
409 410 993 223848535
1410 1411 764 919043545
226 227 458 113181223
404 405 195 222837352
554 555 701 326007281
645 646 367 385403456
389 390 436 209885278
16 17 370 12690923
837 838 190 513753590
29 30 173 19019770
256 257 671 126794240
438 439 631 242286452
1081 1082 512 699503745
1320 1321 868 866191933
138 139 289 71968118
1125 1126 109 726654601
532 533 186 306736049
1130 1131 520 726345041
847 848 291 516014745
1340 1341 40 879876796
302 303 631 150282763
1106 1107 934 714595407
627 628 258 374723702
1048 1049 499 673093740
675 676 150 403878585
1059 1060 561 680459614
290 291 971 139899579
1457 1458 694 954482143
1055 1056 315 675426274
1131 1132 288 734358779
1378 1379 892 900392911
733 734 812 447275587
1170 1171 614 761426460
596 597 717 348967812
734 735 640 445070335
681 682 486 405269228
1082 1083 226 696312755
329 330 153 165467375
327 328 558 167048643
640 641 801 382845294
485 486 968 274944247
279 280 359 138103551
1215 1216 712 790867009
15 16 464 11846233
88 89 840 44570900
1258 1259 377 821100487
963 964 762 597395443
473 474 406 267165578
20 21 993 15061342
1241 1242 484 805702741
583 584 263 338209848
486 487 875 277186152
205 206 414 106708884
1270 1271 763 830237094
1386 1387 900 908386100
1231 1232 318 799590046
1058 1059 309 680459614
735 736 287 442126900
314 315 385 157084831
707 708 396 428382420
1491 1492 422 987206732
1278 1279 104 836271955
424 425 673 233186940
823 824 360 499257284
1371 1372 88 895334632
1289 1290 574 846187316
939 940 362 578123107
531 532 227 305769312
1351 1352 958 883039809
1305 1306 903 851242659
905 906 458 561955537
607 608 24 354362751
86 87 553 47459501
144 145 993 71968118
670 671 593 400412605
317 318 943 164946590
1358 1359 520 888236699
815 816 757 496060860
573 574 667 330964669
379 380 971 196425609
102 103 954 51525409
232 233 166 118009882
858 859 411 531818659
926 927 260 572814581
542 543 974 310240385
1499 1500 475 990396409
1225 1226 935 794826425
78 79 372 41239940
237 238 698 117167611
142 143 310 71462256
841 842 211 513668668
1385 1386 421 904015698
1194 1195 837 777115574
888 889 25 548615183
7 8 281 6565391
1140 1141 448 736313011
863 864 636 531455632
802 803 502 493129265
1250 1251 409 813876504
1280 1281 226 838160246
335 336 583 174769315
1072 1073 281 691957814
854 855 663 522926501
799 800 24 483191314
1379 1380 356 903740798
982 983 67 617762677
1268 1269 796 827530273
736 737 638 444115535
474 475 204 263677588
712 713 474 431815224
1132 1133 943 734358779
8 9 68 7763971
724 725 320 436709424
242 243 588 122090862
942 943 211 584207884
904 905 619 561955537
35 36 989 24574675
871 872 226 537588345
708 709 18 426029454
1029 1030 810 648493647
498 499 833 283818868
541 542 277 308863614
768 769 871 467079508
139 140 445 72243755
13 14 640 9518145
634 635 216 375653790
529 530 787 301739334
965 966 69 602655339
764 765 724 465066146
1181 1182 677 761645465
186 187 785 100082938
181 182 585 92770098
1443 1444 637 949289887
601 602 368 348416508
1304 1305 935 857410918
505 506 277 285027836
1014 1015 544 638061215
1434 1435 458 941691135
133 134 89 71324024
612 613 910 359737183
1047 1048 150 666414249
906 907 997 560033019
572 573 904 334020463
825 826 483 502536332
1328 1329 729 870287030
366 367 466 194232287
1425 1426 847 932453501
550 551 928 319760199
83 84 879 43490377
307 308 759 150282763
159 160 571 81364354
247 248 560 123710108
605 606 806 356117750
108 109 197 57697097
319 320 177 159720747
1473 1474 216 980133356
1279 1280 723 840489104
1180 1181 509 770018582
820 821 268 496060860
494 495 530 279958172
354 355 370 179378356
813 814 203 497293447
1107 1108 784 714160955
54 55 256 33519105
1395 1396 580 909786817
103 104 166 54752783
1092 1093 83 709950513
1450 1451 992 950768244
552 553 534 315409926
408 409 732 221816561
1041 1042 519 658916536
713 714 773 430868606
390 391 507 207613536
787 788 560 475342939
114 115 835 62412648
1134 1135 583 727415824
370 371 600 194751546
896 897 674 551219289
1406 1407 970 920624292
463 464 827 257585970
1297 1298 535 852243423
497 498 24 283818868
659 660 90 388102297
337 338 41 174769315
1338 1339 688 876601109
803 804 250 494743660
883 884 691 544910206
1261 1262 456 821620451
649 650 369 384577755
1129 1130 729 727003790
864 865 212 537588345
395 396 550 211996553
956 957 13 598772080
902 903 954 559843847
1228 1229 867 798163142
1027 1028 254 644649746
930 931 648 575387588
1322 1323 80 866191933
1362 1363 486 890778401
625 626 730 372885332
850 851 835 518040716
567 568 784 329212214
777 778 696 473640160
556 557 824 328133800
487 488 647 275389877
740 741 773 447792714
1149 1150 485 748644990
204 205 382 106708884
996 997 900 624734940
458 459 689 254881405
753 754 137 454985271
1034 1035 758 651428822
908 909 985 562872122
1399 1400 810 911897268
58 59 802 32275513
1285 1286 236 841134184
1317 1318 910 861084384
266 267 387 130694817
776 777 506 471315797
786 787 67 474328515
405 406 497 218997509
22 23 679 12483180
742 743 791 448577453
678 679 384 402721485
1413 1414 165 923244010
709 710 398 426081913
1236 1237 320 800248448
1463 1464 976 966703902
1141 1142 423 739730085
476 477 816 264821017
1242 1243 386 813876504
1321 1322 944 863903221
355 356 368 183665741
260 261 784 130694817
153 154 309 81230275
462 463 621 256107323
1111 1112 127 717222582
270 271 698 131709940
52 53 319 32934517
801 802 722 490560161
1212 1213 356 784116462
1020 1021 436 642441245
984 985 836 614482234
876 877 352 544781290
1433 1434 200 941590927
244 245 756 124042296
1198 1199 177 772680813
609 610 212 356694304
980 981 748 610208274
1167 1168 398 759321352
467 468 867 258739291
618 619 587 371717723
1247 1248 244 813578069
1344 1345 792 880317425
836 837 792 513668668
294 295 50 145763188
805 806 322 490361730
243 244 870 120515519
886 887 196 548615183
349 350 114 182645505
287 288 257 141381457
1164 1165 96 754664777
1496 1497 181 990802548
758 759 724 458456018
887 888 364 545278338
194 195 6 106613837
1075 1076 625 696080092
457 458 391 257823978
1057 1058 846 677661911
743 744 470 447901072
1160 1161 79 754897057
87 88 939 41947387
95 96 151 51185259
1494 1495 271 990802548
212 213 117 110622587
271 272 695 136385868
1030 1031 74 648539399
1309 1310 404 859997188
129 130 695 64210986
151 152 938 76715369
997 998 80 621773247
223 224 734 112786501
17 18 805 11846233
1077 1078 240 696312755
829 830 490 504229184
549 550 974 310240385
1091 1092 400 703786785
867 868 23 540604553
697 698 982 425960846
137 138 150 71462256
286 287 351 139947135
1364 1365 563 895334632
272 273 500 138048379
889 890 994 550225003
1150 1151 380 747308597
994 995 874 621674416
135 136 598 71462256
303 304 805 149166985
1382 1383 2 899400206
562 563 376 326080829
537 538 984 307008126
1376 1377 293 898582672
394 395 563 215283897
1042 1043 932 662123889
231 232 967 114734454
292 293 813 140692984
378 379 297 196997379
1471 1472 255 974633390
393 394 11 213471155
321 322 238 161963844
365 366 277 194232287
1330 1331 593 873019122
616 617 6 365210376
492 493 159 281642080
1064 1065 170 679158969
1389 1390 446 908275880
536 537 149 306050150
741 742 990 449479717
21 22 141 14622000
511 512 894 287198642
219 220 343 114023882
819 820 565 495728142
1383 1384 668 907976980
99 100 700 53354228
1488 1489 112 987206732
297 298 49 143100649
882 883 100 545891852
578 579 679 338163661
1018 1019 748 642625575
861 862 290 537254558
832 833 75 505539854
1084 1085 642 703786785
257 258 162 129689695
1357 1358 763 886212511
1454 1455 508 951157005
1145 1146 236 746552772
1284 1285 133 839711590
1012 1013 698 636056726
63 64 140 36841170
239 240 45 118421375
1467 1468 901 974633390
885 886 754 550176898
316 317 28 163807658
1155 1156 220 750624769
765 766 76 464538839
1263 1264 138 824609183
1257 1258 697 821100487
9 10 18 7914357
849 850 232 524091881
1114 1115 792 716968844
1004 1005 27 635746037
1470 1471 123 978556082
628 629 41 372229124
1120 1121 770 720478955
1354 1355 208 884956510
148 149 76 75134123
1218 1219 940 790722570
432 433 657 242286452
700 701 807 418992904
831 832 545 503196488
1256 1257 278 818930227
1361 1362 47 886403164
704 705 608 424503480
73 74 153 36841170
155 156 232 79079276
932 933 559 573497690
28 29 562 19019770
481 482 551 270213111
913 914 793 566039268
728 729 579 437779762
197 198 255 102436514
440 441 48 249246681
373 374 901 197196412
250 251 987 123479232
466 467 483 257823978
465 466 706 263677588
1349 1350 179 886212511
672 673 368 407317276
710 711 434 431815224
1147 1148 403 744943610
818 819 463 496060860
1211 1212 800 784999479
162 163 518 83460977
1342 1343 5 879876796
1477 1478 761 980146693
575 576 258 334020463
1103 1104 968 714595407
856 857 310 524695263
1426 1427 559 932453501
538 539 602 305311990
235 236 398 117611808
610 611 448 354362751
1184 1185 300 771975416
1388 1389 414 907976980
374 375 439 197196412
255 256 336 129555764
560 561 693 326080829
33 34 188 23055488
391 392 955 209826800
1476 1477 591 979655225
1439 1440 382 940661067
515 516 512 292139176
1292 1293 521 848630112
555 556 632 320086534
761 762 598 461210151
1480 1481 746 983984428
241 242 4 118009882
56 57 141 30721768
85 86 517 45570443
167 168 840 83460977
664 665 288 392737896
830 831 283 504229184
789 790 892 483191314
177 178 575 92323821
1208 1209 267 784999479
1332 1333 778 876601109
252 253 935 125734383
217 218 604 112499980
388 389 615 209885278
1202 1203 647 779223586
630 631 465 372229124
817 818 527 495272744
227 228 321 116121802
65 66 43 34359865
1137 1138 406 734358779
1264 1265 333 824609183
5 6 543 4104282
1196 1197 116 780519679
1033 1034 33 655096921
341 342 856 174769315
198 199 140 108226660
1063 1064 292 685449355
412 413 305 227868511
977 978 653 611351209
380 381 51 207613536
682 683 181 408744015
506 507 66 287198642
540 541 453 306050150
999 1000 173 632910822
51 52 302 29752172
228 229 509 114806565
1119 1120 871 721723603
524 525 544 300886180
948 949 844 585897870
1489 1490 366 986045555
18 19 352 13408857
1253 1254 613 824353898
156 157 744 81741104
1298 1299 286 845868978
115 116 140 61502032
407 408 567 219160877
680 681 128 409827920
884 885 889 545238633
936 937 89 581493798
59 60 815 31357535
935 936 804 576873678
1360 1361 350 891976330
149 150 648 80786874
195 196 429 104791627
1156 1157 406 749076212
60 61 75 34536708
1146 1147 679 745444187
1071 1072 534 696061409
693 694 411 414650513
34 35 67 23055488
442 443 97 246237174
835 836 42 505962392
193 194 313 104791627
866 867 141 540604553
806 807 755 492638605
946 947 236 590690929
253 254 602 127960160
377 378 976 194751546
444 445 787 246279839
482 483 932 276991732
308 309 166 151194014
362 363 139 183225594
1451 1452 501 950768244
1337 1338 171 880309435
1163 1164 729 754664777
673 674 100 407834926
1287 1288 934 840489104
1416 1417 908 925683502
721 722 415 434581593
359 360 582 183217726
1191 1192 325 774121014
454 455 114 253842254
711 712 322 433044897
338 339 521 176264840
1424 1425 349 935591652
262 263 234 129643872
533 534 627 305769312
895 896 296 559730962
1498 1499 569 995563699
752 753 176 457213246
1113 1114 653 716968844
53 54 765 32196176
385 386 961 209826800
1193 1194 645 771682082
1089 1090 996 706284163
1283 1284 168 843074798
479 480 389 275389877
950 951 473 588521417
1252 1253 776 820346019
234 235 978 117611808
1331 1332 784 873019122
421 422 826 230365421
192 193 148 105059800
986 987 41 618605767
1369 1370 547 896692516
947 948 186 590690929
504 505 75 283749932
539 540 4 308568806
1007 1008 351 635746037
523 524 907 299903147
784 785 812 472682255
1244 1245 861 813578069
838 839 777 513116817
1431 1432 135 941590927
210 211 504 111074051
1436 1437 636 941590927
352 353 868 179378356
821 822 469 499176767
351 352 595 177269241
143 144 648 75701325
816 817 252 496060860
928 929 343 574197248
1220 1221 720 792619206
1296 1297 153 846807805
1245 1246 70 818930227
1036 1037 534 653679948
1052 1053 320 676916658
1377 1378 263 899400206
364 365 253 188103647
1281 1282 176 840183300
619 620 821 360212988
406 407 993 222837352
451 452 78 251412819
428 429 526 239695039
1073 1074 373 693942222
76 77 135 39276204
1301 1302 664 851918331
599 600 369 353434930
1300 1301 265 851918331
1094 1095 522 704871351
571 572 185 332007816
589 590 240 340176319
1308 1309 824 863179526
558 559 163 327425458
796 797 572 483439712
807 808 799 495272744
638 639 183 377252917
1472 1473 346 975619692
626 627 905 372192811
100 101 242 51185259
396 397 580 218997509
1003 1004 469 636476515
382 383 822 207613536
110 111 683 57400117
1017 1018 393 642625575
1240 1241 17 803079089
1363 1364 893 890825850
763 764 403 467079508
646 647 211 383605568
1204 1205 152 777634441
132 133 998 67090209
399 400 783 218213968
1233 1234 336 799451855
1407 1408 118 923247799
1001 1002 414 633477083
1214 1215 249 787003082
141 142 259 74883298
1099 1100 673 712862616
951 952 836 586538672
750 751 206 455497693
822 823 175 503196488
1049 1050 974 666414249
566 567 993 328696866
632 633 110 375653790
202 203 961 109478140
14 15 91 12520340
489 490 669 278154102
922 923 793 567864559
128 129 858 63656095
1199 1200 351 779223586
206 207 466 110622587
1083 1084 899 700748293
1172 1173 509 761556082
931 932 917 573497690
843 844 183 516014745
384 385 648 198913405
701 702 50 426029454
1158 1159 254 752630592
726 727 613 438917139
112 113 279 61557890
747 748 806 451073191
1409 1410 330 919108844
67 68 37 36478269
1200 1201 604 779223586
295 296 522 142431232
1 2 978 7309537
715 716 653 434130370
281 282 689 138536449
1062 1063 314 679158969
93 94 5 48316889
246 247 605 124042296
518 519 911 292139176
1412 1413 179 922054416
62 63 624 34359865
972 973 308 604059603
484 485 561 271339321
1022 1023 988 644522420
654 655 51 388102297
215 216 671 110657404
367 368 584 189055500
230 231 892 114806565
593 594 23 342721091
663 664 611 397367283
1070 1071 18 689678177
37 38 782 22571427
452 453 43 253842254
1182 1183 662 770458915
94 95 187 51185259
1394 1395 893 908591159
521 522 938 296541597
959 960 480 593593331
1230 1231 360 795770594
851 852 572 528739193
1391 1392 125 908275880
868 869 645 536944652
343 344 48 176876866
443 444 14 246237174
1319 1320 313 863903221
613 614 68 366257306
1343 1344 338 881319090
1238 1239 559 799451855
658 659 936 388102297
834 835 550 513578551
189 190 91 99771475
480 481 331 266638892
1117 1118 489 720923661
1446 1447 83 949289887
1044 1045 377 658560481
1008 1009 400 638061215
1334 1335 824 871208354
48 49 825 31357535
568 569 629 330641788
375 376 670 198643271
259 260 705 129643872
119 120 888 63665087
615 616 481 369536137
690 691 545 417621182
1335 1336 193 876601109
1175 1176 175 759321352
993 994 641 618605767
381 382 157 207150776
684 685 677 413421689
30 31 55 16392473
893 894 145 558326762
1203 1204 468 783024610
191 192 404 99628407
1251 1252 497 820346019
1396 1397 525 913142059
326 327 251 168405943
998 999 559 633477083
517 518 574 292346433
564 565 429 329958678
1286 1287 634 840489104
450 451 259 254881405
1213 1214 313 786333711
1437 1438 668 940016944
737 738 683 447792714
435 436 359 242968330
591 592 862 344758616
878 879 885 545238633
1109 1110 198 719001064
216 217 318 112499980
356 357 223 186889984
792 793 232 478790912
293 294 298 144751036
411 412 963 222659362
629 630 430 375455689
1429 1430 329 940144199
900 901 586 559730962
1135 1136 375 740639977
1405 1406 625 919043545
1122 1123 715 725424667
154 155 436 81072351
57 58 234 33519105
1053 1054 778 677155695
685 686 690 414650513
1380 1381 226 903067694
730 731 830 441723405
1260 1261 242 826656038
339 340 425 175647303
990 991 648 620221246
978 979 617 610208274
1483 1484 978 980597585
644 645 208 380417616
1090 1091 749 704871351
10 11 239 7497713
254 255 731 126794240
1277 1278 701 834993911
771 772 530 471315797
934 935 95 578851963
1039 1040 259 658916536
72 73 117 38265950
1497 1498 163 990396409
1408 1409 487 919043545
456 457 943 254734569
661 662 519 394062185
196 197 997 106538921
1448 1449 438 948488221
1373 1374 567 899400206
952 953 618 593608676
1381 1382 340 902203913
27 28 318 15282410
24 25 66 14622000
855 856 784 526520596
1290 1291 307 846807805
635 636 413 373335967
503 504 661 284971416
585 586 498 342691369
890 891 388 551219289
705 706 625 425960846
1151 1152 935 750624769
277 278 817 138536449
1475 1476 618 976945287
199 200 700 108226660
1449 1450 35 956081747
1234 1235 105 803153959
527 528 627 304270908
692 693 511 414650513
716 717 800 434130370
1235 1236 1 796355271
722 723 305 434581593
1422 1423 279 935848317
744 745 347 447901072
759 760 128 458456018
894 895 328 551219289
1065 1066 124 679158969
185 186 808 96406436
80 81 498 41947387
1038 1039 400 656777853
1185 1186 949 771682082
617 618 867 362626608
434 435 421 242420623
604 605 426 352016903
1465 1466 584 975619692
791 792 264 478790912
1035 1036 98 657022598
910 911 994 562235703
1404 1405 82 917086603
987 988 570 620057777
1011 1012 597 637167004
923 924 408 567864559
44 45 600 28766025
305 306 294 152185952
570 571 992 332007816
238 239 867 119275521
1401 1402 907 919108844
2000 1 1000000000
1484 95279212
1109 62426497
321 213842422
1129 385239151
343 835186988
640 668227796
524 290188738
95 164731439
1187 79558140
1031 843808376
1136 770765374
864 63872870
279 6921440
710 980129729
945 800218785
738 433278388
428 388251649
899 289478822
425 726742887
823 31698378
808 952037611
655 643384814
1445 610328159
1354 89207296
1217 37237887
45 63621641
293 278092932
1457 878554282
354 966865430
1461 80392962
278 36583901
210 292395750
984 550956348
1165 263349706
1212 64751935
91 329895961
1324 328919657
1442 159449992
740 218908832
960 223517417
1000 289097652
1026 207353644
101 771697115
1365 762762661
601 93801063
1337 509736948
458 503806690
936 767190840
368 241701842
902 175308480
1391 799835846
856 778499893
69 874011468
1429 82033101
311 92663843
397 143013571
985 356490712
1439 660307127
880 845914786
718 639501479
1328 165479054
973 52556392
1037 397792046
871 229934163
724 129641979
1250 646861366
1189 950777236
15 193530196
1414 692279768
1352 443930323
680 824234864
68 805941558
1293 358359044
1397 273708353
762 138290081
134 643508776
394 985633140
1397 80959875
305 44345085
29 396132551
871 575363550
1028 278175574
1181 291888000
1205 687636028
469 252968389
124 506448942
1000 734202902
1384 457170130
713 285727836
454 564267697
612 297493914
1230 902833958
914 417271594
1174 47962682
944 908545604
393 880882916
741 129555742
1184 905160724
887 550540760
1236 718320712
743 232638053
1241 211781890
1040 408545558
1280 117438336
1368 410497064
1229 681162595
852 701104093
813 856373189
724 864679436
806 164421745
978 395048084
878 136046248
712 253884323
767 478206041
256 162837841
1225 257696570
37 703551355
195 834454112
657 257377960
54 307332625
315 945909509
1469 35604429
695 883007522
421 527075302
951 356195052
1449 185399563
44 325383084
1458 629164718
1166 209330433
663 116248654
1431 574081807
1237 647270097
1181 305168166
1438 951455481
1315 642556452
572 823772385
726 80305903
950 395445886
840 286657233
45 709691515
1164 19356957
902 499992301
1457 255473242
911 794404150
1433 340579221
901 895179771
683 871713123
324 382051700
533 177965799
377 872007521
543 130038430
1252 812878947
290 69385141
79 665368482
646 526666745
1457 989513063
9 799000386
308 295110042
319 483468420
622 531070766
396 543927142
1106 328103315
824 282422126
1201 129434725
1253 758866657
258 405202142
1187 272247303
1125 437625706
856 588903727
1289 626677573
130 272756652
1128 410921815
412 438149920
683 375160501
399 181444903
1086 357272619
1107 205335666
398 807272693
553 910269416
884 981553209
1129 6970843
1412 513943324
276 576228659
1257 35600212
638 560590824
955 650975279
181 859453412
140 899953857
190 61489075
1024 22998935
1427 413796539
406 809823670
904 793500787
544 421150862
645 223219463
959 577034668
926 704807870
812 982202038
843 14551772
373 790854212
1317 45034603
757 257037849
1084 245187916
460 394038641
282 281302460
1135 281652216
1200 90435030
853 29677124
560 896686686
45 273733382
519 350974662
1149 770096506
1417 741042345
121 606532807
638 810733611
357 510821095
751 503018965
203 260664587
1268 359498477
663 504544150
1207 879417825
456 95748400
902 341750799
1136 565861038
994 234947864
1336 235530406
1334 471179856
1186 156591919
1290 617131753
268 948843025
520 641045775
361 654774788
511 719993799
59 240870697
391 614424101
301 477840698
1258 863381410
175 562207999
1185 553479635
721 747517081
1375 178891426
338 181233885
360 456378644
696 611089561
296 994642189
1384 975501996
214 142170437
316 561680184
955 418539361
1161 514833410
1226 302830867
1068 638534956
1310 448042516
220 451087106
998 140572833
1485 867908562
412 629268291
946 636148660
979 789086472
329 53239637
156 588056347
1288 12406770
575 603560432
594 49351215
888 421900911
379 13064947
579 943545858
77 638347800
1180 10243227
615 478683558
1265 685317897
441 641976031
412 195965802
561 672902898
708 446262776
590 958499510
574 275594616
1462 494579490
601 252139769
1414 980243090
589 85232790
602 517665936
242 788598240
1165 227121630
1272 47247820
930 91980479
1210 256149547
925 420636768
1247 798017495
800 679507392
617 286544667
470 898323674
1260 21076012
1393 690118542
680 201934844
1161 66095204
275 243418153
1233 627441869
1438 951229514
1387 397067006
859 110282967
7 38207424
719 750589941
644 610834360
133 652752640
976 633205343
49 719981904
252 832131192
1499 880507214
119 849388770
787 342155664
1149 16917516
1411 643201873
573 642333786
355 532628554
581 144578440
121 494675984
78 874801018
1321 337506484
1360 371928985
1052 442326323
973 108118795
1230 171602711
651 964748599
658 957131943
601 692364845
1336 392974848
883 742961039
1207 798575026
22 621572872
845 512828579
1036 389943305
1405 636009436
945 787949696
940 660215625
1154 190378174
927 301490032
642 102639529
371 240854498
224 77982310
989 673109652
1460 83380453
1130 710376592
673 727506438
1476 719310431
92 408195128
186 970154049
1485 174379610
1313 384522291
357 595105561
972 782833544
1159 118681184
857 745328646
1332 176595232
417 932732070
1235 721982079
1217 173805508
743 463631815
1306 948904221
1383 938412577
1275 585836465
572 957784560
928 379733170
736 507440014
519 435760037
1178 689183033
468 965146861
671 652208261
1294 333911460
1025 889729783
500 487264753
36 983143788
1429 770471967
523 717955346
1272 983232389
360 821080330
852 135985141
713 17716198
1412 900203435
956 547712349
562 738147866
357 477305974
1103 545263970
1136 852288275
536 636284323
1021 334031398
1225 676346591
959 436185469
920 147064190
247 28633885
1069 758331954
1399 948028250
1469 725146633
466 17417873
1409 371797635
375 456496613
853 746171049
1171 554667439
182 671941450
1497 475688368
222 133481575
472 720028837
54 360767184
1475 734042255
816 217074625
592 222458989
823 605981200
511 178461791
361 105356182
863 823535210
569 126570292
964 667742797
476 80845882
306 526826709
549 866033503
1104 379769223
742 567273456
5 347246323
935 242660330
321 532910446
1225 12050262
476 294488161
930 651894954
965 824006666
718 257184854
266 539140887
1338 921619050
1128 942641917
711 494888006
990 540482898
679 853150758
501 696079756
162 418671067
1218 275654809
1452 704786088
1500 983607058
1025 176199704
440 712686071
636 715855617
1203 641893803
1007 169920413
1167 811923114
336 331124479
754 929415695
338 438221327
1029 669245800
482 894623555
19 19161972
894 582887419
402 814779917
724 167793698
702 388282813
885 740202164
1220 12251227
578 77871530
930 63855769
213 570402087
4 969631186
1290 229939785
658 703574551
198 250666330
261 194004556
207 744755012
629 512551152
552 199756513
628 937357502
1329 641840440
512 550007523
444 731420260
1200 633341198
906 444809662
213 433171519
446 499914683
10 246513810
427 963670627
1117 193517459
577 54564185
58 60983307
397 705218555
200 536170370
581 866875561
1074 112530364
560 936652345
10 5013118
1500 198640305
1148 630197089
1366 134656158
475 964768608
359 139861091
611 218401556
1341 603858447
485 106131434
648 74786082
1290 889701848
195 355077904
1464 72632613
260 48862070
443 752584129
162 966638342
111 846087926
1027 978305033
171 753781210
70 656933224
383 151938753
403 305893058
965 469521744
224 485802167
135 577020046
869 587294247
1361 271164881
1355 7464569
746 143080547
1113 621525535
1288 931960050
177 8909454
303 36963915
384 979144415
635 356222255
1470 941626852
1460 273762744
1450 136398557
1232 81090555
1312 279883459
799 785774410
1345 800250206
289 743346017
899 409569413
1301 564982978
415 152857878
375 696059149
202 665725499
634 529134748
705 96329055
904 759229672
1198 71667460
991 659839109
548 475929122
1238 262531694
1293 23562753
1422 854215525
691 265028106
1185 641914848
1328 259587520
1063 991474789
265 256977007
261 335458533
917 219374673
47 413139192
1229 281620526
1362 784930968
892 720188153
528 778958374
496 225614512
103 123832403
352 895955323
935 154034308
689 553807891
51 419910370
764 467123958
942 161778018
1241 977093967
769 728917238
1468 831065778
1086 420193638
1387 21835442
1411 380399546
783 161634630
1133 313506318
1300 942300630
684 209120430
666 38339378
1170 829255559
294 119810662
955 227750968
538 138675322
679 483295848
752 388282247
925 978101482
190 436542988
314 147377185
207 139208328
836 623604006
567 763775924
737 80380722
1001 664569774
613 241604690
358 164820516
1133 891175529
164 559363277
932 38289913
968 316793206
867 723205209
283 147159808
247 219692063
95 687730593
16 33303796
62 550059446
758 794812328
799 610747927
1440 691827247
1362 907448847
1287 699279856
925 988546172
712 21511387
1411 91071374
887 15196628
623 440923984
876 604570719
450 140899054
487 325731297
51 211181340
666 844155138
437 453379461
489 215960877
722 538587968
960 906698161
394 18447559
69 403777630
1027 427959255
1397 96755395
1421 912107478
846 653936593
615 950032051
1379 274860206
1460 485726131
652 563800356
1466 532113420
575 276603783
1345 489899027
131 966140242
1049 25304214
536 906932600
832 481581545
1013 939105388
1122 83093325
83 865130058
1165 839050810
182 71078843
169 960413797
625 44855615
854 730361315
1393 174208211
873 144576928
865 208468185
122 41633616
1133 3347531
1484 739442599
377 162838951
1244 792697152
1193 675808493
804 951467933
189 32902797
325 256681429
1074 550793500
445 417173130
1286 290874633
91 83155718
1380 636396904
999 683502581
1152 417095840
840 474331068
301 502799314
1059 965095962
1383 835613376
547 784373035
1442 75187912
182 932383186
485 197994917
855 531808255
839 867792811
1102 851790434
61 262725818
1293 754658351
883 227211489
1305 96374527
889 534227563
569 853028697
61 909080566
262 628003727
587 406670102
1016 727187436
1472 798566433
1325 242795437
465 643280982
548 785086152
1210 672111669
686 51006411
1355 796305678
1054 777620802
694 999272779
1084 967823360
1451 469012679
1381 415361909
919 123357662
756 133263747
1347 221805741
1285 885321060
1158 781295720
1498 619540268
1489 225491701
1 990187414
298 580859335
410 623606836
568 240619130
545 931480210
1495 123344793
1481 305986710
928 109545992
1479 620361959
48 922088651
1452 759116800
1393 397708193
1304 708678373
161 763436082
6 705704403
1284 807920512
619 329774662
1436 371933367
287 203619450
754 630317429
100 564214688
669 526062281
432 266984182
791 645910850
928 912633249
778 428721485
418 658553985
1172 164778293
1136 836633357
1445 95877117
856 942173478
1443 197191640
1156 96924644
1359 483367733
932 665846904
1137 997869176
1209 159509360
313 790614816
246 579673682
1121 853203618
272 317202728
164 29759835
569 961969206
670 212756327
1406 92123951
1088 755164890
1382 625974579
504 619724879
1003 408557522
113 305085099
1441 179103798
343 108047033
1493 585438195
51 51225685
557 820165656
1243 337880090
100 67918107
36 914472284
632 758908154
1150 562169767
277 327418640
1353 459623616
1415 485110877
214 549080760
1482 272764101
285 398195044
993 12177876
536 550478798
818 50059390
1112 987017674
65 408716152
764 268155961
819 965377968
441 570415934
653 389594139
928 601024706
771 476656283
517 149855742
1137 602503539
604 62666537
71 110912967
1164 194668718
824 67574233
308 131410834
961 352278703
347 729733019
1436 284469947
482 924595739
358 339152410
437 81431308
936 881092531
750 445437694
1386 787565090
131 138463188
134 989124934
226 417532500
312 602273134
687 202457297
748 346246183
897 997803027
659 575114687
1253 541731025
1041 200845761
694 657944393
1058 771482451
1347 295165559
755 109814966
1484 921142977
130 725516718
1249 281086934
1194 428360684
318 454600144
1006 344378623
536 600345064
124 125253636
777 508471854
1428 296736825
1257 58896497
1326 997888039
1389 1026714
1336 23281431
1429 136823412
1278 394838290
877 428885708
392 408381464
550 741993806
169 265633247
242 208528330
16 595165504
115 467994911
967 186921044
1414 455314617
717 732240095
123 505548773
1088 813766660
1251 375699077
400 128193613
919 515886671
526 590880440
571 255630510
1420 95131893
1305 746665082
1329 354495282
1371 197003563
1102 990317208
352 843959598
1212 307520
723 752804532
1287 801230441
1190 559521927
995 123647298
365 723883205
608 342185760
1408 284340056
3 413165265
405 563855619
1043 483888056
1364 45100297
405 711119821
90 567131503
1348 403555741
817 606074401
433 102457278
219 905381832
22 715224460
1386 301309658
1164 60299523
415 193546885
1036 291954214
1052 52973255
1107 950165614
1098 454248031
1006 974214304
8 628030238
129 225782684
104 240903668
299 91981792
1214 504568115
675 489575893
106 740235114
1212 14626924
1312 654526302
501 182705244
197 517859415
703 485175514
671 845271468
884 248547578
428 734134209
827 481200407
1342 911495121
553 320740921
52 681556528
1134 532608138
219 894577586
801 143155045
154 908501982
1245 608324716
235 647024633
1187 966195092
978 760926518
722 333440703
1422 172989104
550 869483210
586 960176374
665 761134879
735 823271126
721 55747996
95 713715617
198 283664887
71 125134640
708 466338331
1288 167883610
654 557645546
180 948840070
1126 566058677
1444 472905946
689 515176028
510 556471932
925 603574638
1488 64174934
251 442156606
970 323095155
49 223237560
1001 390922142
1257 431631434
1343 457958532
757 508428828
399 37037488
1334 548946298
250 928137719
1372 812999454
303 793408298
485 356919136
1384 679692264
1120 80839012
1334 1713903
1499 24239580
1208 370458534
190 351698379
1318 984386023
36 654137245
368 896240515
1365 99636495
1020 605252654
812 351533216
1130 31047479
867 449430436
298 54995049
79 674273044
1485 255588325
839 531118864
1431 276754862
1453 485858390
673 113355214
1130 315284312
1306 505259161
579 495641362
1002 650679524
790 64481535
257 278093576
379 775528661
95 319881137
1090 87232706
611 635974841
938 220147087
27 131785176
480 989656450
1189 685855627
337 928587262
161 152039661
403 189841659
1455 812808046
645 142214517
339 606303312
1399 799230724
1075 562178480
328 656083197
1047 433792041
779 677299360
963 537087533
100 660376781
1387 337898283
729 955978980
643 792390781
290 177956223
252 543250075
1114 428343498
446 187440584
1395 632727746
826 699812523
923 864659758
1174 757010168
12 198340418
776 707872741
200 548581243
225 144567612
453 371639573
783 730540059
1129 322924582
707 464948192
1050 337878706
1401 860718605
34 765359964
734 468302038
1438 449980999
1361 666035804
782 586369386
1014 230259828
504 358759336
1496 499821446
1263 462790949
1104 926431719
321 437739696
876 890987148
164 883472302
436 891832407
1434 528928122
5 707964501
531 847317588
970 160066557
686 823794814
464 744326337
1310 697894634
338 70681564
748 454352718
963 988197582
401 101901580
352 867537808
1410 641790386
1020 787419820
944 962955904
1112 903469292
1039 581270764
848 669567877
1448 779146060
1095 655950541
506 492288831
227 993716561
1437 232898215
1314 31925497
1205 787043233
939 640311254
991 110156233
1216 179598607
371 674586023
1474 931751390
1344 169131970
1170 33212442
353 981877823
165 786426425
940 41149662
1236 244955504
463 222614318
384 28064093
1241 669999993
1409 425510456
1344 602345823
1227 771395553
773 671566936
1179 811126823
520 257008991
264 422168433
487 933795335
1285 793970150
1213 711199495
289 78536953
952 362528882
304 471296626
274 473954023
645 418596096
1236 974392173
1285 789911529
361 919079308
1224 36259473
325 239661107
921 978338832
954 101525458
994 642532096
1217 756849829
1046 889436501
959 678117828
1103 974284329
627 605915810
42 999027535
880 530981386
581 556936138
182 523667522
135 152718878
407 855066402
686 888457481
66 272759413
1021 533382466
374 990369630
817 529580521
586 623973228
562 556831369
987 327448640
1428 617835601
298 395963575
367 294822606
1339 546776573
541 187953616
1133 928953082
775 765888730
738 545655556
282 187659926
477 917592289
1273 433650122
495 778859582
1276 223256058
1002 382866076
172 467749159
1234 916696343
1186 381100411
1478 895577856
975 690621273
1396 601327422
1474 507116929
1209 496768140
1207 451665160
885 49313970
1278 129643143
286 539428978
288 912710476
987 772382392
152 293123543
1050 640502148
1285 303694195
1056 471903601
1203 797335087
1326 123434623
777 238596284
247 124155443
718 694856500
993 724896161
1335 550750058
1218 90316354
1210 470988006
219 110398
591 869819636
1221 471677211
1194 849700982
1184 636957537
739 274902008
1462 555108304
129 876151292
818 369410199
622 466488728
929 540217344
313 500311503
1435 331410569
759 629114101
699 986986373
1496 461801632
1332 126408574
1098 563894060
261 545704588
987 647912364
324 413466956
394 168235445
1170 513561742
261 145857125
431 314668987
1185 302322162
1057 633968988
942 258835548
1215 14424181
1326 22644310
1429 51507339
1229 29804485
563 381412697
705 26658870
533 42181375
1312 16263412
693 807352608
1259 855061103
702 319117403
424 949006829
1387 218287897
162 342245372
1410 138230362
132 975643681
1076 221093146
377 796309007
941 119065020
319 313196963
1283 140146383
561 547114403
274 799804727
261 356176552
1138 252829367
1312 840261036
419 231751536
499 966706411
119 733366399
1393 772213650
941 364338650
625 907694349
25 792474946
546 105550028
868 370555713
721 871005139
1492 18822986
897 544767193
341 457284326
1416 100519374
1007 985445161
122 747042605
344 154219061
933 722804747
881 106378701
1454 143119316
151 335846328
458 846635579
1235 235168744
1336 15664971
672 932035223
1487 799485930
272 969747879
900 328494791
1278 837918712
1378 934597394
307 438527671
788 870117986
1459 463812274
936 38890198
1190 815440398
1254 540231042
457 595650827
985 725981424
392 182329023
1104 613756244
304 361364917
1135 199463464
774 206219009
671 732648203
1379 929531290
187 885707352
145 784724542
1467 892740407
730 437281188
838 87420447
571 590896951
1287 14806756
386 24182214
830 28747955
1229 279935417
711 598612483
394 154473733
1279 757697894
1496 490431658
686 935447469
1054 979707196
305 941679063
908 30340358
5 7737029
755 757458107
1121 819941156
852 895275591
740 653538225
515 919152337
973 129662001
1251 33009743
1386 834964285
213 232247924
479 26751782
490 513858854
275 593185971
819 769981407
1003 4030237
31 699302903
936 362250781
1220 626389870
446 285697504
1277 306116573
602 186614969
1420 625613589
550 285293454
253 331258399
608 459799366
632 231000957
501 890705543
155 416869708
31 74487385
250 869050729
120 488350199
1487 500595081
12 802182893
165 893712242
269 615475079
445 85350149
496 225762114
719 856526114
1371 661196682
158 947709767
786 494567182
58 750212128
574 460741934
1325 223462869
548 44782557
545 593566040
991 363071819
799 951958202
1102 760653243
1200 15167148
686 895003025
604 788913641
243 264221395
790 272052245
1125 793665606
838 45607735
518 882454500
417 265269857
1162 406913665
1108 310508102
1306 350513999
898 990037705
452 328074681
1497 788198643
230 793934238
129 74658782
174 420287347
1280 584616712
211 958166922
671 226461858
852 434371700
175 76077726
175 193428765
981 896191698
1395 266024958
865 316738782
440 319168978
438 772397755
42 60912920
434 511361802
497 63998075
112 658395828
1057 363891462
283 374158146
250 327810201
1396 397996418
579 489619934
820 499908476
109 874776644
291 673660648
206 772390690
1370 559370776
622 654622021
489 135320449
665 429688206
440 918494326
1272 568185571
740 918087953
1266 106099678
1492 287780641
1030 883238318
207 371020703
972 547572960
277 305516817
894 622406672
1202 241944913
1180 13056235
577 853446567
47 85942587
613 450652454
1054 21150827
474 826641941
657 254302229
793 800652517
306 373376612
1447 992176585
725 318550263
419 59416264
1340 970454479
107 419160988
1214 183614482
1345 620038170
1244 185559698
1140 250758920
420 49909606
1057 346682985
606 910858075
1268 520628278
948 190782019
1001 68802526
92 115386091
1276 100533095
931 352077807
419 27963032
1202 550202248
734 305323631
1430 319485641
1366 444787277
595 819331179
1248 417569075
1292 144453433
1153 771191995
1251 883205088
440 629414162
489 254844900
457 375473795
1430 298021219
1255 328178639
1418 776582900
477 494088986
1325 337755908
1039 332772985
765 582401025
315 91853233
864 252935517
849 715865074
1294 197403946
1155 823751785
724 133184871
481 385581175
1012 408210306
1169 13854378
575 486025895
611 553286031
1229 490496976
921 28485297
1050 830706191
1034 258117853
1284 516119515
1012 262290916
1290 282483184
1185 643864941
568 178147343
376 660905052
1132 954684358
1120 899056135
857 2272356
657 943095511
1018 249306228
365 497068877
2 995148214
767 845455158
869 324560846
50 304364945
136 615639006
1153 752425036
1021 487719007
691 210543499
630 63458763
1135 633939603
1113 848463855
758 480814921
809 898059607
910 495552419
217 706934672
99 516834266
317 818139846
1244 851441237
59 40606160
691 504735282
1186 417772288
1219 343042585
999 636859004
1011 398734871
945 161621380
761 916649818
1034 519864550
944 877039514
1438 256461978
1051 87186525
580 242807561
452 890444370
674 868744311
97 319179074
437 132208654
1454 875203490
1026 321871446
34 859206120
777 674782103
688 794804677
1216 990199266
1312 539921316
391 754596921
3 864547940
1165 364562063
968 405098026
1189 36495860
476 342657437
499 635439950
436 916784706
1103 362433825
1267 115526871
1265 464352097
1345 900980299
974 406753938
1184 92458554
419 182360558
1120 736729347
181 221099685
93 725688879
1345 944631985
1002 236896742
1273 577794039
399 982166445
1181 758852850
1484 103298373
300 835082612
611 129617365
1087 904155303
1390 827039082
286 287471302
1106 985710821
507 877289374
422 881305823
355 867862730
136 195477846
921 468731346
220 37919033
1170 11811405
74 757936301
1498 207307579
690 492261871
76 417928553
1292 866954272
130 415034326
47 917372256
1186 156397606
760 582039962
1266 428611883
1340 230654446
491 479844334
1292 963998277
228 116896980
835 686108754
128 796672090
638 614276789
303 296670920
456 108492
1110 705576993
1048 323844282
1486 762407249
715 794488147
1217 540292056
465 189653139
1027 526349965
448 165455150
929 996450582
312 890066233
192 950833568
961 353675531
1063 156360042
873 706539539
96 153082532
405 725267575
1293 613927088
284 640039178
1180 771029615
1254 668826679
527 506609355
785 925000460
1272 494439794
28 893348700
736 162376133
1243 910442070
1308 465445673
1229 331280044
411 909466070
290 68448212
84 468019592
1227 660867237
1164 500559704
2 197235051
1157 908400317
675 285440597
630 884043359
909 161294469
595 382118846
665 337880634
92 267881322
865 170851733
650 51013413
1180 318916034
441 867526210
71 121673937
891 940238101
1434 216123292
957 567953368
355 667878544
172 676435242
1044 789062495
372 928840916
334 770048886
961 785519789
1390 967963088
224 187592474
834 892469658
714 300214917
1488 867753488
1096 735807499
652 975200743
790 609674358
1303 615969073
1331 505961387
1072 333576850
440 284731602
500 135649190
287 132516399
51 209077168
1166 834411656
146 177964389
379 593415211
814 907499501
306 229732730
1436 840188157
1278 747017673
462 195859079
861 374884907
324 48569964
584 568712199
448 587083244
458 317884444
72 561672479
849 349712049
53 66710194
281 671742138
1259 648020401
816 627957271
125 581055335
387 466608920
938 42076316
939 185131578
1421 212316810
981 316986077
410 935543128
489 901147774
595 605560568
101 651068961
902 742627479
1277 252031493
1385 645074669
992 934964516
188 924000638
991 550687871
1225 872570359
96 859132488
775 202090616
700 878064033
77 411155446
352 322467139
1324 922607376
128 208844743
117 759207684
1176 372291279
662 602561290
596 589923417
1120 412945979
172 361652106
1386 515221249
521 34844353
708 651665651
1055 819394437
1265 951413495
1380 566099180
944 963409663
57 184608631
1422 157226327
269 185251857
1423 550873179
447 974670934
1322 710872533
672 265497827
1186 98423677
965 190224872
1015 32090551
1109 655207466
516 48581208
1222 754850594
12 499501379
154 239785486
1325 637020972
595 456315348
749 954740329
1024 278460094
1465 721718915
289 437849374
845 817816941
1104 713548710
1008 852437776
30 762219908
579 9217450
1422 337962719
1152 547911919
1270 731744680
54 82597591
446 971220818
817 976309984
19 759860682
240 298106405
1213 39585642
1205 460595656
628 630385778
1419 672893778
808 821551441
999 312100524
271 129131759
916 624599295
557 360747505
1471 113245823
1119 298267110
1201 89968733
982 801084187
307 213372059
1049 990014704
1142 155731046
1289 609231350
298 178917965
372 966524275
1029 250487182
217 386997895
463 413769941
1494 567851717
994 66715686
57 708816579
767 46475110
915 297161047
1246 77432195
975 357360013
14 492696518
873 365390119
570 819541359
19 828172818
142 41326757
1215 887573076
816 802035630
298 987795396
174 324949787
378 552400400
411 131223397
277 576181616
1217 32144810
285 183862256
1040 605433084
618 17205553
1409 580832241
383 559105214
679 142529
912 543641703
1108 111079536
916 433711020
67 669032655
519 690872953
400 201534655
777 701565563
933 658352345
882 637935968
1207 223540388
732 470196225
883 710940220
463 19275163
894 103140535
372 241117564
278 925551898
1239 713989147
1050 910909846
1310 319403849
42 370135857
594 840562306
501 497402899
1404 839767815
1136 325378565
478 321293430
167 851974532
16 650070739
781 981283930
1038 645720413
1500 934823470
407 925745659
948 400830525
975 662586934
1161 155937996
1020 392610468
833 992468820
798 81396946
292 862488221
352 298278985
976 490029945
130 629028707
66 884515070
1021 250541183
59 711117520
652 951467424
1495 104078951
355 418911019
528 131103771
412 241503593
541 122271384
759 47032933
1444 975575653
433 961014464
219 598083812
1190 936437576
319 5541356
10 369843614
902 178752850
374 955903627
664 678888347
1155 825742644
646 718788682
1035 480406626
1335 255842182
735 85657691
592 720841776
1104 814975529
1242 871642779
420 437763212
757 752342962
1496 544339346
709 458061277
512 916203170
234 33685407
28 76683899
929 206776500
625 198546042
1152 859216894
690 111915624
396 478923263
1291 834593204
654 931827161
840 973934132
477 853359696
63 798348568
1108 481402559
1262 396081275
809 297930090
1251 714967117
1408 303723466
1067 437682020
874 891606707
167 334773337
1225 191450344
1037 815679796
1231 335158459
1381 763496263
1263 482260697
1198 976747086
1379 964527269
696 767068122
378 447415502
275 935891324
199 112479016
1153 293879211
989 432492327
439 300131314
1061 20223063
896 594598737
983 990678522
1366 241715861
1321 105904684
872 674141475
693 243292728
387 402422085
1028 229305756
751 435408985
245 597731680
1102 515570914
1290 154048824
397 640208205
1328 598902184
892 305478264
1462 475100839
1256 761028726
1202 533267963
562 645127642
985 483262131
645 590286605
1269 551658610
1236 798772668
1157 879701762
1493 359347339
1209 523769630
135 88700413
610 440418610
804 524582903
551 207886775
28 177970848
358 98261883
1226 302217387
683 736217671
571 602107244
548 212988752
1010 757868214
12 848057125
70 404655199
1163 759889405
1126 809232251
197 979985944
997 83876809
608 33747941
1280 207015452
777 706958299
173 286658843
1100 338303907
84 324392086
41 774178994
939 817773331
378 64407868
261 686114602
450 677824175
1500 76683316
582 919036339
135 714416776
1019 711229372
990 919298451
972 427476031
1396 224277685
1001 388405205
938 469118341
1006 696480881
228 915685395
61 354023565
1334 347508730
997 471007797
1208 530898091
564 63950626
1206 555561826
1306 330514852
167 527424806
531 155835804
1277 566026592
24 792049961
1242 622360868
413 400745171
969 299384959
1268 852066618
1224 265934823
576 778251753
1208 940439850
525 657227293
665 822747307
134 507710
644 179346381
377 764826446
1035 990052399
140 610044486
1486 924887
1499 107799085
1472 581393292
405 651273682
1098 968912685
284 813013123
72 871153264
5 333424970
434 228230300
1361 32063279
1147 982867279
888 350893693
1046 140129208
277 644376074
327 297985600
1263 798174106
1324 624387646
536 645565925
1185 717222540
41 126245353
213 879748899
180 628892117
123 415226188
53 318062986
32 71179198
178 589563746
1255 31720466
426 890641760
547 692205534
1365 373954406
367 547065674
187 565757548
25 104332653
305 908999806
318 28009253
675 336067658
1207 826857334
616 615820863
152 614074175
300 549239170
1167 442655011
728 490997546
985 444663337
353 723947895
1220 928258043
117 561519086
347 117557336
819 872427406
873 108864696
1460 82260133
296 663828580
1169 651589567
1148 119062725
1304 150165220
404 145014882
436 632699828
940 987472681
2 764038610
724 36393829
567 489619445
136 56503997
