5
200
1 2 3 5 6 9 10 14 18 23 25 26 28 4 29 7 31 33 34 35 8 36 39 43 47 48 49 55 11 57 59 60 61 62 64 66 67 68 70 74 75 78 81 83 85 86 87 88 90 94 96 97 98 99 100 101 104 110 111 115 116 119 123 124 125 126 127 128 129 130 131 132 133 135 137 12 139 140 13 141 145 146 150 151 152 159 161 162 164 15 165 166 16 168 170 171 174 177 17 178 179 19 181 20 184 185 186 21 189 191 22 192 24 193 195 196 199 27 30 32 37 38 40 41 42 44 45 46 50 51 52 53 54 56 58 63 65 69 71 72 73 76 77 79 80 82 84 89 91 92 93 95 102 103 105 106 107 108 109 112 113 114 117 118 120 121 122 134 136 138 142 143 144 147 148 149 153 154 155 156 157 158 160 163 167 169 172 173 175 176 180 182 183 187 188 190 194 197 198 200
200
1 2 3 4 5 7 6 8 9 10 11 14 15 16 20 22 23 24 25 27 28 29 30 31 32 34 35 37 12 40 43 13 44 45 46 47 17 18 19 50 52 53 55 56 58 61 66 67 78 79 80 81 83 84 85 90 91 92 94 96 97 98 102 103 104 105 106 109 111 112 113 114 115 119 21 124 126 127 129 131 132 26 133 135 136 138 144 145 33 151 152 153 157 36 159 160 163 165 170 38 171 172 39 173 41 175 176 42 177 182 183 189 191 193 194 195 196 48 200 49 51 54 57 59 60 62 63 64 65 68 69 70 71 72 73 74 75 76 77 82 86 87 88 89 93 95 99 100 101 107 108 110 116 117 118 120 121 122 123 125 128 130 134 137 139 140 141 142 143 146 147 148 149 150 154 155 156 158 161 162 164 166 167 168 169 174 178 179 180 181 184 185 186 187 188 190 192 197 198 199
200
1 2 4 6 9 3 10 5 11 13 14 15 17 19 21 23 25 27 28 29 31 33 37 38 40 7 45 47 48 49 52 53 55 56 8 57 58 63 69 12 70 74 75 80 81 16 82 83 84 86 87 88 89 96 97 98 100 101 102 105 106 110 18 114 116 117 119 123 124 125 127 138 139 140 141 142 145 146 20 147 148 22 150 24 152 153 26 30 154 182 184 186 173 174 172 165 187 155 176 183 158 156 163 179 181 170 177 185 164 32 190 191 192 197 198 199 200 34 35 36 39 41 42 43 44 46 50 51 54 59 60 61 62 64 65 66 67 68 71 72 73 76 77 78 79 85 90 91 92 93 94 95 99 103 104 107 108 109 111 112 113 115 118 120 121 122 126 128 129 130 131 132 133 134 135 136 137 143 144 149 151 157 159 160 161 162 166 167 168 169 171 175 178 180 188 189 193 194 195 196
50
10 16 14 31 7 34 3 47 49 12 26 43 23 6 50 20 45 46 24 41 48 32 38 22 11 13 17 30 2 9 36 29 42 37 4 18 5 15 25 39 21 35 33 40 1 27 8 19 44 28
50
18 40 16 13 4 24 17 49 33 2 30 11 3 22 20 7 29 31 48 28 38 10 15 41 12 37 8 36 9 14 43 27 42 50 32 44 19 21 47 1 34 6 26 35 39 46 45 25 5 23
