5
166
2 1 3 5 6 9 4 10 14 18 23 25 26 7 28 29 31 33 34 35 36 39 43 47 48 49 55 8 57 59 60 61 62 64 66 11 67 68 70 74 75 78 81 83 85 86 87 12 88 13 90 94 96 97 15 98 99 100 101 104 110 111 16 115 116 119 123 124 125 126 127 128 129 130 131 132 133 135 137 139 140 141 145 146 150 151 152 159 161 162 164 165 166 17 19 20 21 22 24 27 30 32 37 38 40 41 42 44 45 46 50 51 52 53 54 56 58 63 65 69 71 72 73 76 77 79 80 82 84 89 91 92 93 95 102 103 105 106 107 108 109 112 113 114 117 118 120 121 122 134 136 138 142 143 144 147 148 149 153 154 155 156 157 158 160 163
166
1 5 6 7 8 9 12 13 14 2 15 3 4 16 21 22 23 26 28 30 33 35 36 38 41 42 44 48 50 55 56 57 59 61 62 63 64 66 67 68 69 72 73 74 78 80 81 82 83 85 86 87 88 89 90 92 93 95 98 101 102 103 104 105 108 10 110 111 113 114 116 11 119 124 125 136 137 138 139 141 142 143 148 17 149 150 152 154 18 155 156 160 161 19 162 163 164 20 24 25 27 29 31 32 34 37 39 40 43 45 46 47 49 51 52 53 54 58 60 65 70 71 75 76 77 79 84 91 94 96 97 99 100 106 107 109 112 115 117 118 120 121 122 123 126 127 128 129 130 131 132 133 134 135 140 144 145 146 147 151 153 157 158 159 165 166
166
2 1 6 7 9 13 14 15 16 17 19 21 3 23 25 4 28 29 31 35 5 37 38 39 40 41 43 44 45 46 47 48 53 54 56 58 59 61 63 65 8 67 68 73 75 76 78 80 82 83 85 87 90 91 96 97 99 101 105 110 10 111 114 115 118 120 123 11 12 18 124 125 127 143 24 147 137 139 161 142 20 141 151 152 128 22 145 159 154 135 129 131 133 162 163 166 26 27 30 32 33 34 36 42 49 50 51 52 55 57 60 62 64 66 69 70 71 72 74 77 79 81 84 86 88 89 92 93 94 95 98 100 102 103 104 106 107 108 109 112 113 116 117 119 121 122 126 130 132 134 136 138 140 144 146 148 149 150 153 155 156 157 158 160 164 165
101
32 81 88 15 41 31 69 98 82 97 19 4 20 50 9 60 44 43 18 91 65 94 40 33 22 54 35 48 29 100 84 13 10 16 34 38 70 37 61 46 72 77 45 96 63 25 76 75 66 71 28 21 36 68 92 78 7 27 90 55 93 79 12 24 52 56 1 51 86 62 74 101 26 39 59 58 73 42 47 53 3 80 99 8 2 85 30 6 49 17 89 23 5 14 87 95 11 57 67 83 64
101
3 51 62 40 41 89 17 70 2 10 5 76 28 88 98 42 69 37 77 31 54 9 50 11 16 21 96 56 53 29 68 64 94 24 47 39 12 52 75 13 57 74 15 8 34 91 97 73 59 58 72 99 65 38 87 80 85 26 66 30 84 4 7 81 55 6 45 33 25 46 90 82 19 61 60 83 36 63 48 18 101 92 27 32 93 22 23 1 100 44 95 20 78 43 79 71 67 86 14 49 35
