5
144
1 3 5 6 9 10 14 18 23 25 26 28 2 29 31 4 33 34 7 35 36 39 8 43 47 48 49 55 11 57 59 60 61 62 64 12 66 67 68 70 74 75 78 81 83 85 86 87 88 13 90 94 96 97 98 99 100 15 101 104 110 111 115 116 119 123 124 125 126 16 127 17 128 129 130 131 19 132 133 135 137 139 140 141 20 21 22 24 27 30 32 37 38 40 41 42 44 45 46 50 51 52 53 54 56 58 63 65 69 71 72 73 76 77 79 80 82 84 89 91 92 93 95 102 103 105 106 107 108 109 112 113 114 117 118 120 121 122 134 136 138 142 143 144
144
2 3 6 8 9 12 15 1 16 17 20 23 24 26 27 4 28 5 7 29 10 11 32 36 37 38 39 40 43 44 45 46 47 13 52 53 54 57 59 61 64 66 67 69 72 14 73 75 79 81 86 87 88 90 92 93 94 95 97 98 99 100 18 103 19 21 104 105 109 111 112 113 114 116 117 118 119 120 121 123 124 126 129 132 133 134 135 136 139 141 142 144 22 25 30 31 33 34 35 41 42 48 49 50 51 55 56 58 60 62 63 65 68 70 71 74 76 77 78 80 82 83 84 85 89 91 96 101 102 106 107 108 110 115 122 125 127 128 130 131 137 138 140 143
144
4 5 1 6 10 12 13 16 2 18 23 3 24 7 25 26 8 28 29 30 35 36 42 44 46 47 9 48 49 53 54 57 58 60 64 65 67 71 72 73 74 75 77 79 81 83 86 87 89 93 95 96 97 98 99 101 102 103 104 105 106 116 123 141 138 121 136 119 131 111 125 126 133 134 112 140 117 14 143 15 11 114 17 19 20 21 22 27 31 32 33 34 37 38 39 40 41 43 45 50 51 52 55 56 59 61 62 63 66 68 69 70 76 78 80 82 84 85 88 90 91 92 94 100 107 108 109 110 113 115 118 120 122 124 127 128 129 130 132 135 137 139 142 144
134
14 63 104 97 34 72 15 23 100 94 93 103 68 25 61 96 7 40 126 22 75 123 38 2 49 99 52 26 132 16 70 64 101 79 107 67 113 124 65 21 31 50 10 41 91 39 30 115 92 12 84 13 27 77 24 122 117 4 20 59 44 73 32 36 83 106 6 111 127 89 37 56 128 134 80 3 53 29 85 129 95 9 76 48 98 78 114 116 110 108 33 130 133 60 105 131 125 54 88 55 1 87 69 42 28 109 66 57 17 45 112 11 43 74 46 35 51 58 19 121 118 62 5 81 90 82 86 120 71 119 18 102 47 8
134
90 17 2 61 50 74 78 67 38 113 115 30 43 83 100 73 134 45 123 93 36 21 111 133 85 1 51 108 107 3 55 53 128 56 105 81 18 26 116 70 80 86 29 121 112 94 66 120 130 102 63 5 33 16 14 62 24 126 127 68 27 72 28 95 124 118 19 110 79 75 23 15 41 114 84 47 12 59 71 132 4 32 76 87 8 104 10 39 125 6 77 96 64 119 31 34 89 37 35 103 9 42 92 20 98 65 91 22 44 82 97 49 58 13 88 106 122 7 129 117 57 60 11 69 131 40 99 46 109 52 48 54 25 101
