5
233
1 3 5 6 9 10 14 18 23 25 26 28 29 31 33 34 35 36 39 43 47 48 49 55 57 59 60 61 62 64 66 67 68 70 74 75 78 81 83 85 86 87 2 88 90 4 94 96 97 98 99 100 101 104 110 111 7 115 116 8 119 123 124 125 126 11 127 128 12 129 13 130 131 132 15 133 135 16 137 17 139 140 141 145 146 150 151 152 159 161 19 162 164 165 166 168 20 170 171 174 177 21 178 179 181 184 185 186 189 191 192 193 195 196 199 203 22 204 209 210 211 24 212 215 27 217 218 219 220 222 223 226 30 230 231 32 37 38 40 41 42 44 45 46 50 51 52 53 54 56 58 63 65 69 71 72 73 76 77 79 80 82 84 89 91 92 93 95 102 103 105 106 107 108 109 112 113 114 117 118 120 121 122 134 136 138 142 143 144 147 148 149 153 154 155 156 157 158 160 163 167 169 172 173 175 176 180 182 183 187 188 190 194 197 198 200 201 202 205 206 207 208 213 214 216 221 224 225 227 228 229 232 233
233
1 2 4 5 3 7 10 15 16 6 27 28 29 30 32 8 33 34 9 39 11 40 41 12 43 45 46 47 51 52 53 54 55 13 58 60 61 62 63 64 68 73 75 76 78 80 81 82 84 85 87 93 94 100 101 102 106 108 109 112 114 119 120 121 122 124 125 126 131 132 138 140 142 143 144 145 149 14 150 153 17 154 156 160 161 163 167 168 18 169 170 171 173 175 177 179 182 183 185 19 189 191 20 192 193 194 195 21 197 198 199 200 201 202 207 208 210 212 213 215 217 219 221 222 227 229 230 22 232 23 24 25 26 31 35 36 37 38 42 44 48 49 50 56 57 59 65 66 67 69 70 71 72 74 77 79 83 86 88 89 90 91 92 95 96 97 98 99 103 104 105 107 110 111 113 115 116 117 118 123 127 128 129 130 133 134 135 136 137 139 141 146 147 148 151 152 155 157 158 159 162 164 165 166 172 174 176 178 180 181 184 186 187 188 190 196 203 204 205 206 209 211 214 216 218 220 223 224 225 226 228 231 233
233
2 3 4 6 7 8 1 11 12 16 5 20 22 23 25 9 29 30 31 33 44 10 45 46 13 47 48 51 52 53 54 56 58 59 60 61 62 64 69 70 14 71 76 78 79 80 82 83 85 15 87 88 89 90 91 92 93 96 97 98 103 104 105 106 107 109 110 113 17 117 120 125 126 129 130 131 18 134 135 137 138 139 140 19 143 145 147 149 153 154 155 157 158 21 159 161 162 24 163 164 165 166 170 172 176 200 209 177 199 208 186 184 182 198 203 202 26 191 201 210 192 189 206 180 178 195 211 214 216 217 218 220 222 223 224 227 228 27 230 233 28 32 34 35 36 37 38 39 40 41 42 43 49 50 55 57 63 65 66 67 68 72 73 74 75 77 81 84 86 94 95 99 100 101 102 108 111 112 114 115 116 118 119 121 122 123 124 127 128 132 133 136 141 142 144 146 148 150 151 152 156 160 167 168 169 171 173 174 175 179 181 183 185 187 188 190 193 194 196 197 204 205 207 212 213 215 219 221 225 226 229 231 232
0
0
0
0
