5
122
1 3 5 6 9 10 14 18 23 25 26 28 29 2 31 4 33 34 35 36 39 43 47 48 49 55 57 59 60 61 62 64 66 67 7 68 70 8 74 75 11 78 81 83 12 85 86 87 88 90 13 94 96 97 98 99 100 15 101 104 110 111 115 116 119 16 17 19 20 21 22 24 27 30 32 37 38 40 41 42 44 45 46 50 51 52 53 54 56 58 63 65 69 71 72 73 76 77 79 80 82 84 89 91 92 93 95 102 103 105 106 107 108 109 112 113 114 117 118 120 121 122
122
2 1 4 3 5 6 8 9 12 16 17 22 23 24 7 25 28 30 31 32 10 33 35 36 39 11 43 44 47 49 50 53 56 57 58 61 64 65 67 68 13 69 70 73 77 14 78 79 15 80 81 84 85 86 87 88 18 93 94 95 98 100 102 105 107 108 110 113 114 116 19 120 122 20 21 26 27 29 34 37 38 40 41 42 45 46 48 51 52 54 55 59 60 62 63 66 71 72 74 75 76 82 83 89 90 91 92 96 97 99 101 103 104 106 109 111 112 115 117 118 119 121
122
1 2 13 14 3 15 16 18 19 4 20 25 26 27 5 29 31 32 6 33 37 38 39 40 41 44 46 47 48 49 50 54 59 61 62 64 66 67 68 70 71 7 73 79 8 80 86 87 88 9 22 108 17 95 117 107 111 21 106 10 105 100 110 11 94 112 12 118 23 98 92 24 28 30 34 35 36 42 43 45 51 52 53 55 56 57 58 60 63 65 69 72 74 75 76 77 78 81 82 83 84 85 89 90 91 93 96 97 99 101 102 103 104 109 113 114 115 116 119 120 121 122
122
63 21 34 45 60 23 70 111 30 52 18 95 83 113 33 19 115 36 78 53 59 8 43 29 72 86 48 40 104 24 92 90 9 109 11 46 39 103 22 108 25 54 3 1 79 65 26 67 97 5 102 120 66 57 14 91 55 106 62 93 37 56 69 15 35 61 89 73 100 38 68 41 122 98 96 101 121 75 2 118 58 88 64 7 74 17 117 28 6 31 10 85 99 44 12 84 116 16 110 114 105 71 20 47 81 77 50 107 13 51 82 27 4 112 87 42 80 32 94 49 119 76
122
71 4 37 87 6 114 29 67 99 106 26 54 76 53 27 34 80 77 108 48 112 11 110 5 68 25 82 58 90 13 118 63 74 69 105 1 73 79 98 61 40 122 9 83 89 85 10 120 116 117 8 38 111 119 121 12 7 97 17 103 102 91 84 35 100 92 16 14 44 101 41 42 55 72 43 57 2 56 95 88 70 45 81 60 19 24 20 28 50 23 75 59 18 3 115 36 107 22 31 65 93 78 113 33 96 49 39 32 62 64 47 21 94 15 52 30 86 66 109 46 51 104
