60
1 1 1 1 1 1 1 1 1 1 1 1 1 1 1 1 1 1 1 1 1 1 1 1 1 1 1 1 1 1 1 1 1 1 1 1 1 1 1 1 1 1 1 1 1 1 1 1 1 1 1 1 1 1 1 1 1 1 1 1
23
0 59 89817677 237987517
0 45 9286825 11937381
0 6 186458289 659261035
0 10 357086956 553050724
0 5 475088880 805335745
0 47 400707619 741220104
0 2 195821006 203870958
0 5 14543683 64467607
0 39 659754877 717689385
0 33 700161330 805565736
0 12 279359352 333306676
0 20 160035053 977177248
1 38 54 14 49 6 32 17 26 45 59 20 13 18 44 9 10 8 36 22 37 2 47 5 58 15 42 46 23 41 56 19 52 31 16 25 33 50 53 28
1 60 29 7 46 33 60 28 31 36 6 23 55 49 57 4 18 41 45 2 48 32 39 56 11 50 59 54 34 47 26 53 52 42 10 51 22 13 16 15 9 58 21 8 37 24 25 27 19 30 3 5 17 40 1 14 20 44 38 43 12 35
1 17 9 7 3 57 47 48 35 54 10 59 17 58 21 2 12 43 41
1 59 15 50 39 12 51 60 30 27 55 44 32 2 16 33 26 38 40 34 23 1 47 46 9 48 49 29 13 10 19 57 5 42 7 52 37 41 25 11 54 18 4 6 36 8 53 22 28 14 59 31 24 56 58 35 21 43 45 20 3
0 55 226843596 457067949
0 58 19260549 48724311
0 57 527151466 894755347
0 22 151789428 328325576
1 59 27 36 1 5 56 23 26 4 31 38 50 7 11 22 51 32 58 24 33 35 9 45 25 46 13 54 30 60 49 17 44 20 19 39 2 57 48 21 42 47 15 40 14 53 10 6 29 59 52 3 43 16 12 37 8 41 18 55 28
1 46 29 26 51 48 38 15 32 44 30 47 13 54 12 11 3 58 42 27 21 41 22 20 33 9 34 14 56 24 50 39 57 31 10 18 59 49 52 36 37 8 2 43 17 60 53 6
0 1 618016612 899600688
