1111 50 1111
178 191 358 143 796 130 1098 385 384 224 435 503 5 822 617 299 452 1034 409 52 197 707 426 488 621 720 513 999 317 561 336 427 590 575 998 401 150 433 70 414 777 784 1085 832 322 619 971 1022 563 210 282 230 27 548 683 481 905 654 943 351 511 268 125 166 345 426 440 426 851 1092 647 426 832 1084 468 636 230 218 304 254 628 1036 797 519 977 331 554 406 657 994 1044 727 73 364 898 455 972 299 1055 958 467 534 760 967 109 611 440 317 391 30 159 77 136 903 255 691 574 195 925 91 997 747 57 478 465 150 39 862 242 507 485 436 822 11 271 1049 524 1039 557 714 859 474 1031 334 252 155 974 915 1088 430 566 633 228 462 313 385 558 381 562 853 902 930 1024 687 582 973 804 798 775 241 337 900 300 512 830 842 284 699 474 867 844 254 305 823 1007 949 474 267 322 856 652 134 177 87 475 572 884 885 871 399 378 493 148 545 130 163 341 666 577 260 883 93 285 467 838 20 419 76 844 11 24 77 134 322 405 876 292 451 765 725 1053 39 1011 860 136 17 692 492 225 338 543 941 1064 79 516 494 1008 86 395 80 1017 129 490 79 313 690 405 992 267 806 453 90 85 149 87 666 29 866 95 978 147 164 1102 260 163 918 797 1104 1062 189 287 545 291 48 366 311 989 76 601 535 1099 339 362 1035 108 322 546 645 79 953 147 491 612 612 1048 371 915 800 126 682 398 748 80 537 106 491 322 932 232 466 475 801 834 117 602 593 228 1049 433 26 772 283 247 984 871 536 215 960 408 888 161 227 1104 989 819 758 185 489 582 3 873 497 1054 475 658 536 261 673 5 1078 455 550 596 860 950 757 545 214 377 878 446 487 143 302 691 899 180 201 866 995 364 76 944 942 956 845 774 159 784 514 1111 491 420 63 1000 364 38 880 767 935 264 384 807 1082 23 690 625 1084 1054 806 823 48 989 942 807 219 1003 412 443 231 419 586 1012 747 382 406 992 896 725 355 47 859 254 627 89 334 1034 442 846 462 145 1009 417 752 780 646 344 1065 6 84 1033 700 1106 191 664 1058 56 636 318 491 1097 331 174 880 1066 942 900 344 960 196 436 253 481 218 66 370 850 465 694 349 128 596 736 251 100 765 699 44 575 268 454 1022 1066 1042 948 941 498 965 1080 767 916 170 880 474 71 442 184 581 783 787 884 935 368 861 235 311 1074 338 28 1071 554 159 731 921 689 316 1037 699 187 331 464 27 727 753 774 850 634 104 699 324 377 246 744 926 163 619 228 532 747 579 310 610 1075 452 1077 503 730 1066 67 1057 158 911 184 1022 689 901 39 302 941 619 237 804 1036 1073 347 132 717 933 898 817 35 375 205 676 62 241 251 382 866 831 506 1082 824 1003 653 433 661 851 950 102 3 1017 592 1094 806 41 215 81 493 121 607 117 315 875 783 614 181 1055 954 773 818 293 807 34 727 938 347 324 90 528 833 277 1049 150 756 892 1101 329 617 266 1103 982 795 379 887 603 1074 574 963 217 458 361 668 556 949 985 886 972 219 898 693 937 762 933 246 9 1074 56 430 29 3 571 276 631 669 605 981 488 818 115 479 704 659 196 165 594 77 65 870 154 606 322 42 560 542 300 480 685 250 714 134 203 233 32 414 625 603 485 718 577 90 153 285 1065 948 789 828 771 534 822 5 256 146 847 654 1092 148 285 301 825 1068 145 68 772 361 171 752 75 901 467 82 962 232 177 142 858 354 63 973 708 948 775 168 860 958 298 187 299 11 817 731 238 1098 444 747 512 226 645 739 732 892 768 29 266 985 644 316 171 13 87 681 900 880 244 922 585 173 104 24 447 810 442 493 655 720 292 261 758 34 143 927 659 595 73 421 748 363 939 794 314 347 548 323 630 529 417 702 424 536 897 688 136 382 799 386 506 946 669 641 302 621 253 536 379 30 1079 523 985 897 544 479 251 120 802 981 6 305 83 837 221 185 1094 1074 518 1075 248 882 291 482 775 775 235 797 611 915 983 969 504 183 877 264 16 783 228 739 727 229 530 275 826 773 280 1107 780 19 1054 1017 386 506 781 419 6 841 825 932 793 436 606 29 843 712 772 825 739 430 372 105 578 66 339 1076 1041 379 771 71 555 243 635 128 912 127 768 623 851 639 805 777 386 752 79 429 75 718 780 690 364 284 786 485 866 898 141 192 476 322 834 722 1028 177 884 53 425 849 361 25 155 401 502 841 886 398 67 434 259 355 65 480 585 172 1087 564 705 376 750 467 1026 199 421 925 41 352 981 803 201 792 436 1077 600 731 117 883 536 58 1037 335 389 1018 171 775 325 346 639 188 589 823 237 794 606 671 521 63 461 288 252 82 626 779 1004 1105 579 514 168 261 653 746 1081 115 830 917 190 590 30 741 109 312 997 10 415 1066 991 922 486 386 306 985 1009 655 413 730 583 1094 930 159 1059 776 2 502 53 1092 28 808 624 721 1006 643 763 12 669 15 571 103 1099 940 608 177 544 592 227 861 945 448 465 492 533 680 507 37 692 987 909 612 916 161 336 156 682 917 66 423 594 64 69 559 77 277 995 159 392 153 683 487
1064 997
825 644
153 181
985 984
137 148
296 466
135 145
118 117
203 280
644 695
996 1005
610 368
656 643
387 256
365 604
1088 1081
644 833
220 314
23 22
205 284
636 381
645 704
954 955
260 193
244 185
809 645
91 92
280 435
344 563
360 594
644 721
56 55
336 546
644 757
183 241
374 623
189 253
773 644
949 950
1096 1094
204 282
272 419
367 246
434 280
986 987
339 552
889 888
190 255
957 956
582 354
517 321
231 178
170 214
996 1065
875 876
1080 995
863 864
242 359
260 395
365 245
135 130
195 160
4 3
644 717
959 960
294 210
331 537
1010 995
226 327
645 683
566 346
325 524
968 967
95 94
573 349
81 80
271 417
643 755
340 555
964 963
287 449
923 924
199 272
644 783
133 140
940 941
831 644
699 645
361 243
1079 996
904 877
865 851
902 903
852 851
342 559
696 645
343 234
379 252
561 343
101 100
784 643
946 945
231 337
258 192
905 904
886 885
414 270
486 306
818 645
24 23
995 996
832 644
40 41
128 127
107 106
867 868
598 362
330 535
19 6
206 166
231 336
39 38
223 321
75 76
973 974
324 522
643 786
1094 1093
157 188
291 457
1081 1083
371 248
227 328
221 317
644 650
191 256
326 226
225 325
208 290
977 978
995 1043
947 948
15 14
770 644
995 1055
894 895
643 762
997 1075
992 991
233 340
1066 995
29 30
1031 996
39 40
68 69
255 384
608 367
778 643
216 307
743 644
369 612
802 643
1007 997
849 850
834 643
1110 1090
98 99
536 331
1073 997
67 68
593 359
754 645
867 866
978 979
788 643
964 965
67 30
210 295
487 306
296 467
923 922
283 441
156 141
323 521
774 643
575 350
155 184
644 810
847 846
469 297
206 286
643 826
120 121
324 225
580 353
154 183
738 645
172 219
415 270
126 125
288 207
411 268
123 124
97 98
259 393
690 645
63 62
617 371
85 84
105 104
678 644
654 645
426 276
853 854
82 81
542 334
934 935
644 734
996 1015
645 767
372 618
644 823
995 997
606 366
397 261
319 513
919 918
891 864
42 79
136 146
1082 1081
347 236
645 705
842 843
567 346
996 1036
995 1003
12 11
1011 996
1070 996
173 149
703 643
680 644
883 884
7 6
212 298
2 3
996 1053
645 760
607 841
890 889
462 294
993 994
997 1068
1 2
177 151
545 335
585 355
388 257
489 307
925 926
354 240
62 61
998 996
217 309
913 912
643 736
249 187
305 484
376 626
56 57
938 939
446 286
1022 995
255 385
645 722
127 45
247 186
391 258
103 54
901 902
927 928
424 275
292 459
1097 1096
169 212
909 908
924 925
333 540
838 643
332 229
488 307
961 960
217 308
53 54
871 870
319 222
816 645
209 167
645 725
134 143
47 46
1017 996
440 283
161 196
366 607
794 643
89 90
101 102
332 538
350 238
592 359
320 514
911 910
628 377
224 323
334 230
483 304
318 511
645 796
1090 1088
931 932
219 313
947 946
995 1076
643 702
116 115
34 33
345 564
176 151
958 957
876 877
643 663
100 99
196 266
590 643
492 309
884 885
9 10
989 988
214 302
887 886
263 194
742 645
596 361
138 151
644 647
60 59
201 277
343 560
159 193
308 491
936 935
52 51
997 1016
860 859
230 178
554 340
635 380
982 916
155 140
936 937
996 1040
239 352
595 360
660 643
335 544
526 326
644 800
218 310
495 310
267 409
274 423
934 933
162 144
634 380
997 1077
1024 995
972 973
177 228
616 371
995 1060
530 328
995 1048
777 643
439 282
8 7
1013 997
941 942
974 975
763 644
948 949
644 685
828 645
375 624
108 109
666 643
1006 995
898 899
645 672
953 952
713 643
384 642
171 148
303 214
638 382
169 147
1041 996
710 643
200 163
644 673
997 1044
191 158
156 186
147 168
376 251
655 644
175 225
154 140
187 248
587 356
651 645
718 644
128 131
216 306
643 732
995 1045
995 1069
931 930
671 644
274 422
199 162
854 855
144 163
887 888
120 119
386 256
229 333
463 294
330 534
996 1042
77 76
173 221
1033 997
909 910
196 267
228 330
785 644
691 643
46 45
341 233
772 643
701 644
847 848
643 669
14 13
347 569
869 868
70 71
344 562
1012 996
37 38
975 976
980 979
709 645
153 139
747 643
51 50
614 370
331 228
938 937
313 501
643 723
161 197
643 799
207 289
1092 1089
912 911
603 364
179 232
724 644
202 279
358 591
50 49
643 808
312 498
356 586
25 26
34 35
158 190
73 72
841 842
265 195
237 349
403 264
18 31
821 643
315 505
165 145
637 381
366 246
369 613
85 86
161 143
139 152
996 1056
460 293
1004 995
288 450
42 41
390 258
1084 1093
30 55
374 250
410 268
509 317
879 878
364 245
525 325
92 93
293 461
645 644
445 285
661 643
999 996
421 273
631 378
996 1002
893 894
430 278
171 217
302 478
218 311
166 146
494 310
146 167
775 645
182 239
203 281
237 181
351 577
130 134
966 967
1089 1101
881 882
252 378
287 448
309 493
84 83
858 857
588 357
292 458
273 420
248 370
698 644
299 212
645 737
643 751
645 787
891 892
579 352
172 218
996 1058
219 312
72 71
210 168
1051 996
270 198
630 378
851 850
926 927
342 234
132 139
224 175
9 8
323 520
1098 1083
874 873
194 262
114 113
207 166
643 830
418 272
756 645
929 928
141 157
175 150
644 707
124 125
111 112
711 644
75 74
645 689
264 195
77 78
1108 1100
836 645
898 897
300 213
190 254
103 104
652 644
693 645
829 645
158 142
289 452
1047 995
97 96
43 18
278 202
643 728
338 550
328 531
844 843
150 138
275 425
180 234
506 316
510 318
334 543
812 644
160 194
645 714
644 676
208 167
215 305
369 247
262 399
348 570
317 508
806 643
645 681
908 907
997 1078
913 914
192 159
568 347
229 177
1035 997
257 191
443 284
338 232
165 205
877 917
269 197
619 372
880 881
1095 1104
1018 995
835 645
27 26
700 643
644 750
456 291
620 373
239 353
996 1034
21 22
932 933
1099 1082
1059 995
807 643
392 259
13 12
954 953
499 312
863 862
1054 996
665 644
645 764
29 28
951 952
174 222
129 133
368 611
776 643
749 643
766 644
153 180
5 6
969 903
996 1038
241 357
759 643
627 376
208 291
128 130
179 152
285 444
716 644
373 249
112 113
121 122
995 1029
82 83
921 920
532 329
856 855
281 437
198 271
897 896
515 320
589 357
795 644
339 232
645 727
406 266
244 362
356 241
269 412
431 278
149 172
609 367
844 845
303 480
394 260
688 645
674 643
108 107
1111 1094
383 640
337 549
344 235
930 890
438 282
1086 1107
474 300
436 281
995 1026
137 131
213 169
202 164
1103 1098
238 182
1084 1091
89 88
768 643
185 155
354 583
355 584
518 322
644 662
496 311
811 644
303 481
110 111
694 644
753 644
203 164
322 519
995 1067
879 880
921 922
285 205
872 871
485 305
174 150
859 858
271 416
990 991
338 551
1062 995
988 987
254 383
262 398
88 87
352 578
238 351
980 981
840 643
883 882
645 670
382 639
287 206
644 643
1028 997
261 193
1089 1109
539 332
541 333
137 149
997 1050
822 645
771 644
253 381
643 813
345 235
645 682
903 956
249 372
94 93
860 861
65 64
789 643
136 131
996 1001
914 915
44 43
643 805
1082 1086
744 644
10 11
992 993
996 1032
223 174
95 96
892 893
276 201
943 890
152 178
963 962
643 791
824 643
251 377
746 643
917 918
644 820
477 301
135 144
319 512
373 621
91 42
240 183
304 215
65 66
215 170
1085 1084
284 442
782 645
1008 995
187 156
479 302
308 490
299 472
848 849
400 263
915 916
790 643
874 875
657 644
971 970
845 846
211 296
363 601
355 240
730 644
905 906
321 516
643 745
226 176
274 200
748 645
201 163
1086 1100
814 644
464 295
16 17
643 797
289 453
523 324
223 320
1049 995
1072 996
720 643
832 1081
162 198
408 267
982 983
643 733
995 1021
157 189
996 1057
301 213
363 244
261 396
641 383
429 277
25 24
645 815
645 837
298 471
997 1019
165 204
227 329
969 970
197 268
21 20
211 297
476 301
853 852
147 136
61 60
643 659
405 265
1014 997
227 176
279 433
984 983
644 708
119 118
273 199
798 643
246 186
313 500
643 719
159 142
644 801
599 362
653 645
266 407
283 204
28 27
236 181
336 547
314 502
252 189
164 145
658 645
686 645
243 360
361 597
907 906
315 220
735 645
1092 1095
286 447
345 565
253 380
200 275
475 300
427 276
990 989
632 379
264 402
465 295
793 644
1074 996
839 645
184 243
643 761
382 254
645 792
997 1052
920 919
646 643
870 869
451 288
781 645
44 45
504 315
1089 1082
572 349
643 675
222 318
803 643
817 644
404 265
644 731
105 106
117 116
250 188
644 679
995 1020
348 237
965 966
553 339
133 141
644 726
224 322
986 985
667 644
52 53
644 804
342 558
997 1000
327 529
290 454
997 1037
977 976
311 497
900 901
997 1009
329 533
242 358
235 180
574 350
644 752
729 645
297 468
1106 1082
997 1063
32 33
997 1039
557 341
862 861
236 346
374 622
115 54
864 878
571 348
47 48
643 827
221 316
182 154
15 16
35 36
576 351
1071 997
895 896
590 358
123 122
1046 996
643 758
211 168
643 649
706 644
257 389
939 940
995 1025
643 780
129 132
259 192
230 335
739 645
242 184
643 648
769 643
959 958
644 765
779 643
645 687
160 143
327 528
32 31
972 971
950 951
996 1027
605 365
299 473
245 185
866 865
945 944
370 615
1105 1100
857 856
899 900
470 298
643 819
644 692
209 293
413 269
263 401
1083 1084
363 600
507 316
697 645
73 74
668 644
79 80
138 132
643 684
5 4
644 715
482 304
375 250
58 59
99 995
290 455
353 581
548 337
134 142
1061 995
70 69
179 233
677 645
1081 1087
872 873
17 18
86 87
997 1030
188 251
148 170
247 368
556 341
961 962
643 712
375 625
279 432
1023 995
216 171
644 740
428 277
944 943
127 129
63 64
1082 1102
220 173
741 644
377 629
664 644
292 209
58 57
36 37
326 527
49 48
503 314
602 364
109 110
19 20
379 633
