1111 100 1666
814 171 338 1058 500 1599 1294 1493 821 578 1652 852 1335 883 942 1557 1085 1110 1264 656 981 735 105 194 207 654 553 151 187 1508 1018 1313 519 1218 101 368 1462 1253 1573 1627 727 300 1639 1539 706 910 661 1264 861 391 549 1628 1587 1109 1040 655 1204 1275 919 378 1290 800 829 841 1236 1646 1334 1390 1111 1204 1350 693 500 282 1175 1098 1227 1238 1591 1462 943 1014 1082 1633 1207 894 299 885 93 1174 1234 1360 1333 831 1520 1259 396 535 610 489 384 1345 1190 563 1012 56 173 772 1435 258 1395 193 320 338 1501 1586 1264 1333 63 1517 7 359 967 147 914 1197 1004 330 1180 674 1096 1191 371 1012 446 1447 62 1470 1412 414 797 21 373 615 125 226 1464 14 1284 181 643 312 1319 120 541 1322 30 1148 1009 1411 365 1601 428 1196 1140 221 1359 462 563 721 1435 517 1372 1656 497 813 698 1387 174 378 1562 1353 1197 823 189 1518 507 1324 1654 1202 521 707 1397 269 823 229 716 21 1594 488 1092 1334 1245 765 1603 773 358 535 762 1450 21 1365 1284 1160 295 1096 388 616 382 975 1233 41 1241 284 299 1445 549 1099 331 1409 320 1041 1258 1514 1112 1461 1231 1133 1422 1132 1525 646 121 193 1071 1222 1063 1136 1024 568 1231 1540 71 547 382 1137 620 1262 1459 841 1284 766 1115 1618 23 1446 355 449 1603 148 486 617 1060 589 1205 773 1063 411 136 237 1573 1383 715 455 449 1223 860 1417 798 1269 491 1048 1005 980 1463 1380 1625 1606 1026 974 1130 515 750 186 944 1528 1523 1654 249 1534 855 679 772 966 513 1007 603 1646 647 1662 542 823 891 433 113 1202 942 150 1568 457 535 614 1410 1078 1641 1518 971 499 720 1035 1277 1069 1213 1268 763 636 1174 1464 919 822 265 715 820 677 192 615 1104 1043 234 1266 1404 179 47 66 672 1607 621 656 1646 415 825 627 910 801 1611 106 1248 314 701 633 940 389 1278 1064 751 880 458 1405 1318 1349 717 374 1485 650 1441 515 297 394 1309 28 687 1070 1629 1200 1558 1177 770 787 1361 1436 154 558 1380 440 614 687 1619 70 1006 145 1267 843 1309 1378 1374 1418 126 1604 940 1099 409 1105 686 1627 1391 932 941 407 830 1019 911 1364 153 163 1145 486 75 334 1184 349 442 929 1098 661 255 98 1606 326 1158 972 116 1176 1433 79 608 1022 1190 901 437 1519 1076 1554 669 4 374 1431 869 654 547 1621 693 101 1579 424 502 1555 1653 833 1414 1473 1608 1351 140 1256 1090 749 163 80 1204 1553 85 148 1039 522 1327 541 1227 99 868 867 1573 980 1517 1541 760 1493 1226 655 1019 1463 600 1661 1282 1027 1321 593 1182 208 1470 1294 482 22 57 114 1634 987 1349 386 451 1168 1263 808 1616 624 511 89 159 972 1238 220 1153 1169 1504 79 110 459 1363 1202 1484 755 197 278 449 812 1179 667 318 97 39 589 574 1264 1209 1130 538 117 847 467 932 1547 1632 353 1640 121 1511 430 135 509 984 367 203 799 869 53 210 457 1374 1581 762 947 509 582 1558 1379 936 1141 986 704 568 521 1019 281 706 27 1314 113 865 841 1220 1427 350 765 288 422 1201 1583 1194 123 1547 900 1480 1447 91 310 552 178 926 1296 995 591 619 665 815 1139 15 812 506 163 74 577 1646 650 1588 309 1406 1544 1428 216 630 720 1000 304 1458 964 39 728 1005 1661 1247 1462 801 1228 756 150 1569 1469 824 1626 1095 1218 339 489 1475 1345 1553 648 365 1575 508 1588 589 25 1165 474 367 25 500 1287 545 591 113 1160 192 784 42 1636 411 921 331 1559 1207 388 900 137 358 603 708 857 249 312 1152 448 453 116 1617 1650 115 826 556 226 633 116 1070 599 1392 1093 68 817 580 737 1564 1278 1575 1568 1526 688 787 1022 996 323 1552 969 927 449 1396 770 944 1352 1662 590 1133 10 1522 748 850 915 1075 440 1069 304 1381 1445 416 6 1152 793 945 416 893 1258 1017 1561 685 273 1460 415 92 1412 680 381 161 849 1599 55 507 204 482 1150 1107 708 899 635 327 1421 894 1088 1236 862 706 919 1425 1066 298 1176 434 232 1412 395 654 1314 233 214 1139 484 254 1642 823 386 1223 715 399 1149 1287 772 920 678 762 865 393 398 450 1033 1459 1139 705 983 1212 520 1653 287 1302 369 1330 916 1088 1358 1004 1495 246 343 1367 629 1071 1602 587 1629 1252 378 904 755 1288 219 681 1438 23 32 1440 720 55 1347 1600 797 407 663 634 1378 572 746 1095 380 276 1292 1517 267 64 29 1085 1004 1274 493 1158 952 85 1030 1568 150 1524 1244 80 1227 868 60 1219 1128 1376 1238 1413 149 908 893 329 942 1317 677 108 1510 1659 909 776 1512 847 135 535 342 231 1472 30 752 1506 134 745 1472 787 1238 1267 1078 552 668 1635 95 712 1151 350 346 1003 828 919 829 1364 584 47 185 1259 734 567 890 851 1120 772 903 467 459 422 350 1183 847 52 1018 403 1108 1652 1091 43 610 78 728 80 1259 770 762 1008 544 1175 1495 937 1354 1070 1013 1330 716 871 1056 619 1629 575 472 631 65 1102 668 1470 437 1125 1557 1514 1599 1226 1625 1641 141 1629 1630 123 1452 1097 319 132 1134 424 1474 423 1132 170 961 655 167 999 1023 1471 808 699 218 31 244 373 1468 493 1237 866 1436 1149 154 406 253 516 1551 1566 1387 1455 241 1642 242 1123 1622 872 988 582 607 898 70 1118 665 1595 52 1433 1145 298 192 939 858 1055 941 1249 1356 802 1222 302 512 1452 1228 1359 136 708 802 172 1136 1624 1337 1011 1079 1618 418 1084 1642 208 956 370 789 673 750 723
663 664
167 171
855 854
163 162
151 148
91 92
386 234
256 248
320 288
372 301
456 454
255 268
211 214
713 714
866 867
719 718
229 234
466 470
608 610
579 582
481 482
510 507
909 910
793 794
172 176
424 427
563 560
815 816
365 298
589 591
1105 1013
177 175
16 19
968 991
356 302
636 632
980 983
75 77
630 627
595 598
486 484
288 385
774 777
915 914
963 1039
419 423
1111 964
778 776
257 245
550 552
63 62
230 271
1061 1101
242 231
208 206
955 954
243 233
508 509
981 1075
933 934
861 860
994 996
324 303
590 589
1033 1007
878 879
741 737
201 197
413 409
673 671
933 932
708 706
1035 1061
979 988
175 173
1024 1011
841 842
519 517
425 421
801 800
952 951
195 196
547 546
1073 1094
664 666
228 378
375 325
792 791
634 632
374 276
779 781
174 173
925 924
654 653
558 560
140 138
1049 1014
1077 1007
1034 1064
558 554
837 838
828 827
228 279
768 772
750 748
502 505
228 227
228 232
355 277
550 546
796 795
774 772
911 858
235 305
585 584
469 468
1047 1038
542 538
894 893
238 250
454 458
647 646
161 157
461 460
728 726
446 443
1078 1050
531 533
65 63
1006 1018
440 443
363 325
116 120
283 251
1035 1002
826 827
601 603
212 215
1015 1012
782 779
128 125
1045 984
455 451
137 227
465 468
78 81
840 841
221 217
723 724
58 59
481 485
1062 990
730 729
403 401
111 109
757 758
596 593
100 99
785 782
331 354
456 459
632 629
259 319
722 725
482 484
950 951
483 481
513 509
810 809
856 855
487 485
620 617
716 720
129 126
987 1032
814 815
1046 1021
287 239
184 183
404 401
473 469
13 14
601 598
767 768
718 714
716 715
783 782
8 4
722 719
986 1025
349 302
1088 989
277 247
967 965
806 805
475 476
227 370
659 655
3 2
970 1011
877 878
438 442
974 972
914 913
681 678
563 565
427 429
230 390
231 230
444 447
62 58
369 256
107 106
663 662
46 42
471 475
194 197
165 164
973 989
93 90
697 698
188 192
524 528
240 393
773 803
535 538
137 136
463 466
846 819
32 29
235 258
1029 967
686 687
34 31
1011 1027
657 658
30 26
1044 975
832 872
1089 1066
412 414
261 332
17 15
136 139
588 584
112 108
298 360
703 706
213 209
333 328
648 650
804 805
746 743
582 586
1 2
506 503
771 773
437 440
953 954
515 516
702 700
182 183
771 768
460 459
779 777
762 760
464 463
1005 1053
384 377
1012 973
695 691
501 497
651 647
515 511
631 630
303 293
612 613
195 192
11 7
56 53
124 120
985 993
1023 1007
902 903
120 122
313 357
70 74
919 920
639 638
222 226
572 571
406 410
1071 1054
84 85
806 820
379 374
971 964
447 448
863 864
697 699
508 505
300 338
229 227
748 747
649 645
997 1076
98 94
850 851
684 686
768 770
981 998
323 371
253 243
235 239
248 267
202 201
945 946
503 507
247 233
230 233
551 554
248 239
54 52
617 621
290 376
488 491
658 661
179 180
251 255
678 676
350 312
984 980
304 245
843 842
530 532
149 150
966 977
567 566
60 58
690 691
220 224
1003 1068
436 435
1087 994
742 744
745 749
41 45
11 15
499 496
86 90
479 481
940 941
555 559
348 308
575 573
605 603
35 37
644 646
665 662
96 99
680 682
589 588
239 246
1005 970
537 534
285 274
1042 984
629 628
113 112
1028 1079
31 35
728 729
1038 1011
309 241
1000 986
426 430
139 141
568 570
569 573
471 468
101 105
262 259
816 817
411 415
1072 1017
971 1106
301 248
228 269
684 683
409 412
172 170
929 928
121 118
321 308
290 282
737 736
901 902
327 284
735 739
730 732
202 205
534 530
1070 972
959 958
57 55
897 896
503 500
1022 988
281 233
439 436
615 616
298 246
312 257
23 20
122 126
289 265
100 104
452 451
71 75
755 756
100 101
480 478
179 181
602 599
672 668
802 801
106 102
571 574
529 525
859 832
336 398
598 599
76 80
975 1017
676 680
50 48
445 444
581 578
1019 1093
205 207
301 340
978 972
889 888
921 922
490 487
241 259
409 411
233 358
916 915
115 119
235 227
755 759
38 42
989 1040
784 782
247 361
232 282
992 975
144 148
861 862
734 730
51 50
569 566
460 462
278 313
1012 1030
892 891
906 907
944 943
1020 1052
500 502
994 1003
757 761
28 24
520 522
426 424
209 207
109 105
689 690
53 49
761 765
928 927
325 299
521 517
315 259
31 27
562 561
114 118
964 1051
543 542
102 99
865 864
627 623
609 607
222 221
976 969
359 291
55 51
614 611
15 18
22 25
20 16
788 790
158 162
964 968
697 701
829 830
435 434
1083 1021
738 735
868 869
967 969
12 16
949 948
297 286
160 164
675 676
188 185
337 228
340 367
238 229
618 622
296 394
768 769
664 667
640 638
825 826
40 41
232 266
1100 1103
484 488
1004 973
973 972
29 28
685 688
263 380
1032 1066
4 7
283 346
64 63
844 843
942 941
579 583
460 463
310 342
123 125
1054 1030
188 190
595 594
126 127
578 576
400 399
1026 982
424 423
592 593
710 707
418 415
967 1063
527 524
461 465
391 364
800 799
1031 1015
752 753
42 44
232 245
881 880
514 517
20 22
110 107
47 45
670 668
828 829
130 128
130 132
643 639
68 71
767 766
920 921
940 939
213 217
877 876
620 624
937 938
811 810
964 963
1016 1058
638 642
329 235
368 233
399 402
261 274
362 238
488 492
620 623
852 853
49 46
353 395
786 788
653 656
689 692
405 408
977 990
603 607
293 344
732 736
231 261
772 775
130 134
848 847
79 76
135 132
524 521
296 227
849 850
702 704
882 881
244 314
821 820
1097 1044
252 229
602 606
457 454
533 536
1043 968
9 6
707 705
853 854
559 561
299 240
162 166
683 681
611 615
685 681
70 67
531 528
54 58
608 611
419 421
791 790
493 492
960 961
926 927
29 33
81 82
496 497
473 477
592 590
964 966
1059 1056
148 149
984 986
295 339
243 286
835 834
313 383
134 136
1099 1063
1002 980
1030 1050
754 755
966 970
760 756
723 726
84 81
1004 1036
303 308
389 352
765 766
834 833
220 217
696 692
264 232
234 260
420 422
970 1013
679 676
900 899
966 1060
935 936
1073 1006
844 845
262 316
867 868
966 975
898 899
244 238
803 804
172 173
477 479
1021 1048
441 440
330 291
92 96
44 48
144 143
307 238
133 130
388 357
1099 1110
711 712
693 689
1107 971
577 576
189 185
908 909
874 875
907 908
352 333
953 952
904 905
549 545
948 947
268 318
950 871
973 982
995 970
993 1067
584 587
960 959
1100 1090
275 251
237 232
996 1081
1020 1003
212 209
739 743
82 83
655 654
202 206
21 17
293 254
210 206
871 937
48 52
214 218
797 798
672 675
998 1108
865 866
763 760
574 576
187 191
326 253
434 431
521 523
276 311
165 167
418 419
1009 1002
794 795
530 529
10 12
246 251
812 813
896 895
160 159
674 677
860 859
812 811
351 345
438 436
906 905
691 694
328 321
138 137
407 406
451 448
65 68
975 1041
981 978
72 71
416 417
890 891
450 449
84 86
996 1098
493 495
431 433
431 432
648 652
232 396
612 611
364 328
1021 1013
848 849
94 97
24 27
1055 1040
705 701
913 912
10 13
956 955
193 194
1102 1041
819 833
916 917
799 794
210 211
1087 1091
1032 1034
280 255
2 4
1090 1011
787 785
965 964
984 1080
548 551
962 961
703 700
353 377
597 595
256 343
657 653
858 857
963 809
78 74
944 945
508 511
105 108
470 472
918 917
449 446
269 399
331 235
376 793
451 454
310 262
143 147
880 879
750 751
164 168
697 693
931 932
874 873
624 626
526 522
270 244
870 871
185 186
749 752
514 510
553 555
181 182
437 434
764 761
225 223
523 525
658 662
467 463
533 535
322 336
295 322
219 215
713 710
882 883
381 332
564 568
894 895
229 241
230 227
1008 999
807 806
474 473
189 193
883 884
240 254
903 904
782 786
353 288
985 964
499 500
990 1001
731 730
886 887
229 306
373 264
539 541
986 987
111 115
71 73
858 924
156 157
409 407
1021 1095
539 538
666 668
66 67
669 665
819 818
194 198
564 561
966 972
619 617
966 980
754 751
223 219
200 197
518 514
988 1014
512 511
347 277
946 947
138 142
123 119
276 302
617 616
840 839
110 114
320 387
489 485
1024 1085
930 929
300 227
862 863
215 216
366 274
548 546
963 979
813 814
475 478
715 714
43 41
625 628
442 444
169 166
155 156
234 263
545 541
418 420
710 711
668 671
870 869
632 633
674 673
94 91
38 39
967 1028
10 8
780 776
845 885
754 757
516 520
958 957
901 900
968 1016
641 637
839 838
1026 1037
837 836
890 889
240 231
918 919
261 323
642 645
644 640
657 660
288 279
195 199
1006 1004
187 185
593 594
888 887
426 428
153 154
637 634
143 142
494 498
235 292
131 128
495 496
836 835
990 999
823 822
177 178
985 997
564 566
773 776
117 115
892 893
1109 1077
809 808
1086 1064
152 155
277 278
579 576
625 621
912 911
66 69
153 150
203 204
747 744
719 723
335 228
727 725
175 179
36 38
361 397
5 3
873 872
600 596
616 618
964 1019
740 742
934 935
325 341
644 648
740 739
787 789
1053 1104
830 831
822 821
265 237
95 92
334 277
242 345
26 24
994 971
720 721
91 87
554 557
549 553
453 449
876 875
276 291
857 856
504 502
157 158
149 152
405 402
956 957
84 88
825 824
231 236
735 734
403 406
996 1096
1065 1092
653 651
824 823
698 700
832 831
243 294
37 40
246 382
931 930
100 103
284 242
567 571
851 852
24 20
431 429
1084 1032
580 584
707 709
59 61
634 638
144 145
580 577
1007 965
203 199
88 89
717 715
116 112
540 544
546 542
295 257
159 157
260 272
733 730
808 807
980 1056
942 943
604 608
540 537
76 72
183 185
392 352
922 923
273 256
87 83
898 845
926 925
1010 1001
36 35
145 146
938 939
556 555
817 818
401 400
65 66
745 743
1057 1006
995 1065
632 635
262 276
797 796
6 5
600 604
249 235
885 886
1050 1082
413 416
167 170
494 492
846 847
1074 1034
264 317
1027 1069
689 687
