300 272 10
2 2 8 5 9 9 4 7 2 9 9 10 4 6 4 10 8 7 5 9 10 10 5 2 3 1 2 6 6 1 3 2 6 6 2 4 5 7 7 6 3 8 4 8 2 8 6 4 3 1 7 10 2 4 5 10 7 10 4 5 3 6 2 3 9 4 5 3 5 2 2 10 3 6 4 2 7 9 5 2 8 5 1 2 2 2 2 3 6 4 1 6 2 7 5 7 10 1 7 8 5 3 1 4 5 9 4 6 5 4 5 6 7 5 5 3 6 5 7 2 3 8 4 5 10 7 8 10 9 10 4 10 9 6 10 10 2 9 9 4 7 3 6 2 2 1 1 9 3 9 1 7 2 4 5 6 2 2 5 8 8 4 1 4 2 10 3 1 6 6 1 1 4 6 10 2 10 2 7 5 7 1 7 8 9 5 3 6 5 2 9 2 10 2 4 6 3 6 3 5 2 7 2 10 5 1 10 1 10 6 7 8 4 9 8 10 1 8 8 1 5 8 4 8 5 4 4 7 1 8 3 4 3 3 8 3 9 4 10 10 9 3 10 9 8 5 6 10 10 5 5 9 10 1 4 2 7 4 3 9 7 7 10 7 9 3 2 9 5 4 6 5 2 2 10 9 5 7 8 5 3 4 1 9 1 2 2 2 2 1 8 4 1 4 4 2 3 5 3 3
292 293
156 155
119 120
26 25
210 211
275 274
216 217
162 161
7 6
175 174
269 268
290 289
157 156
299 298
225 226
244 245
102 101
138 137
197 198
256 257
224 225
21 20
282 281
271 272
19 20
39 40
245 246
135 136
2 3
173 174
81 82
162 163
3 4
106 107
182 181
158 159
260 261
228 229
152 151
188 189
54 55
112 111
282 283
248 249
46 45
150 151
218 217
221 220
291 290
85 84
122 123
291 292
231 230
132 131
145 144
35 36
90 91
81 80
9 10
235 236
223 224
71 70
59 60
177 178
1 2
279 278
209 210
47 46
10 11
53 52
193 194
154 153
274 273
299 300
33 34
70 69
150 149
140 139
147 146
168 167
227 226
203 202
207 206
100 99
179 178
240 241
60 61
247 248
50 51
239 238
14 13
77 78
284 283
65 64
139 138
49 50
255 254
251 252
289 288
80 79
287 288
85 86
113 114
90 89
145 146
117 116
131 130
15 14
196 195
172 173
230 229
114 115
49 48
105 106
177 176
62 61
141 142
44 45
63 64
32 33
254 253
246 247
74 73
5 4
191 190
296 297
92 91
74 75
130 129
260 259
179 180
219 218
56 57
143 142
126 125
205 204
29 28
141 140
83 84
266 265
15 16
276 277
192 193
31 32
286 287
216 215
124 125
98 97
285 286
209 208
280 279
262 261
119 118
155 154
227 228
207 208
110 109
148 149
94 93
258 257
232 231
72 73
180 181
105 104
77 76
188 187
153 152
160 161
31 30
67 68
133 132
44 43
76 75
95 96
295 294
42 41
108 107
284 285
27 26
47 48
236 237
241 242
16 17
199 200
23 22
86 87
78 79
28 27
94 95
258 259
112 113
186 187
195 194
281 280
57 58
164 163
133 134
238 237
219 220
68 69
22 21
99 98
200 201
175 176
29 30
211 212
7 8
222 223
13 12
270 269
89 88
8 9
5 6
232 233
222 221
165 164
270 271
293 294
186 185
66 65
12 11
234 235
23 24
71 72
122 121
159 160
191 192
101 100
198 199
43 42
185 184
129 128
182 183
243 242
123 124
253 252
190 189
59 58
166 167
134 135
147 148
251 250
108 109
63 62
204 203
256 255
111 110
267 268
215 214
169 170
298 297
263 262
25 24
264 263
88 87
51 52
143 144
97 96
37 36
201 202
171 172
67 66
34 35
165 166
213 214
54 53
120 121
196 197
243 244
128 127
295 296
41 40
104 103
169 168
267 266
136 137
37 38
171 170
212 213
126 127
92 93
250 249
18 19
56 55
38 39
265 264
277 278
18 17
272 273
275 276
115 116
158 157
240 239
233 234
205 206
102 103
82 83
184 183
118 117
