50 46 1666
1566 976 171 398 574 378 1356 1245 1371 158 1045 1347 1064 454 1223 456 1188 1428 1253 436 978 1278 1592 748 883 378 1650 1225 121 1201 517 1522 1561 857 659 277 451 616 1198 370 481 597 996 1465 1298 690 1513 883 945 704
35 34
11 9
1 2
15 16
6 5
25 22
30 27
32 36
22 19
5 2
39 36
8 10
42 44
38 35
26 29
50 49
33 37
8 12
47 49
3 40
18 12
27 24
12 46
26 28
9 6
31 32
7 6
17 14
24 26
46 47
40 41
40 43
2 3
24 20
42 40
15 14
45 43
18 20
11 13
6 8
30 33
14 13
19 18
29 31
20 21
32 34
46 48
3 4
21 23
