200 178 1666
1142 1649 112 634 1132 245 1075 178 1182 1070 755 165 1405 1177 1572 93 1611 1206 265 1288 117 260 23 30 182 1067 879 6 1171 1414 1192 906 697 1234 295 573 588 1306 1038 435 94 1456 365 1524 277 1527 1300 1577 1068 335 914 346 1381 672 511 1527 385 986 314 243 73 550 902 706 335 1324 1259 1619 737 861 951 1419 31 541 797 70 326 862 612 1020 955 187 338 1006 847 1036 66 691 1113 1257 1448 1307 7 1021 1127 1212 355 1216 1193 1053 867 137 1306 1416 1125 1038 1145 973 768 1211 1263 640 1277 919 607 350 1422 1228 1061 1103 54 899 1459 1103 490 926 1339 812 589 497 1149 773 796 945 1064 289 54 439 1537 694 1279 704 1173 869 1080 818 259 1375 234 1249 1384 902 1343 313 388 851 661 960 579 1390 98 133 1334 925 1550 1646 1411 936 1455 554 783 1054 449 1034 1019 581 215 152 27 1310 676 775 1350 955 88 65 314 931 1630 1429 425 589 1515 643 1513 1524 1598 1389 1200 875
126 130
13 12
16 22
86 89
131 129
162 147
174 175
113 114
144 143
99 101
16 13
109 112
129 132
165 166
100 97
102 101
64 68
18 26
115 112
36 37
2 4
72 74
20 29
93 91
43 46
184 191
96 95
183 184
109 111
181 180
49 51
38 39
184 195
152 151
5 7
105 101
148 149
141 142
74 77
41 43
80 78
42 45
173 172
68 71
78 79
107 104
80 82
14 18
173 174
124 125
78 75
2 3
88 91
92 89
11 10
61 64
117 121
121 124
157 156
40 42
51 55
163 164
136 129
199 183
21 32
154 153
189 185
66 65
55 58
165 164
138 137
121 123
185 192
9 6
95 92
148 140
47 43
156 155
15 13
146 145
38 36
17 14
75 73
61 65
128 125
33 22
104 100
127 125
159 158
183 187
72 71
167 168
196 184
105 108
25 18
183 194
6 2
86 84
45 48
5 8
20 15
87 84
52 54
119 117
113 112
51 52
83 82
12 11
84 80
145 144
177 176
193 185
49 45
8 35
2 1
169 170
170 171
59 62
108 109
122 118
197 184
103 102
31 21
149 150
177 178
57 55
93 94
118 116
90 89
9 10
65 67
160 159
157 158
161 160
80 81
30 20
135 134
147 146
190 184
200 32
94 97
46 50
116 114
132 134
61 63
154 176
154 169
59 60
14 12
61 57
69 68
167 166
73 76
138 139
181 182
21 16
172 171
141 140
185 198
58 59
88 85
110 107
36 40
70 73
41 38
136 137
150 151
98 95
185 184
40 44
126 124
132 133
155 147
188 185
3 5
139 140
17 24
163 162
106 105
56 53
19 28
53 52
35 36
27 19
22 34
99 96
127 129
70 67
179 178
180 179
186 183
143 142
183 133
115 117
15 19
153 152
83 85
120 119
17 23
