500 461 1666
1432 303 1066 1022 1046 978 33 306 543 1554 169 1055 1193 1043 1120 343 289 826 816 1367 778 913 403 477 1183 1473 557 1568 781 938 475 384 428 71 889 215 1150 828 850 1538 899 692 1495 120 1516 1269 214 164 1555 1655 283 761 944 231 436 829 326 1640 266 719 1435 446 466 1382 123 1368 1122 105 259 798 519 1430 143 1598 1487 887 834 229 874 1149 1504 565 112 1366 1023 187 1572 22 1591 365 704 649 799 1156 1637 1197 888 993 934 92 979 358 91 1580 878 612 1110 1363 752 188 1255 1629 190 186 1137 1369 842 1617 1015 548 859 987 1202 405 51 567 1364 7 1442 1563 306 1419 836 1338 28 1389 942 353 1325 838 602 770 829 278 659 1235 1010 1131 1202 743 1002 443 899 492 1102 378 309 313 474 1051 1624 1424 300 365 743 782 245 359 36 94 348 1587 486 1298 303 1450 1151 1273 864 318 1464 615 1240 660 1620 461 349 590 325 981 436 186 1560 601 39 860 1312 656 680 1241 86 959 354 399 1140 1122 698 1272 992 1408 85 447 89 838 12 648 541 813 1632 1582 1393 1032 624 531 927 4 670 174 1475 366 1156 162 248 685 627 918 861 35 1197 1068 746 161 886 120 366 87 1047 1321 1384 349 825 273 1019 488 424 1553 325 550 1135 1190 1650 412 455 539 123 1186 309 1467 1596 1597 774 682 430 1169 1013 855 1612 1339 196 962 100 1240 1572 435 1108 1292 827 1561 750 534 171 17 401 77 5 1350 980 21 34 1016 1289 944 912 363 1452 1419 869 1619 1364 1065 1393 1652 1191 267 685 1088 1401 899 949 1379 282 361 215 1118 874 690 123 1472 490 625 1609 445 276 1123 475 649 468 1604 458 1034 1290 80 134 494 1238 483 832 1269 1564 551 1050 30 386 587 517 1427 1469 1462 997 659 380 1102 1156 1593 1422 154 1527 735 644 1483 1549 1006 319 898 1395 1459 592 826 194 964 484 322 1578 1360 718 576 75 777 239 849 158 1380 1187 268 525 1612 477 684 630 137 312 853 619 1600 1609 235 197 474 82 572 984 545 391 1584 1463 660 868 1191 37 157 1280 1454 271 379 121 205 1493 1250 95 1412 879 69 386 6 1663 1215 904 1030 96 755 1638 347 827 1055 569 514 1049 1198 856 1014 1010 1295 509 1055 464 327 1583 32 763 319 11 1358 937 523 710 1250 323 1317 1291 1143 1288 798 1101 202 749 1338 490 735 1542 577 1588 1161 1235 519 777 999 507 510 693 602 1438 1504 1012 480 61 1536 588 1475 345 231
16 14
187 238
305 474
9 43
184 231
104 84
270 403
61 68
176 215
191 164
262 388
27 47
105 82
265 393
120 82
280 424
432 284
240 344
193 250
214 175
21 32
450 293
126 83
83 113
4 14
318 500
30 12
33 77
165 151
138 139
322 229
313 225
247 357
22 25
162 187
255 196
281 426
386 261
60 34
458 297
83 99
439 288
172 154
83 95
83 102
207 277
249 362
2 3
82 125
387 262
197 257
158 179
317 497
154 145
138 140
301 465
401 269
400 268
34 4
278 207
240 343
31 62
342 239
152 168
159 148
282 428
476 306
278 419
122 84
228 319
264 392
142 139
43 67
203 270
295 453
217 298
193 165
7 4
44 48
39 37
245 353
28 14
78 70
171 206
192 247
219 301
158 147
245 191
438 287
242 347
302 219
195 254
203 269
425 281
259 382
262 199
176 156
433 285
461 299
181 159
169 202
335 236
312 224
189 163
100 82
83 82
355 246
152 144
24 10
337 237
326 231
6 55
188 239
209 173
182 227
58 74
2 22
293 449
489 313
256 376
208 279
276 206
114 84
171 154
20 12
164 192
4 11
15 19
314 225
320 228
98 82
299 462
368 252
270 404
82 135
330 233
29 14
351 244
174 211
317 227
83 93
416 276
477 307
230 183
336 236
186 236
82 118
166 195
110 83
38 30
341 239
3 69
173 155
243 350
311 224
213 290
137 82
138 100
427 282
204 271
498 317
194 251
17 41
466 301
206 275
290 443
260 383
349 243
380 258
192 248
145 141
244 352
2 1
174 212
141 146
384 260
8 18
140 144
346 241
83 108
111 84
484 310
133 83
42 82
310 483
44 72
254 372
440 288
83 106
101 83
181 225
263 390
306 221
88 84
441 289
286 435
306 475
6 9
186 235
46 16
185 161
23 9
274 412
272 407
10 4
468 302
494 315
217 177
241 345
298 460
6 3
258 379
411 274
177 157
96 82
150 163
292 214
256 196
224 180
51 58
81 27
19 80
202 267
85 84
84 92
463 300
358 247
201 265
220 303
381 259
223 309
485 311
219 178
307 222
315 493
321 229
84 82
52 47
84 136
142 148
211 286
294 215
83 134
234 331
256 375
300 218
292 448
83 90
482 309
213 175
200 168
141 139
273 409
257 378
84 91
325 231
297 457
348 242
249 193
20 40
84 128
469 303
417 277
292 447
207 172
5 2
53 34
314 491
149 162
70 53
228 182
33 12
203 170
183 160
161 186
131 82
291 214
232 327
82 86
54 19
420 278
188 162
210 284
232 328
268 399
83 132
405 271
155 174
249 361
297 217
177 218
13 4
222 308
66 16
146 155
316 226
178 157
82 121
64 28
230 324
84 127
267 397
94 84
264 200
241 189
436 286
334 235
284 431
119 83
45 38
153 170
316 496
234 185
124 82
83 97
293 215
26 31
478 307
152 167
15 79
413 275
142 147
146 156
283 210
227 318
237 187
360 248
61 25
479 308
370 253
151 166
50 10
84 116
169 201
267 398
47 63
263 389
218 299
176 216
144 151
233 329
276 415
194 252
273 205
487 312
222 179
83 87
445 291
170 204
444 290
289 213
205 171
305 221
338 237
340 238
73 65
364 250
83 123
442 289
226 181
216 296
9 56
359 248
377 257
37 7
304 220
261 385
279 422
212 288
263 200
48 59
10 75
150 143
333 235
287 212
323 230
36 21
196 166
229 183
149 143
191 246
17 5
437 287
254 371
12 8
280 208
252 367
84 130
488 312
49 45
318 499
83 129
199 168
363 250
269 402
149 161
273 410
473 305
165 194
251 366
26 42
198 259
255 374
202 268
255 373
26 24
242 189
240 188
57 16
471 304
226 315
253 369
486 311
190 244
480 308
354 245
18 35
423 280
8 2
51 32
300 464
277 418
253 195
234 332
198 260
180 223
282 209
492 314
365 251
309 481
310 223
167 197
211 285
179 221
205 274
103 84
291 446
44 2
451 294
54 76
275 414
178 220
429 283
184 232
153 169
313 490
197 258
201 266
246 356
295 216
208 172
3 4
303 470
210 173
115 83
163 190
158 180
65 9
261 199
265 394
190 243
10 21
430 283
164 150
109 82
198 167
204 272
304 472
421 279
296 456
84 107
459 298
285 434
295 454
148 160
266 396
83 89
83 112
339 238
156 175
316 495
233 185
272 408
71 50
271 406
467 302
9 27
296 455
15 4
395 266
117 84
184 160
209 281
147 157
153 145
264 391
452 294
143 140
182 159
