1111 100 100
35 75 32 20 5 51 92 68 28 27 93 52 62 54 70 33 41 31 14 36 96 52 21 33 56 91 63 89 30 98 66 7 41 46 68 89 74 31 2 47 81 1 39 7 31 53 11 23 55 24 11 41 22 41 47 81 52 85 62 89 46 40 26 56 13 21 16 61 55 84 19 90 27 60 45 82 86 70 45 82 67 36 27 66 18 26 10 21 35 75 90 18 57 52 100 24 78 85 21 76 1 44 42 55 5 46 31 52 12 15 52 7 2 11 75 17 71 75 52 29 91 27 59 59 74 54 8 94 78 52 86 65 49 13 77 44 3 85 5 74 30 40 72 48 56 17 2 62 12 20 16 80 62 32 49 31 4 38 49 65 49 24 4 26 70 24 43 86 88 61 57 35 57 91 60 79 58 16 100 88 2 59 19 13 2 59 87 73 79 39 82 15 3 46 67 43 59 89 92 46 84 60 57 55 62 60 22 6 33 70 71 37 56 72 73 93 26 97 5 80 26 30 23 81 72 31 74 52 52 70 27 35 16 22 75 46 9 93 81 26 46 16 89 16 22 87 60 100 39 65 44 16 42 96 19 3 45 78 3 20 6 11 39 80 13 1 29 93 50 94 3 96 67 28 54 3 57 15 76 91 2 42 1 2 58 79 26 24 8 11 53 83 100 90 90 90 80 37 78 53 27 95 54 65 41 47 47 48 63 25 97 92 61 61 66 90 86 62 37 56 100 6 84 16 10 98 69 73 93 6 81 31 82 11 39 29 68 94 51 72 13 76 32 6 49 64 58 17 61 1 39 55 59 67 22 5 29 26 8 63 76 82 58 23 36 32 8 47 36 23 21 16 96 46 92 51 88 66 93 30 31 86 14 87 45 25 38 93 21 25 74 62 80 83 97 26 29 88 62 32 4 20 8 47 37 89 35 69 51 30 37 19 23 65 57 57 32 70 18 37 65 62 94 77 28 76 6 71 56 16 36 52 34 74 100 61 76 9 98 48 91 65 74 54 99 72 26 70 81 57 8 69 85 15 99 28 100 70 35 70 53 38 60 34 62 42 71 7 4 7 1 56 61 16 41 66 46 13 95 78 65 45 52 56 52 41 91 89 51 51 4 93 99 38 1 24 97 72 11 29 9 6 88 31 91 35 74 88 22 79 92 85 19 1 19 22 37 77 28 31 60 84 67 15 76 74 65 98 13 23 31 78 21 92 27 68 40 82 97 88 31 78 66 42 88 45 49 67 30 12 26 51 83 48 57 6 99 67 36 8 59 58 16 65 48 98 65 82 12 54 18 56 92 44 96 97 41 50 7 81 74 36 31 48 11 50 67 99 39 14 31 35 9 4 49 4 74 51 22 49 88 20 83 74 57 13 26 30 19 89 54 46 22 93 5 89 48 6 1 89 1 100 39 75 4 23 50 62 28 32 77 79 26 53 11 99 52 75 92 80 66 93 34 4 92 82 47 39 15 68 68 84 67 87 38 61 41 99 96 59 5 65 65 3 3 43 55 22 54 28 10 1 62 35 83 23 48 93 66 64 70 51 44 26 82 37 11 73 70 70 44 45 16 60 68 97 20 8 22 79 74 96 43 81 8 16 24 24 20 45 46 91 65 79 15 14 60 34 42 47 69 10 9 29 69 91 90 15 51 12 30 21 74 39 1 65 39 85 8 21 8 74 79 29 68 81 96 83 3 6 12 18 18 81 93 11 92 34 81 70 78 100 81 39 22 72 85 25 76 15 51 100 88 19 65 92 28 52 67 84 63 60 91 65 30 93 45 14 32 23 47 30 12 12 42 62 39 39 19 9 77 42 72 37 2 83 86 6 89 81 37 55 28 8 37 69 33 37 35 87 91 77 50 94 99 39 66 44 31 6 59 2 37 90 4 30 33 5 92 71 72 64 73 84 87 73 90 3 42 27 81 94 61 55 62 10 77 85 43 59 24 49 21 65 1 53 97 71 44 86 87 76 39 58 77 41 28 78 7 82 85 30 79 17 57 11 22 63 24 6 49 90 90 79 8 35 79 34 99 95 52 59 49 61 78 22 96 12 40 91 30 100 89 60 93 43 19 53 24 5 63 61 84 1 77 60 36 85 7 98 98 18 50 69 25 83 33 14 7 38 10 3 47 96 58 43 64 65 91 86 28 38 61 37 14 91 6 19 22 23 71 15 59 45 41 51 11 89 18 31 60 60 87 12 83 44 72 40 55 10 57 94 34 39 3 100 95 48 14 99 63 90 35 79 35 44 38 70 84 74 16 50 41 99 46 11 73 75 51 19 65 44 88 63 37 87 76 67 87 59 29 100 19 65 41 5 2 46 10 92 29 95 89 76 91 40 29 66 78 57 15 66 93 5 15 49 5 73 22 59 87 33 84 8 14 25 96 85 95 5 45 47 30 92 27 47 19 87 21 55 62 35 60 21 9 90 19 52 98 48 96 41 32 33 79 38 87 39 73 67 91 38 90 75 54 38 62 98 40 77 93 25 37 19 24 70 6 89 48 8 37
887 818
3 98
779 822
363 326
4 85
3 143
804 932
726 655
726 921
38 4
35 3
2 9
772 753
4 95
58 3
651 675
369 512
3 14
170 4
931 978
218 260
709 850
1019 879
158 4
667 912
730 658
668 812
391 623
767 752
416 456
768 808
710 664
220 198
386 340
210 244
716 855
72 4
927 907
343 352
713 664
1083 791
742 693
464 581
288 232
562 347
670 692
653 651
378 337
410 603
455 551
459 514
76 3
3 132
407 412
216 255
221 199
231 286
829 767
922 908
277 227
833 924
355 349
287 232
990 969
151 3
1018 784
2 3
684 714
380 439
3 45
964 918
720 659
445 530
549 378
6 3
204 231
947 1106
934 930
338 323
496 443
414 432
324 323
958 1093
416 505
325 332
517 528
816 770
651 652
695 725
895 880
549 625
104 3
419 647
351 399
716 897
379 504
311 244
371 568
659 651
266 221
479 542
641 600
1072 1062
407 476
335 350
3 105
803 684
672 795
424 371
903 998
654 655
353 326
504 557
1057 925
519 450
830 869
116 3
652 966
345 520
778 705
913 951
323 305
183 189
737 702
447 423
384 368
489 492
4 120
2 30
212 248
357 400
4 122
798 963
349 422
679 703
1101 729
404 347
674 682
676 831
712 664
460 440
916 843
180 184
367 607
2 106
427 544
552 642
360 503
500 405
1098 717
230 203
202 228
400 595
334 351
616 496
719 1000
545 332
380 489
389 459
622 488
524 418
479 511
806 735
454 426
179 178
394 336
75 3
193 209
790 707
671 665
826 845
680 653
716 715
2 168
754 735
586 559
8 2
88 2
468 537
461 325
690 883
89 4
271 224
733 720
1037 821
394 407
756 1055
1051 819
486 342
210 243
456 540
431 533
137 2
384 452
359 420
136 2
190 203
565 547
552 574
375 369
379 614
572 473
219 198
654 709
81 4
909 748
339 635
889 1089
764 691
492 523
149 3
371 345
1100 1107
699 663
774 823
668 810
941 946
234 205
3 99
182 187
68 3
195 213
842 702
2 166
661 997
577 423
3 13
160 3
508 406
270 223
242 308
188 199
651 654
564 382
1088 1100
836 969
655 657
1084 713
729 785
314 245
517 563
77 3
102 4
496 553
550 423
373 397
331 401
42 2
323 583
956 1043
700 682
374 383
240 303
744 651
754 863
202 227
280 228
905 753
233 289
323 410
774 957
911 960
738 771
488 364
333 433
660 670
510 343
1111 726
212 247
638 422
860 717
491 380
776 658
330 365
431 425
302 239
117 3
942 953
597 433
463 418
651 668
814 843
348 453
1074 827
214 251
485 358
1033 1010
691 689
163 4
412 470
332 646
732 695
3 69
775 659
566 465
186 181
554 423
879 806
1056 710
961 737
387 637
157 3
4 177
181 179
36 3
949 1087
808 1022
931 716
3 74
469 386
1015 708
3 129
173 4
397 473
899 950
1002 733
764 899
517 344
182 179
700 875
65 4
521 600
307 242
696 749
327 330
973 931
3 10
326 328
681 668
820 1081
352 370
169 4
621 370
724 704
674 747
941 808
3 15
617 419
784 959
476 478
945 878
742 817
2 53
51 2
981 1005
373 443
382 462
791 661
341 335
803 894
208 240
839 1010
970 849
653 696
769 793
768 715
792 1053
474 404
711 967
702 698
486 570
194 211
376 585
688 943
2 40
67 3
187 197
2 49
636 639
234 291
726 777
471 515
734 1046
643 538
86 3
552 599
414 391
499 422
507 559
429 498
12 3
1079 901
358 337
876 778
198 187
363 541
389 350
762 751
107 4
2 153
779 857
97 4
275 226
349 342
775 854
718 753
225 201
373 359
945 1095
438 359
852 993
459 536
63 3
229 281
573 483
194 185
651 152
431 450
963 1013
336 359
191 206
3 55
367 334
661 658
723 712
1090 818
336 416
797 1009
159 4
618 472
330 333
3 135
787 652
608 536
746 853
236 206
868 871
741 677
898 653
462 613
615 518
654 688
226 201
19 2
468 360
317 247
670 910
741 1008
4 47
193 210
2 26
681 792
369 337
3 34
902 845
4 140
687 679
406 361
740 712
16 4
164 3
145 4
156 178
110 4
906 692
92 3
701 814
662 729
5 3
766 773
134 4
96 4
839 802
682 955
41 3
152 2
403 626
70 3
477 352
385 493
412 458
3 24
686 877
396 337
858 820
219 262
571 395
705 755
987 852
801 724
236 296
292 234
532 447
887 1032
243 310
31 2
768 847
690 779
828 757
361 348
452 516
438 561
184 192
250 213
504 539
788 893
3 115
857 992
445 467
839 985
767 1102
248 320
467 598
3 126
669 659
479 353
359 418
44 3
710 715
840 755
180 183
1027 1049
56 4
543 337
890 819
591 645
520 548
788 712
432 619
501 333
4 73
819 714
229 282
835 870
1096 867
108 4
680 991
46 2
353 356
3 171
2 154
773 1108
3 20
679 752
37 3
956 1062
27 4
331 578
948 853
752 818
731 1016
22 4
913 952
1104 853
254 215
376 359
612 441
329 445
827 687
943 1047
725 748
172 3
774 794
329 334
664 708
962 1039
408 390
795 974
686 667
660 1076
773 956
328 411
761 726
673 674
706 821
217 197
342 602
1097 836
956 1110
331 405
1042 708
203 229
669 676
319 248
338 395
209 242
208 239
225 273
2 64
241 305
711 677
620 333
547 485
698 962
809 1054
746 657
205 233
660 805
2 128
654 679
672 933
852 689
708 759
218 197
672 661
230 283
1061 1038
335 379
3 32
200 224
2 93
558 361
413 378
871 936
892 659
728 717
804 699
223 200
697 689
673 663
570 601
448 406
864 789
1007 798
721 915
1071 1059
246 211
84 2
931 965
2 87
919 816
928 784
294 235
659 798
719 1006
1021 934
455 464
836 784
671 704
1024 908
502 506
740 907
268 222
773 984
206 235
2 7
814 901
377 417
332 415
57 4
228 279
664 656
800 727
384 455
685 656
340 526
482 629
167 4
834 1066
196 186
82 4
841 726
425 591
830 707
482 336
920 731
580 330
1028 721
381 338
797 661
693 774
192 208
442 609
975 700
91 4
475 379
465 404
343 331
824 773
1109 766
521 444
21 4
731 682
983 905
795 944
679 889
681 734
147 3
779 835
685 721
756 667
217 258
652 658
133 2
718 696
335 346
569 527
736 697
326 419
219 261
770 727
555 420
330 362
826 747
968 857
979 1014
825 1027
195 214
103 2
677 675
930 666
1033 1099
775 1044
119 3
316 246
1045 768
111 4
252 214
726 865
4 90
527 517
4 71
323 326
336 325
483 468
679 750
799 724
446 522
751 677
335 323
807 671
834 1064
324 360
4 50
638 644
199 222
538 485
965 1048
724 727
460 529
4 155
356 377
900 911
139 4
1041 927
100 4
442 348
987 989
660 722
400 428
766 693
4 59
690 769
457 406
904 788
518 418
784 716
146 4
370 446
78 4
295 236
994 901
3 94
982 663
707 696
694 701
325 427
655 666
2 66
587 532
789 725
1023 832
885 942
720 757
4 174
958 835
628 327
825 1012
182 188
880 1038
649 517
1058 971
332 380
996 708
344 354
1065 787
873 658
178 180
757 977
656 660
209 241
191 184
782 721
191 205
772 833
884 774
874 862
929 840
435 507
341 372
1085 910
4 11
326 471
290 233
365 366
811 720
878 758
781 679
856 841
743 677
784 815
306 241
3 138
972 902
825 1052
238 299
417 449
425 342
382 347
863 999
142 3
216 256
440 348
763 755
576 589
238 300
39 2
342 341
25 3
52 3
243 309
222 267
1 2
371 392
443 648
274 225
717 735
689 685
387 525
900 979
683 684
375 596
1034 1002
689 1026
966 1092
929 935
947 945
844 815
733 738
931 1060
459 567
696 698
495 470
499 552
359 409
436 420
885 714
441 325
2 112
630 352
740 903
986 723
444 386
1091 1041
848 655
686 695
796 868
61 3
2 162
388 487
4 148
480 392
656 667
332 594
711 783
681 758
350 393
60 4
1040 1001
755 886
734 859
226 276
484 531
761 882
919 995
351 634
118 2
525 604
662 658
17 4
1020 921
775 891
313 245
926 699
327 502
785 802
973 976
183 190
949 667
321 249
681 780
1017 816
337 344
914 895
278 227
426 412
427 435
1059 970
901 918
988 1086
141 4
724 832
4 3
812 813
421 380
554 606
567 611
33 3
315 246
1075 911
4 29
497 323
188 200
430 336
329 325
215 253
398 388
377 403
710 1077
443 631
156 4
2 23
348 338
582 605
888 887
902 917
706 682
940 784
221 265
1050 1015
923 854
331 337
2 123
849 730
804 1078
468 590
365 388
400 434
825 705
2 101
4 43
446 490
364 339
791 1025
293 235
746 925
739 675
175 3
748 881
244 312
1068 754
217 257
357 346
196 215
418 592
513 399
633 596
546 377
1063 847
732 765
207 192
220 263
690 656
237 297
913 834
48 3
1103 801
509 336
325 323
272 224
131 4
1036 953
1029 697
1070 919
942 971
207 237
652 663
669 678
760 707
705 668
745 726
937 933
329 402
1015 1035
707 1067
822 1088
2 130
2 113
776 796
298 237
693 666
862 802
247 318
424 582
939 871
430 632
584 460
3 62
866 842
740 820
901 981
534 501
469 556
2 80
2 121
185 193
656 655
353 387
4 114
2 109
701 1011
3 83
478 484
144 2
710 717
195 186
481 426
377 472
161 3
938 901
425 437
461 535
627 397
896 660
660 665
352 423
339 368
537 579
429 364
4 124
576 420
189 202
755 851
872 731
327 326
218 259
820 980
337 340
874 1080
391 371
304 240
1073 915
347 640
345 326
954 892
176 2
322 249
245 211
867 812
387 636
683 659
861 719
361 588
1105 706
610 427
347 332
694 660
694 834
301 239
238 207
496 624
269 223
466 355
190 204
900 814
379 494
2 79
838 659
791 846
385 451
28 4
341 390
3 54
944 1082
127 3
929 1001
1030 725
1003 743
690 719
786 698
560 512
593 482
125 2
264 220
970 1094
285 231
323 331
212 194
385 370
165 4
575 389
908 713
699 1031
650 362
185 181
809 661
204 232
18 4
150 2
196 216
722 837
742 880
1069 775
744 1004
374 342
230 284
189 201
988 830
339 334
249 213
