10
2
1 2 90989789
3
1 2 597127989
2 2 1849289695
2 2 763869349
2
1 2 489092146
3
1 2 2256601982
2 2 0
1 2 2316067644
2
1 2 452552405
3
1 2 1308107514
1 2 1095074021
1 2 1308108296
2
1 2 388217615
3
1 2 1962168889
1 2 2296064300
2 2 0
2
1 2 243423212
3
2 2 1208943889
2 2 1654490875
1 2 1533264614
2
1 2 598674728
3
2 2 186383637
1 2 1595984288
2 2 1009165940
2
1 2 960688648
3
1 2 1575542021
1 2 2292888797
1 2 2292889227
2
1 2 692924138
3
2 2 1122149325
1 2 1786118012
2 2 348007951
2
1 2 848187746
3
1 2 1583394353
1 2 1343812874
1 2 1583394315
2
1 2 849527487
3
2 2 0
1 2 339360165
1 2 2765918881
