-20150081524372
-19935359459085
-19991391425812
-19964303642141
-19932850212415
-20018461752434
-19898834682697
-20221127408868
-19903677164224
-19836221080562
-20145587641005
-19908956376091
-19978915091758
-20012947984620
-19866973120827
-20362005593340
-19694301832064
-19901917239424
-19869268398009
-19731358580713
-19857201436748
-19865162905778
-19792202129937
-20064967435885
-19890869353916
-19801223606982
-19841499106533
-19960467823041
-19842907371883
-20075195900902
-19892651935824
-19933867810301
-19974205464469
-19958229425087
-19948763363299
-19875341457202
-20056032059436
-20175081263357
-20263036313603
-19853204142368
-19963428477565
-19933504089623
-19882820563628
-20535092464246
-19947404074111
-19898468044272
-19914216401015
-19827218322215
-19976529554510
-19917719720572
