-9856313382
-10800003054
-8060685665
528126548
-3967395385683
-17401875541
-9605581143
-1451946209
-27150279567
-12846547323
-30570253352
-26200749160
-4640130780
-14993957700
-27712754628
-24352330307
-26438917639
F
-17614421245
-9946318755
-8537573137
-8145086848
-25282796313
-9072193228
-13437672105
-27527234881
-4035179547
-5117395740
-2532916326
-6637297080
-2359979659
-12460634850
-1829893595
-26122071580
-12577941230
312963824
-24597822531
-13311966784
-27453124972
-17410526518
-11894657975
-2165331244
-32945735073
-2701274662
-9634352559
-41924551865
-18814119002
2261100096
-11471830827
-16498568927
-5559554950
-8607246734
-22283793214
-2793814186
-3973476382
-7960581795
-33155831993
-5819373717
-35263792148
-10863743315
-15391355514
-9653229531
-8426182430
-4282015623
-33475794735
-9158523876
-13841326553
-9883593455
-7581889083
-8780302762
-7994310489
-29209048025
-14723150771
-2100961534
-14476881259
-800139559
-31623804770
-4046229716539
-5662483977
-33235496509
-16069203247
-14685040158
-3558954758
-14786963567
-32531205434
-38200206806
-3902779374469
-1882680329
-25770019130
-10999621313
-2352711824
-40303017886
-31271656437
-6944015372
-25638358757
-354150818
-99853121630578
-35960154074
-9093302144
-4389648982
-9425084819
-15184370907
-13258356924
-5382911708
-6402302902
116456780
-29053104415
-1356346108
-14611534076
-1987852913
-16740426191
-19496074288
-28770099391
-9282943175
-2318084262
-4570127090
-12381313041
-18126215581
-16240626526
-4302092165
-9164256822
58551199
-20318777456
-4647521747
-25716133442
-3080681257
-7831628771
-13939884479
-5449904890
-29739101734
-8667542834
-3920849454807
-8033977774
-20970580032
-2984516047
-16878319377
-9439210038
-4706451089
-10044199205
386115992
-32225160965
-19958846322
-18572421047
-9059972172
-3959099006078
-3911880641719
-19160345337
-38357709551
-22203641593
-17203146172
-4666261340
-37087633023
-5990337576
-16585704919
-4574678255
-14385266706
-15476045769
-22091850192
-24638538186
-16350727249
-29719231996
-18393868139
-14611675153
-13416956887
-25417539129
-3595478846
-1512344409
-12100118562
-13495726274
-1980487208
-15989929518
-2854664572
-2787240505
-25382474391
-12663279667
-11799496566
-10950830822
-4812275430
-3692391957179
-3998420007458
-8082697140
-2844531565
-15066219822
-8386708462
-19428173589
-4663616040
-5236416622
-5170549954
-18703311824
-5401894375
-14899820395
-32788256952
-11872299072
-17111055213
-15757108319
-37266814639
-3843222581808
-18942350807
-29292315250
-9747582331
-6751999919
-6105315471
-17289117383
-4507871452
-3827841179485
-10266813888
-14296917748
-11171725104
-5882398783
148588796
-35353108789
-1008830468
-21790765780
1322202602
-14342037471
-26342489848
2004585872
-24686193490
-34266193825
-27461746948
-3912233191738
-10568265661
-15643345823
-41393280849
-26813010225
-5637121650
-33451535314
-5248381773
-35605322608
-31242738589
-14693653577
-24155985664
-2307410162
-22285103327
-27419889527
-11529296369
-31314681942
-2120383315
-5245172651
-17962582124
-21060627971
-8717261811
-5969917271
-41791976128
-3574273921
-4304445444
-6179333272
-3140660880
-4388854746
-31001764901
-27332581659
-13529142089
-10416204755
-5920772961
-12262256148
-14813860619
-7573086136
-23546957109
-286040669
-2011715659
-468771877
-10948829099
-7760472296
-27266509563
-4054106748
-20177506820
-3954154219
-868727423
-14371856160
-889439247
-5618167694
-10274714313
-7372933535
-12062762831
-4638661812
-3834152722
-14614641926
-7869372921
-15052051289
-8872358269
-7454903362
284931047
-3976187119646
-22696615136
-25648866283
-12104667794
1081216121
-9815924520
-22610645556
-30539029412
-3525878357
-25724730146
-1779109209
-28442563378
-3795578431389
-17561111644
-28850979934
-10001185149
-1649446431
-10619159722
-656438984
-18460493929
-20086685410
-24151159553
120394778
-3933111174458
-3991391822029
-16372822248
-3465994975
-22469113312
-6693487355
-61493664
-868294539
-24919145873
-2713122182
-34329841002
-829037153
-18560266612
-915953412
-1602594969
-3381670081
-20751319686
-8375785914
-5258411300
-3235628284
-48447345088
-12251651583
-23950210935
-30401137591
-2999260235
-13493750232
-16192715018
-44686213245
-17072304518
-10680499544
-1205243939
-1239225285
-9323324972
-15342516624
-2167181550
-21336592082
-9831646007
-3908422326
-2325788142
-27209296794
-6535892970
-2981320347
-17858446720
-40304585420
-51055144875
-6926403141
-1982901431
-9063071883
-22974258520
-47053753494
-45195349855
-10788583593
-8558100238
-11475419196
-43588898119
-247976876
-34451292152
-19766563134
-22120557056
-1779422215
-92756139
-9330565239
-6762118869
-25250345139
-4876718223
-18996875460
-31212370943
-8116788092
-15977208743
-5062385754
-3781095846748
-15003956776
-17910319153
-15561243238
-3539856635
-42284106049
-1134799795
-16496251974
-6103517415
-18612954615
-10127017379
-13254270385
-17303660632
-31082774312
-9606429637
-14729795679
-19951719536
-21774526302
909057217
-6616055380
-7295412352
-9242569334
-23911744739
2374901357
-12782918948
-3613444756
-700520187
-16288085155
-22463399343
-18576258272
-4449869464
-20330896673
-4579452417
-1413038610
-21349823818
-12220830362
1017820881
-3877849872520
-18118721748
-8106171797
-20414166986
-11952829582
-12931124493
-22729424374
-10142918830
-37676021265
-35460002220
-20334014581
-27313298450
-13478071718
-24414012637
-24783490285
-30866167319
-3891881460288
-4712811745
-24702294558
-20313462345
-32137146495
-29227878461
-25372884591
-20726313432
-20040383068
-3975047471039
-4549707446
-10359197937
-26932851717
-40126265392
-34223803479
-19381482564
-12861936511
-23038543091
-1387533018
-12645278123
-34184585862
-5788905072
-8762935109
-16566589351
-8695493973
-12586192403
-10988331999
-3799410239
-24134900175
-4166598983
-8269878134
-187713410
-6553899388
-9783027188
-59021102985
-23593677231
-7970987847
-14530785168
-8499101694
-36545423553
-629392697
-2373514766
-9891709452
-14764522945
-16791128236
-13290593436
-9646869531
-160356357
-23880959946
-13025663029
279123720
-27179787774
-31756848175
-20048070048
-10377192709
-9106517112
-15106662707
-21813295752
91405043
-22150793998
-32058781987
-20481864077
-17337478466
-19598717965
-29328554501
-6289119000
-23378006898
-3936471308
-27047290578
-22336491300
-24539010115
-6242032432
-7904798184
-12320050369
-19653887739
-10139397442
-1546317717
-36439739249
-3531959576
-15314560762
-13416480552
-21630825942
-14353423294
-3903552253
-16501254400
-5358038229
-16671649642
-27501633636
-14877878995
-24566237829
-10580065820
-38961208098
-8759875760
-27789457033
-4881879563
1327267508
-33072019353
-11126458175
-26755776975
-20708218359
-12499607620
-6828130039
1685326662
-30913264768
-28855201873
-10552306142
-26315523773
-5468381743
-4069328566137
-27113660990
-2922449724
-4007745661315
-3522100962
-2587387834
-8751804548
-29471060694
-4652919005
-11364944106
-25024762842
-10939740081
-17511091706
-5602392146
-9794991360
-24149918104
-35477841751
-1530725503
-10920463955
-6215109145
-17701661580
-5024009214
-9357130869
-10603047754
-1479051069
-14805266411
-19804396028
-28224932617
-24795116527
-5580450349
-31299553020
-6520947196
-44793940755
-27721493397
-20589924580
-36595984183
-10428965934
-33450310857
-13150438292
-3807916567
-6866210191
-8483142410
-22858727724
-9031074402
-19260483613
-480821586
-3740977221133
-14207712925
-4081837482876
-12287843410
-23910084181
-20139072282
-14630105369
-20543676477
-4371954426
-26667950291
-28010525902
-11577641130
-2410850610175
-29960095190
-19113958952
-24003799729
-11299766837
-194175023424
-6149300258
-9276228566
-14351800193
-4545079130
-5728452476
-20257068027
-4011909377237
-3455726596
-8617046292
-17069203353
-12863594205
-8204961978
-3968555469011
-24449302917
-14287195042
-32740814442
-10118193905
-16870057537
-32426176542
-7064807613
548668387
-8771088829
-37589326908
-14881761231
-28299717642
-13863207974
-19368969199
-10160558060
-985449420
-32318619952
-7265578266
-8152209857
-5386180982
-29747537863
-4564760183
-1597401476
-9396474990
-9664833132
-862236484
-17195469187
-6405276939
-1972641276
-12066582708
-24846310009
-11487272173
-423743164
-24514524625
-4551313764
-17257254536
-42197742676
-13469043247
-10336314643
-823438121
-7319630357
-30942324755
-19707224679
-40146408950
-23024774412
4397620457
-10050629182
-30820015626
708330148
-6804852879
-21170302365
-18454167227
-20796755142
-3274177475
-13862122986
-41363976432
-18772901081
-46204037419
-22761714861
-30632307607
-3502278289
-3833788850711
-32613610602
-13564628585
-7080998463
-16649140503
-15499949458
-2235604461
-24250050702
-25291716172
-3784033586510
-22321388418
-10726759076
-42970932169
-3503475670
-39960908282
-36850867860
-6080291473
-26950404184
-1369607304
-3891408208877
-29021881333
-411563248
-1153790226
-161522492
1531556223
-16533081633
-873851804747
F
-3019138862
-28218438047
-22039778406
-2019605328
-44777759547
-331331123
-12632991781
-48190994270
-23138270903
-12855521181
-10733434443
-6793764451
1157023657
-16837389163
-32962333073
-3725960524
-5313857887
-35179737354
-3415853305
-16738647681
-9323406452
-43192419671
-27411459530
-9794782879
-7331566856
-11274072219
-8379545996
-28291184647
-29275003958
-4445337881
-14450686315
-24396507948
-23222172825
-2507508551
-4548639629
-8220134329
-33954512493
-12748859041
-12146613752
-4829601121
-5995568494
-3836512723
-5531119105
-8586961405
-13288522371
-14933855837
-21630579106
-144258423
-12295695427
-13182391243
-25915448510
-7908281121
-1592951065
-19131226311
-8447543140
-24655424047
-18029747707
-693569217
-16985462725
-17219765204
-29512157480
-21676163701
-15709896742
-1556955020
-12072926771
2637999024
-21554970336
-46599238974
-28178571575
-1097782028
-17815335571
2163595823
-26000805579
-35730130428
-4128647269803
-7642272560
-4620584445
-13682279976
-13426643825
-15889250854
-23180936598
-19862328940
-7487898788
-13503465385
-32923018532
-23491480908
647964669
-27053305833
-9399848444
-23418165568
-20518205293
-11406702614
-35901419349
-7100576013
-23131040094
-1749317151
-2935269246
F
-5181428775
-12326590023
-16683122153
-26409791101
-6116584288
-23160656251
-43774838392
-8175038408
-26447183585
-26093767870
-9271411818
-17983904281
1183548032
-18026114963
-21574537621
-16185212552
-9025575926
-3505941880
-3814357064
-5374044042
-10860456287
-26875789753
2704035342
-21781028890
-14236188527
-746378284
-21479366964
-2557174771
-41383917240
-6619130163
-1558348000
-1296259737
-2667514250
-1094249897
-10780092226
-30409812472
-32722367591
-17557255398
-3850369747986
-31473281438
-30274737346
-14457819591
-12085713442
-11697735532
-5411265955
-12640637244
-23892373810
1590554071
-11179771130
-33792512598
-1929416699
-14110176464
-2976336246
-4410409716
-10106579954
-1807238143
1067152550
-4681686829
-15780573721
-10273407372
-1863191046
-4553492392
275765599
-34606673840
-11729429658
F
-14723625774
-718487434
-2433318011
-12387268016
-19117892783
-36101830460
-5241106488
-5187263651
-11793283605
-33351044802
-13672676480
-14980644782
-27369389287
-7532981117
767694324
-22271720355
735073562
-4194411072
-7735342910
-3008539338
-15757811933
-1933359114
-2992180334
-19960727153
-10819489720
-19669035889
-17974517505
-8373758221
-6823614315
-32230330414
-23855218687
-1731586049
1310864196
-23621712795
-27593938629
-3859651010453
-26745802901
-43910233189
-16863409681
-26644098195
-13066219262
-10141931761
-27927215895
-5025218022
-2363228707
-2007869007
-22300427796
-20965400985
-1435667028
-3865565419567
-15199929799
-30724296290
-7519910821
-21479661330
-11082353628
-7116419076
-17132089851
-21181364384
-8260385849
-16627125469
-8281399373
503544882
-3924721835818
-6045328240
-30528899839
-888372213
-11592793514
-1559228878
-3915286779747
-1673440551
-4422860836
-28250640075
-8318380633
-7814585167
-20315033120
-26637085457
-1619956326
-4502407948
-42789677862
-1363775560
-25348503679
-6147741488
-2597203754
-2172489342
-1775923072
-22660245563
-22410090152
-34290995735
1254743627
-17499692494
-5572276756
-5443992778
-41961950766
-8986261390
-9107338107
-346436878
-14307267710
-22140973121
-16125679044
-5873837277
-14667935252
-3696539219
-23024136323
-18268156499
-9189434849
-20306713291
-12638343404
-12975664591
-223151931
-7074060356
-40025145427
-6645008924
-12912757839
-3986774589282
-7511383231
-17792010986
-26189045094
-6394090313
-19742016255
-14639230996
-22089596304
-28196495452
-4360449198
-8056857971
-17623382819
F
-23772327337
-24488992822
-21933690173
-1002222859
-2804741363
-11966375174
-18815824734
-24740826643
-10920642692
-24242582632
-17590704241
-1311427373
-6621540211
-30447807859
-41111996118
-12007044267
-17010427924
-3321936357
F
-16279203927
-11969805681
-1980919116
-31777051564
-31744500880
-12340261777
-10134513026
-12909162103
-4145891085
-2467324879
-1011521997
-1125331899
-5089256780
8549992605
-29695896458
-24183652052
-21044343240
-4292319126
-23535570954
-4080359633
-34498323972
-32352356723
-10851925784
-3796211196935
-21730467597
-13055791284
-20267307763
-5193654851
-4035625744473
-5612633928
-10984934374
-13972295099
-31703533186
-20888487633
-2850302020
-30137771827
-4859632339
-21422023094
-22276611135
-16919612306
-3456902587
-6709223798
-8407564731
-15380113481
-17633972543
-29659255423
-7930025742
-12198837598
-25430888311
-6314001169
-1024585292
-7292390265
-7350073351
-16948097076
-9160849038
-28479365396
1106732737
-13380919335
-10312449331
-15868881724
-8747185968
-2348956753
-10713084930
-22087270214
-6791048431
-20138263370
-18989756578
-363878111
-3902209587004
-2998885313
242907313
-3263271281
-22728825627
-32629658322
-1581597458
-41997245640
-1437825244
-13690818006
-15878286174
-5939343515
-17862434336
-3953177342715
-25808508287
-24542296549
-9907728858
-25674242179
-12601555598
-5270107925
344743753
-31639751041
-27484482679
-21126079440
-7100210552
-31445045658
963636050
-11300282910
-18690500185
-13616788592
276182902
-138221041
-24217543618
-18595651767
-25762684337
-23590764001
-23349029435
-35675685801
-8601620334
-7820427692
-3312427689
-22332726345
-837141232
-44376888300
-7619569436
-32025075848
-25563432019
-13061384864
-7463648541
-2112456822
-38950124475
-19377981321
-20283062334
-6890396617
-13369979622
-12293360198
-29897209276
-39421587948
-6981265214
-174629296
-21869027080
-34244279618
-1483192742
-13853789421
-14345207830
-13091764140
-13972143972
-3901555083
-20856754994
-19640017773
-1876049573
-8275254641
-843250007
-19452398197
-3704721992
-5612545077
-6761066575
-9928807675
-30832269553
-2109208247
-48806428
-31404842268
-11448806355
-3126255275
-5605355318
-26967392386
-20598035818
1505907075
-14349570068
-11387671254
-23814389017
-17222232317
-14214956491
-3893374165072
-34207855245
-10004277178
-9442849536
-25733179917
-18740747302
-33365879231
-21236741765
-9754889110
-1061038095
-39292078301
-28706157564
-9405450009
-31583412814
2347216399
-18391657018
-8030365389
-9711678205
-1527971960
-5655589246
-3970723077677
-19902419612
-22731452027
-1472005940
-46383288845
-21251080490
-3843803342308
-1551209745
-715427298
-18820933190
-16252771372
-4846314095
-12980033341
1382458375
-3940877415123
-31645075480
-8210859018
-4391731846
-20562621284
-5897619211
-15077934911
-15614390363
-3519606350
-6128938504
-7057747932
-46648555513
-25752948065
-19445515233
-10321975914
-7817624186
-6044578463
-6832799632
-18222798447
-18392346849
-20468100761
-12231619784
-5735209658
-25681172392
-6976238110
-17725680037
-4385208008
-4981421786
-19129218124
-30572174717
-7253442141
-9434120398
-13311753379
-27497965982
-26852466035
-10151530849
-26042180978
-16538496167
-15393157496
-27855339400
-4344837751
-21130658094
-6650967299
-17019015311
-21974065413
-26316985771
-10651784943
-12381065507
-7316488390
-12593053122
-12713682201
-25004791825
-8652854708
-12970300366
-4044823623
-13284036363
-20700692603
-9702227340
-3622794127
-14311800233
-5368983735
-3448056194
86009727
-3450980850
-3351659537
-5905383338
-4814243273
-2329367604
-13796010761
-29617103899
-7329174991
-10338912649
-6012175965
-2128202
-27469383493
-1258742416
-23281156454
-17706509546
-20763895739
-16052257723
-4310705114
-18746140370
-6431204409
-22514034782
-140290745
-934541788
-422507167
-28301008877
-17361200978
-27706325316
-36458448999
F
9859796184
-17689830934
-16685909330
-29664701457
-40350689098
-4908716604
-4036889598670
-15443026534
-4061802194700
1843278071
-4692855050
-10567255709
-4453140114
-20872196275
-9882322705
-6704883779
-3816415692229
-10667708340
-325993139
-30228595524
-20355451500
-3975999908493
-4363951825
-23084144258
-135244466
-36008291189
-21153482807
-12082871014
-13912588008
-45306529665
-27432311593
-21327760145
-6688393167
-1300019416
-14156404709
-9013769800
-9577835475
-24814252627
-27228648114
-20811148164
-20270172926
-20126507024
-3446785957
-4603147552
-18958966436
-13644202683
-1912015082
-8146186061
-7496858979
-11238650343
-12955732466
-1803293661
-13124930768
-2487597381
-28492073027
-29806403179
-14265521655
-4891738954
-31590718754
-39477172396
-14373578065
-13805813179
-22356365911
-4747639794
-1388191235
-5752789384
-37295996156
-23353690513
-2405094800
-34933181329
-100333933047835
4167510228
-32759284554
-15436161949
-7332567085
-17001567236
-15845091199
-5102568930
-4100997039926
-12303950112
-5653929317
-40896436087
-2369899582
-11354508587
-41710741810
-10949678424
-8164688532
-30482550134
-1126804263
-9299358861
-17532691299
-31317201978
-12923520606
-35714790597
-4874419377
-3997156810
-1404792812
-19903851703
-12490553186
-4633414339
-18554042585
-24027737317
-20165449737
-35765975411
-21231814324
-3691291871
-12047222368
3882228610
-4290330215
-15937316977
-2820712456
-27859084982
-12168670045
-23726956411
-4170270564
-100408831104827
-6166783015
-22583238120
-15417601592
F
-785852375
-21193707715
-22756646776
-17864578069
-12193854116
-19278387093
-20127498299
1702674673
-26342633591
-9736849081
-11411877557
-3357687448
-10372310840
319179935
-25579079163
-18693093605
-7921318006
-9021589091
-10541908067
-1644391787
-13215502980
-11723401581
-3952070084902
-9156928804
-498256246
-11060081489
-19234310788
-17185482763
-16714255529
-12731944398
-10064351274
-8167899993
-47673089036
-1689556694
-35703325064
-13916453220
-10669235852
-8155203032
-10153281919
-5764256748
-49655251914
-3055866527
-23164262221
-11275543198
-13359057250
-12478225873
-927214581
-10380968305
-26501002063
-44462424119
-7477701557
-22428793828
-11434212574
-7986079944
-21563980618
-7443736758
-36778443745
-31160284538
-29124600017
-4546881789
-8201122999
-27471757106
-5316001580
-10986545356
-31179298050
-10545182505
-21594925588
-26403890818
2279974582
-6120471942
-9000227133
-34137666607
-5750670137
-6211187076
-30226813922
-21516902933
-6737583787
-1995048769
-9563675224
-21766219528
-3995797597
-4721783509
-13430895724
-14318238310
-4071103613
-16594247402
-1682977821
-38598572855
-28058847417
-35611391138
-21447202599
-25202707508
-3646038174
-25942946313
-34983650858
-38878209519
-27828523373
-22181895723
-2511574495
-5876169573
-12711955515
-28238872660
-24956761100
95846258
-8419372770
324736444
-3999892178371
-13226588024
-18823849357
-10899189317
-15812684541
-19245758243
-3478467290
-12685127034
-7540437314
-10358346829
-44729206854
-25311412002
-14473973150
-16751860718
-4020012671222
-3019422968
-8651698472
-20273475351
-10517491650
-37651108543
-32068996369
-22748584450
-2509546725
-19096019643
-12891700431
-13831643772
-22077146710
-34759290863
-18369659887
-12093227019
-9043673599
-10630902384
-7206097515
-26380083311
-11847832064
-13345818862
-15671471205
-6466411195
-4087405234878
-17211179549
-25386214423
-21864810925
-3130757385
-28646955625
517166118
-32282549888
-21316369097
-23270710183
-10919084708
-13712351944
-24335525952
-31423925230
-9050954984
-15815728194
931193912
-5691120703
-13668477434
-9694527643
-3921209087475
-10632514605
-17004545100
-31902903010
-8252144942
-20758532515
-37639342761
-6160165475
-15807980660
-9925285324
-21511374460
-26526430534
-21287377412
-25185679722
-31926313181
-16178744144
-15229267030
-9981278446
-11072347162
-32606496574
-4069031277
-9273952951
-34056765588
239527556
-4074246548934
-11433619593
-20614722579
-623458886
-2778604669
-10734586232
-22246199483
-10095768945
-9903427803
-26492496821
-5028039496
-5686473303
-31416406738
-30704647513
-21722839228
-6242566518
-21644802185
-13072731789
-28547333237
-2213921769
-19047367112
-12657948545
-302021612
-1828138412
-22267047309
-3803206256
-4355093826
-13727377802
-22322842560
-23506160004
-20084232397
-9564216728
-26029816814
-44839848499
-3956236579364
-49014227043
-19201024921
-880911085
-2077759
-7769282395
-3633005311
-8676936033
1951103067
-16687185287
-35376374231
-2366343771
-25570611408
-14002745902
-1678132835
-26453938672
-10773239697
-5468116705
-10900411452
-444077308
-21485698074
-24324828095
-2087397653
-14475301855
-12869501238
-13525251529
-2565036486
-2928904840
-29591802672
-7356090687
-35069469484
-5055921287
-11505161921
-17139258773
-23480224239
-3269211084
-10932186828
-835254169
-9235365121
-35300169326
-19563745193
-6966878926
1597061827
-14114891947
-21178257291
-6163139437
-2297287907
-17885378916
-10295536730
-7275379037
-4996217126
-17613868606
-12816511242
-3900167757173
-2854535300
-33769698796
-7085974445
-2554988819
-1590672219
-19723458259
-3652840837
-18582027582
-26854748617
-7621956098
-3751562480
-26397830945
-3613191996
-3995334069666
-40495874948
-15800908110
-6753810196
-28789038902
-1113296655
-8652620951
-25979710864
-27953817075
-12919660970
-2989118687
-6702204322
-5588483792
-288136739
-8151312589
-5828935899
-29476948754
-9225947717
-5288374254
-4579622489
-5691511131
-4945608231
-24110524067
-257826700
-20299962667
-10207200645
-3532693488
-41854031221
-6789673808
-6829105142
-9828701749
-4532991635
-57505086278
-36021111245
-10259355197
-2322590393
-22720300636
-3017117520
-22274338575
-2288554232
-34587633795
-23352695107
-4126465531
-13987601274
1064990478
-6191445822
-4607962616
-15474032300
-37296942479
-12631657475
-11488318443
-19200788883
-13583798360
-18209842762
-5526167882
-3850248907
-19101745168
-1573567114
-6279455942
-3552848121
-16808996191
-4344378279
2489891623
-3684381600
-2463177472
-138749651
-9219719886
-26379088821
-5623418606
-4591233602
-10676775819
-6909627194
-4701483579
-4039767444
-3797415764015
-17177534445
-15142654813
-13655501326
-30392021625
-990285505
-3823974838541
-7851845531
-14857065276
-24314979618
-16177819310
-2955096194
-39454673330
-51575952418
-27765176688
-14863002253
-6347838158
-4055674001563
629576249
-10385630150
-1890996049
-301556924
-288545503
-18384176910
-246714636
-6499790675
-8942041630
-8084872418
-3850453388090
-11862850969
-27485405040
-853942001
-28006580739
-3210445674
-1383485663
-5164851523
-1816081812
-6976432978
-9700766719
-19106417456
-18562058385
-33222162979
-26594642826
-6374273126
-20522585621
-7924526820
-5896122968
-12462555720
-22358890505
-413863530
-20475144932
-5222188937
-9350796061
-18768065898
-8424542766
-20843668374
-29199725243
-15559965318
-18071201766
-1226031552
-9371269549
-34109548168
-9866371542
-22040351797
-3710833048250
-7285931471
-21032706782
-59310230900
-25952651187
-3550381393
-11947654012
-16110635181
-4024746618916
1229770888
-20219431780
-24111701410
-5471547131
-10780831257
-33568518948
-5010565207
-3932282109
-24670457349
-11121040242
-3396473763
-3732120546
-9239088532
-43240670371
-35142579800
-3876660866466
-4256537985
-5837775897
-12935953687
-5821713209
-35508258139
-16196857258
-31873562758
-20506777158
-21924187718
-28613553007
-8789110797
-23148866106
847418578
-12203714421
-9172049697
-25004872451
-3957290050790
-1163281034
-23790156659
-26095000644
-19279753314
-1946942016
-15233374314
-5666552014
-23526805834
-26590136769
-19364266104
-25773447352
-9502816917
-2672265785
-18880472376
-29052034359
-8130953645
-39716055972
-15992878520
-9046665295
-8408295772
-986754440
-13933044302
-3829933222
-10139831038
-22305877708
-20311746172
-8661575441
251805076
-32037528871
-39717323236
-7244465117
-12255077906
-23764100288
-29856271274
-1736878975
-9424073101
-28664295515
-5799466606
-19058351198
-1294433598
-13501921492
-6576056757
1078231581
-997977221
-7827621067
-44209995552
-23379392122
-29317084002
-25685029593
-4024900101439
-21186959838
-4134418638025
-8069131341
-32687899783
-1771812598
-20478295773
-10165004966
-13654046091
-2667251815
-10813301010
-16150401937
-27601424604
-19954603690
-2076309964
-8538515693
-3512246759
-17647404548
-240054640
-9308924003
-2939046133
-4439255114
-30042485140
-26806293548
-5734298531
-14380214491
-13177541321
-17007897261
-21718353350
-20378849062
-24825707991
-30107443728
-3966541151915
-20053990187
-22741566106
-32674386247
-18201416854
-29427213108
-18627445976
-1016235212
-7567900159
-11512585473
-581825383
-7534459034
-17338044982
-10875468964
-6721818960
-16962776467
-9335334420
-32735128155
-25314786967
-11451946199
-20903682394
-11620296819
-10377538202
1193641272
-25899197234
116260591
-31391887165
-259694904
-18689868870
-10968635743
-24434419498
-14451194319
-31171213511
-6849283809
-37928702354
-34399052486
-9482332115
-36861639056
-1252033547
-18553562540
-2703928174
-19078297514
-23182701831
-4060367235
-14032966793
-12223157777
-258695709
-23841459677
-20989525534
-8156892072
-17015302105
99180106
-8242050347
-15593948573
-7670784513
-10180139450
-1047084131
-717602926
-23995431733
-21347047555
-26162308927
6529500697
-3809467647338
-12510299531
-35276273283
-22550566599
-12006666967
-11146732675
-5232053819
-10545154734
1090451645
-45509056312
-16782975432
-27255554535
-12269650324
-7322330602
-26081308953
-6894099087
-3844570622847
-21228666725
-21318801120
-12902006648
-32496163236
-9411735674
-8268011970
-26643325600
-3081161768
-24168822811
-1001676519
-22218967217
-3794869021436
-18627902712
-12306652795
-4938657026
-6840709889
-11840008971
-12240118957
-4538915815
1177173402
-25098978985
-16735987043
-3282798235
-21934014411
-36638080101
-24084858388
137543656
-20211093928
-18744304825
-16592089149
-4106852268
-5948165669
-19266721658
-25930338731
-30215557527
-39750412448
1576772719
-5509853903
-13339617234
-19142908451
-16275605946
-35048767502
-17069002886
-42420252590
-9179188121
-20982644297
-20712015913
-29881650287
-7511881299
-1032455379
-26879523185
-44912251833
-2538658082
-9756006246
-11525592015
-10607906145
-10651036585
-24001458445
-5434550452
-10280199257
-6126141469
-100410281469949
3749323435
-1073719443
-14710243661
-10667757261
-4005237064052
-15916295849
-22115539346
-3707935461251
-32867927100
-7283240799
-27330770275
-6525410148
-5120608100
-12050760725
-31092091136
-5587955704
-2962001727
-21168363764
-4201125104
-11630808069
-9097707809
-19912692640
-10092690525
-26035094901
-11582981303
234750584
-5806168011
-12547538577
-26241494600
-31987454376
-4139752640
-22520240799
-16128993623
-26952618416
-24990255685
-36669635943
-13942780170
-6243129924
-41530820048
-10898479767
-4009492093868
-18587127159
-13389911320
-14089087385
-10246254493
-19166411438
-6841203378
-28709919971
-8969133830
-15258531704
-26345291905
-15735781415
-2433537246
-9053008871
-8601755180
-26074521978
-26414391581
-6361797443
-15730858559
-67872968683
-17716529537
-16343166293
-15769932906
-23395042993
-26201079331
-25501745947
-20197153723
-11301986327
-26452221454
-14354595038
-458866800
-3829811496947
-14326750958
-6862706766
-5845727478
-11700275405
-6370184323
-19850144410
-3870834520887
-10984761100
-912336051
-4224651613782
-59780280536
-17074438985
-14710871004
-27916605658
-35445745310
2032881956
-12076864001
-6453772401
-22417275729
-3398720483
-18258038558
-12332758785
-7309897249
-13601179049
-18659638868
-8463115416
-1833383604
-19576033045
-41940643268
-1652977815
-20383537864
-6560452590
-6584795529
-8388780711
-12335264800
2335042781
-3824948600132
-17913559672
-8246772993
-21106176867
-23926628728
18481493
-7405130612
-12559854684
-18256100048
-41692685819
-13599820848
-10213541578
-20948520742
-2979060118
-6989043128
-23182818407
-26957126747
-19493777121
-24423470403
-2046621068
-24196046064
-20710819700
-23371771449
-11565300546
-30288007917
-15743515936
-17668409847
-4060585107563
-3849703372624
-10596469386
-104154559696765
-6130992712
-25931562398
-24778339760
-706115747
-748957002
-13212207365
-22852592941
-4098304012
-42820727730
-24390023175
-14496510435
-45548350787
-32346124473
-12587990341
-15949737883
-1436352863
-12838615499
-35318585723
-9087578201
-6435921049
-26545657640
-1102276144
-102883390
-25911541541
-5919079324
-44531320025
-17845352986
-3787538036
-3932765447230
-12332862576
-19256978572
F
-8900063835
-13570961506
-24450844452
-17141857168
-20494166543
-18837726367
-2351197095
-9634094957
-12894464262
-6526622184
-5199632814
-5082337054
-7564769785
-19121548464
-18526357414
-3138495573
-8222854435
-23673672292
-3855027754
-31738353645
-25544675538
-18822695439
-19687258317
-8695310459
-11305830219
-3175569026
-15216901504
-239589713
-2031883424
-7344148129
-7881163859
-2083294690
-33007629272
-19964678361
-15718033798
-9525792000
-3145231866
-10548327092
-346443926
-8157661144
-30777677973
-18781525042
-208015412396
-23258041856
-17861263211
-6522870884
-26455064526
-33683671307
-13131672921
-7675287537
-19939430616
-15702530742
-13391407379
-4756360549
-128305347
-3419698353
-8037502285
-14627197692
-13422744892
-11326678121
-11980062670
-12756121311
-15879458855
-15044615755
-19875549753
-1667632273
-27256226236
-3910309338558
-20836711332
-18057617014
-17131210899
-17134995645
-18361179136
-13509020592
-8092173710
-4586615592
-25949829638
-12791620117
-26472834966
-17671692978
-26902813476
-12186278918
-43735658297
-7151275846
-25791657106
-158907694
-9718671920
1112697014
-16780306950
-31522738344
-3840736483554
-17354973769
-5643906993
-8230816517
-5007525477
-23010212330
-7770152395
-11209564658
-5788880379
-19479138880
-10891938911
-23145130087
-27868886880
-2834837719
-3925387716907
-39571050155
-12591555453
470044831
-8985379177
-583908379
-37691340080
-8766180872
-10258762464
-8596010529
-26641741633
1143558829
-14001128097
-34731579920
-8853835929
-22978859857
-4234683181
-29259277138
-17141842706
-14793476920
-14741671088
1913329944
-14833657262
-8655272978
-7707106454
-5268560869
-4635718409
-1158877928
-12338711327
-32830541437
-18533886776
-4350825349
-17906057079
-30021849088
-10872566502
-39232358878
-33947176041
-3658658478
-10337694019
-18925859922
-11709020342
-23119886012
-4190909864
-17074109630
-33245000235
-26616245599
-15989147679
71684804
-35751566890
-7001984476
-99825185586813
-40566491044
-32182797283
-23322459981
-13760598196
-3573502616
-2484880704
-30474961688
-370261921
-21173058804
-15126738101
-22468757346
-24426545251
-1960206329
61015031
-42336095449
-3836252810568
-4885362690
-1551590405
-1284877522
-24916657341
-4838270493
-18285827111
-6368085416
-8280458026
-7820296162
-9142017452
-3920310090
-12115988033
-44786081950
-874922799
-6825901602
-5909939167
-21402720451
-9912823328
-37820175615
-750283301
-1950243241
804499643
-2133790032
-13495679220
-6767111773
-5713545091
-8016564241
-15229399048
-10102906531
-4056716195684
-11210477996
-27826008893
-21320961380
-6286864056
-22226940793
-6111777321
-897427203
-8711854205
-19588621617
-23375656482
-1007497447
-30150084818
-24635953695
-21953139447
-20397814435
-28801314524
-13385052046
-7050406438
F
-5417634128
-17316456989
-281027368
109123142
F
-27559957593
-17556939773
-46500296309
-3777836046484
-907979252
-30208382728
-17699816793
-12912346789
-9940165877
-5898716762
-4811510042
-3867390934
-18244004508
-7117674113
-1401213393
-26778586793
-6540753861
-21900335724
-14726107589
-12145879592
-21465241854
-15519038640
-35892297132
-28949469427
-3765210733068
-22286193574
-209048602
-8748746630
-28580742688
-33843973228
-2582326927
-21275409063
-14205599285
-3732948997
-9338809810
-3854356120623
-13727750940
-43722325333
-3808515834796
-16799500305
-6860115275
-12759299380
-33819240230
-1370383847
-590266250
-8307777989
-6897206581
1848889166
-29335149831
-36707422525
-4744406475
-3908933524872
-39381473352
-3962120493
-18101568836
-28452445601
-6439500342
-11727942812
-18093218929
-15541222517
-12496387349
-39388525688
-26232060715
-6069314673
-10299573173
-21926433574
-257428726
-4947932165
-27307586976
-22366104575
-16748068632
-20165406052
-20250840399
-22518665558
-3861437037620
-13542833429
-6058360693
-44699215024
-12103900194
-881153940
-18652866413
-5178619353
-20424050398
-31450024386
-15447307625
-24747619319
-10579952899
-19138339760
-40599339177
-11902105796
-9095930323
-35411029023
-20762731895
-3983974382
-23105541210
-4506273353
-6637541065
-18544522407
1975301219
-19706951276
-14229671977
-5245001851
-17000264863
-5078702278
-17883473633
-9563655186
557763064
-3317228875
4615965851
-12384551844
-9050541535
-40292183687
-12666774775
-4366596089
-8253945358
-11420806540
-11394536994
-8978790742
-37110819184
334555054
-3399926542
-29710856439
-16294967729
-47493612385
-5551033463
-454861545
-26090129393
-27583401123
2090951444
-5055663499
-7418103540
-15321502588
-2837173575
-20491767142
-3388281587
-13785724535
-9744347355
-11777296856
-7996060760
-15689355920
-32602101114
-18758548876
-3598507509
-17624439075
-4684667687
-10275057027
-30684111871
-6256673972
-299781828
-5865261456
-11263661900
-1149831783
-12138950473
-976123747
-4718489045
-18175483751
-1855542281
-10521121328
-10702555084
-28406014450
-17329325511
-19641397457
-20693121423
-60668634726
-11965087154
-9457142339
-29430453142
-17719866161
-3248203202
-8608732826
-3902840371
-4691880020
-21609331922
-4284524753
-37413928079
-4306857325
-25568391150
-18777284315
-17602384429
-3287307185
-2662454634
-9839906620
-9968100511
-22654729114
-18488364563
-17560262904
-24984687780
-2880877984
-40721136038
-24539437351
-21245551866
-34298256485
-12971314868
-1221221457
-11854868635
-20818259283
-2410169269
-16348411543
-9941927367
-14185065133
-205328919
-49213418112
-13593967743
-18217947045
-3138298367
-24050365892
-13264784555
-4359911131
F
-22831584431
-47123213336
-8183163975
-5841650897
-18941549505
-10951083366
-4701056230
-18132815335
-86443733
-1920410523
-4438182302
-4057796402912
-8789810522
-9850712443
-3928822250096
-38472885553
-15618960131
-9342257850
-19051556106
-15667839521
-3379371318
-31558097443
-8920305920
-3910881557034
-25035352718
-10280655941
-6950028846
-30539507525
2469931880
-11379410449
-10998508782
-4525909586
-22480647078
-18669718901
-12033598937
-12092044815
-7550449693
354035931
-3843104418
-28833342788
-19845695485
-10290448769
-5626566233
-11736458870
-853000248
-10856621070
-32160116266
-9719929238
-20878609243
-2696862137
-6593504344
-12758791857
-23675160477
-1215957962
-7868277318
-7966271638
-31790425011
-3890451660
-28102142538
-3890058525706
-5021926496
-30494308057
-10828730213
-33191649131
-10618892150
-26952405486
-24542641105
-3418547849
-8207696615
158917407
-17081273068
-12846953263
-21208995018
-8571648645
-3539644458
-28742182915
-1928924090
-9616603752
-24211070348
-7596703268
-13118591640
-4406065201
-4153979719054
-7248555853
-17354866308
-1863234936
950840851
-7987238192
-1779930317
-1437749205
-17867686503
-31482587204
-9507686250
-1342562541
-3977331308
-3988637469244
-10199613166
-9835129635
-19467983985
-36189126608
-812393784080
-4160002382286
-10613848121
-6704269625
-34550688891
1196408797
-15523954900
-12636792724
-3885351449560
-20883725198
-14532155009
-2509446356
-34666312549
-31072961225
F
-27230828277
-13301991041
-13645531470
-4095379410
-40287600059
-31413685545
-1154795292
-9706330638
-17583162988
-7383269605
-5045825311
-2783239549
-20458327544
-5091080038
-6959501042
-29530314414
-23743762812
-37999936985
123922229
-19951677787
-23159636773
-16514053461
-18847324804
427345318
-21808037155
-24690654039
-22362155187
-12015423955
-9358631110
-7794823128
-10036995672
-5724060246
-18977087430
-1193547187
-20173985608
-26810969803
-21660987849
-8421139745
-15398746921
-12202973767
-2386307753
-10064509250
-33808129554
970545148
-12459957833
-14830261369
-4592699223
-10735825888
-19939788045
-24961857460
-22759512827
-6356713607
-3791565187
-18806702678
-20272954902
-20500370107
-35328351388
-29505242715
-4363159678
-11751602180
-26204265036
-16878804669
-27546004669
-18451896374
-17221161339
-10981270087
-13469888039
-27484172369
-16489925164
-2594046997
-4495338919
-21555335989
-19425353183
-9868865521
-5515327307
-3837159219
-18623538083
-9643229231
-4200353081
-7579916881
-9619347052
-2501285119
-42664202410
-2468805885
-4114059636117
-6907079046
-9770089892
-9047179158
-3937513938166
5874361803
-23025227087
-4027205679196
-47488016554
-4114926656
-23829973151
-3850668409
-11966082877
-19286786355
-43492300064
-458044981
-7975179621
-38831295371
-4171452464
-6917200802
-9665260474
-7300076773
-6234497739
-2300534229
-44029458299
-3808580082303
-23511514841
-29938887967
-2414889616
-3897998644598
1015525345
-17615342063
-28913190255
-30354033790
-2394093973
-6647796934
-23011126885
-20161023322
-23695028313
-38064071824
-3560741620
-3193904671
-27075868983
-16898645013
-24532172413
-11630282435
-4503199892
-24211034843
-26145089171
-15630662375
14159673
-10943101296
-15036156243
-3925887615887
-8357613916
-506923800
-27369205438
-34603259105
-14671774920
-17246661061
F
-34504372578
-28109685553
-10746951848
-44647474412
-2761902209
-9382242034
-3000037619
-11937010295
-15804654245
-18936748962
-16106619366
-42327271313
-12810594656
-16873505880
-2948446158
-7260106770
-9739393890
-15719491613
-3989794888324
-17401720104
-39002945409
-11397237813
-25213287869
-24188279991
-18709150473
-7919904005
-30544993617
-8879308792
1344854408
-6461384523
-23058793448
-3889523828
-9292033312
-7801773867
-8049381499
-17409694066
-30184295993
-14142507402
-641699486481
-23213843881
-7483543751
2627459992
-17240776070
-22835791358
-36885784587
-4441854718
-4936407476
-28190133519
-5741524160
-19568099925
1015962109
-4078839901431
-19469660349
-7473392705
-451198942
-16331468738
-23135765591
-14910365232
-27043308362
688392030
-18801852500
-32654811025
-7155307423
-23385065896
-6829666646
-1659324384
-17989594134
-20540405193
-3844599691817
-1725938785
-11187119489
-34963113385
7591575257
-4142152442372
-1624980684
-1519217159
-24565764971
-1884151390
-34623853050
-17010474444
1913994999
-14371080531
-8837672694
-16147338287
-13709209891
-23403429613
-6084639088
-20584013926
-820635174
-12879373086
-43272831369
-38072563118
-33111201249
-3899979387941
-372475398
-3990858688571
-1659069871
-4272209070
-10314886224
-3938085938
48296656
-13883880049
-2949327033
-2789742445
-36411815102
-24196284716
-9971530592
-8375926550
-19631408986
-9459381498
-24733674597
-31326340844
-12420233894
-5888181819
-37493269282
-1482661275
-6020094152
-19346054264
-2866956132
-3950203163479
-2540024434
-6920721618
-27795209800
-13684032818
-5701631040
-7014401930
-1562476867
-29893567506
1265512735
-4227396636
-12634390392
-49980899197
-3830672659934
-19417344767
-12483491341
-19944106196
-24567207030
-44679834848
-41024912993
-31745742000
-21998035789
-1584369302
-3806880313
-42535731612
-5792982185
-34485341494
-12479718150
-14182178669
-4454937330
-14214346722
-167015225
-29452862571
98183669
-2386076376
-31067754938
-18394684422
-12513201158
-21909543379
-29869564458
-16245687618
-1924404568
-7387189892
-29829476965
-14914130663
-16001878117
-1383059100
-9020640317
-17908457411
-51158979063
-30675522949
-42541947438
1545386128
-10516460029
-3949409180457
-2268199603
677951910
-2413378258
-13217542255
-4416217094
-11349467056
-820619347
-25586505328
-19451115108
-853975160
-8770331765
-19529393850
-50912589654
-18814065937
-4270918522
-11326407260
806427134
-22822173987
-8467378001
-4029040674151
-45045578703
-30312836941
-3000990730
-12213375735
-2890693380
-344650385
-28200850834
-21212082891
-7938774373
-3141818190
-15281948350
-5194227281
-1985464288
-11420532224
-17587567982
-387359077
-26138813417
-21946791859
-12282836336
-22202373658
-9851525535
-6538937227
-9774245481
-7231574386
-9410529199
-7003430445
-5794161909
-27785571783
-21698449769
-5756300516
-34725115541
-27552095693
-37660503682
-10247292875
-33753740783
-20926756081
-27954810468
-4456585127
-19457447453
-2097941359
-12629140604
-14176130487
-3851549755
-3890873207
-9040274784
-1701756392
-18607693764
-2033636327
-13412482106
-3646360377473
-22162686709
-18508809810
-12364724147
-23175996957
-18563030076
-4123647486
-9292582637
-2045851717
-104238557
-23035388491
-4968283972
-26931096357
-7066216388
-3061295932
-8784151829
-20084029507
-1324649928
-8739574396
-6721391062
-28520421183
-24036336798
-5896088290
-23160669294
-31125483549
-9823207
-4379161483
-3932732698775
-19937408343
-17921682367
-6077403089
-20082399192
-8142422035
1057025363
-14349906683
-5362136429
-4756959439
-3567612875
-4141867713
-4106990894333
-9811175818
-42786849721
-2464005656
-18946825623
-1873526532
-2037360821
-22224322941
-46563492885
270277617
-7489449557
-10421500289
-6258713375
-26233348657
-7396453490
-8645035760
-34236474857
-11934362168
-9268449554
-6082712782
-16532302917
-27126558471
-3874032549314
-8038430424
-17993708995
-6961252430
-26677864701
-7981831454
-36345820035
-13466456909
-30882081601
324797205
-16905282743
-11464384882
-12654131581
-12180293007
-28114376702
-19273999845
-8065532240
-4024545545190
-6383274953
-5833923647
-6811399524
-24239657085
-35971198958
-1471946992
-8639148795
-14311645445
20822493
-15121259676
-23870526374
-3159725540
-3008913724
-19277219202
-21309522468
359589738
-32557594987
169191407
-6192821493
-13808371317
-24171192512
-2765770837
-5284130848
-7236072651
-6477931945
-22243796933
1189163018
-24872307845
-26881444559
-20074935560
-6390296787
36533965
-292481924
-12150241887
-21729174157
-18565232059
-43555323922
-1057613102
-17719196351
-7906290821
-4354687049
-24509957995
-4399701400
-8735409991
-16227184992
-21143809974
-4936837965
-25996857883
-21034231290
-20283548928
-12136651920
-8030285885
-6843331109
-7664680597
-18172433578
-23416961014
-4105897035539
-9344458421
-12493899492
-21989288167
-9269921490
-4580050745
-27493409460
-20099374715
-8710198507
-7510431732
1131326980
-16634007820
-36502130375
-7199219813
-6503247259
-5903798355
-2749597916
-12943783930
-433160705
-652579673
-3751556203
-29162367758
-737297890
-11595930790
-11217293105
-2005533880
-8244726174
-9812905038
-18659352423
-22395508392
-5957140844
-5332268641
-11958949680
-3344046455
-7983035145
-12404588338
-7100740390
-2874534606
1614433722
-121632252
-7042202439
-40385206990
-101212868624855
-15583399271
-17249190597
-9691265191
-2694617661
663584515
-803085899
-5355638091
-30882280760
-1876296955
-19322245633
-38299127887
-8971373215
-10729795883
-19831577137
-21377767860
-17665248559
598327201
738744805
-3923778355
-48258455151
-4696536160
-4037070933458
-6301514668
-1389175956
-23503558234
-45404534294
-8987846035
-455245440751
-27961973077
-24479973542
-32010569471
-15952139726
-18373287444
-12632421182
721209911
-10436205335
-33227282816
-26316139842
-3879294254
-5131783110
-4055163872711
-8593208526
-1804409580
-2019784163
-20461563482
-26732517075
-13801417382
-26368946813
-21356889547
-3809669315205
-1241212407
-22190678474
-9961028080
-8421155845
-23574691151
-11978625510
-19798592831
-49657764907
-3816709015860
-15760077556
-16301494417
-7398632024
-13035721095
-1718204060
-16246817501
-15047107462
-7018858551
-5281593133
-8284426930
-22659522730
-12727214243
-2541570272
-18884981501
-3955947788004
-9834829777
-18208592039
-19665713579
-20876326773
-5528290127
-5652523458
-15138248460
-21956298692
-39263608485
-2414258195
-37675980900
-8573006728
-7259141492
-25433327259
-7903605623
-33135860535
-1562860401
-1690861413
-3902897570138
-28056829100
-25546407139
-11881387652
-27543207438
-35480806013
-6333342660
-10808163649
-3678159804
-2835840965
-4063701400853
-38462786864
-42721021390
-9124442065
-18946233948
-27113137409
1173579146
-19074847019
-15097197421
-4765929816
-26036165621
-25184200088
-39242478079
-22377880561
-6966144164
-19594545733
-7382664134
-21302577941
-27408007621
-24415976399
-6246317599
-654783333
-31707200142
-20394440816
-25297328229
-3914277858231
-5321453257
-35909436384
-20135276605
-12070955865
-34611122743
-21820221271
-12359976881
-5282575652
-15955795722
-24644514826
-31725772328
-1508741473
-27486883393
-36301722665
-13985228299
-31025565159
-12855710840
-4008728698446
-28802803742
-3879244428753
-12339252612
-10614029081
-41201039477
-26820577382
-540745475
-274859808
-4398925902
774139993
-20072144896
3723454586
-2675461131
-24348025862
-24352089221
-9432831104
-11924819469
-33686842221
-13673992118
-9998104182
-5462955435
-9866016496
-14855741348
-2103058284
-5773654322
-1570944293
-10448170727
-16421106861
-2930769760
-23967492413
-8248318020
-5735298674
-18558866964
-3685678639
-647758377
-32628293339
-4685540392
-2976990533
-4627183846
-30463356877
1022228446
24875356
-30046820580
-1209284049
-2343819
-2128080830
-11027420016
-12942637665
-23677821488
-12286298988
-38727518845
-17525164054
-27158094963
1597076160
-8356801655
-11005075738
-11011886915
-9246734634
-1076407798
-5015042598
-6936351480
-5216959081
-24601455640
-12056004029
79791129109
-4780712589
-14469596730
-33387867336
-11479740298
-19463651155
-19557909711
-23230784222
-1405473
-13136624849
-21098279406
-32094080023
-24587915136
-23746140095
-49037630669
-35684246987
-2553635484
-16127362073
-10127309958
-14170062562
F
-9005678961
-4073881572
-24548782733
-10794392088
-2937030277
-3768275488613
-5336381853
-5987247212
1055769674
-22861720035
-9215596838
-3233569040
-37174411987
-14236783837
-31588209127
-20542587717
-3021952090
-3986260603493
-2626893161
-24989349579
-31912805450
-10920126451
-11521655548
-33973218556
-6953965593
-12338982723
F
-28620111231
-6946344068
-18156721414
-22380577075
-3995409895092
-4175084231
-14968923832
-10389762199
-1054185407
-9587880003
-19814417704
-11762571452
-11523055846
-14902835313
-5523785780
-6306277962
-19178370109
-40500771358
-21744173949
-3891758568030
-3806002173
-8429695790
-21618078907
-1510114898
-4782533097
-18208118107
-5488674308
-40122360930
-24137493377
-6187159709
-26622376844
-15814347236
-19202796727
-35991343918
-20979745938
-42432835225
-11248871511
-5405472799
-8319888846
-28302026159
-12870703422
-9567239327
-5182262769
-19565999304
-27569197045
654196152
-13085219605
-13213327719
-13348918752
-13318313046
320815291
-3842532308131
-11087559971
-7929207215
-9041071346
-101804145619297
-7088969957
-14028250984
3212975944
-29822976926
-1845683558
-186061998
-15639251069
-7853831756
-31327292290
-23261599240
-19802221515
-8093818365
-26704048634
-29368119983
-7514684888
-16161916533
-3871990585617
-7593309622
-21824947813
-17029389084
-5938694872
-41641641879
-10698740171
-21903821977
-20506261630
-3622911463
-17797156588
-3210563718
-37559243349
-20716761078
-195712034
-2191717261
-37568415723
-2202767816
-8903907302
-20381999915
-14936746225
-17134909905
-26017413996
-2918153221
-8534078498
-24690889718
2933682578
-25933944755
-1342498593
-26389536510
-2983525901
-4262637581
-9844158115
-12118050959
-13299239897
-19961558542
-3485571942
-8992345366
-1084047121
-9530142718
-24716529282
-16050040099
1968397882
-34371937440
-11212842070
-21109466163
-23135136130
-14435081148
-8062882798
-4012600986
-23571783737
-24746016659
-8298507996
-6573070640
-46384701379
F
-9401136336
-7094296559
-2017536346
228941576
-4880072574
-1918611010
-4233794640
-13265738931
-18518935652
-4552271689
-13014323149
-3923131439207
-21234426081
-39363569241
-7612338456
-3617551216
-8917477450
-6592952582
1118960456
-3987076757962
-14887285019
-16821891476
-2997968341
-20429316052
-5912503969
-28115470936
-25270068413
-30982500673
-39778549417
-9598053739
-4650009733
-4309204654
-1461028932
-11782815008
-34132359522
-25760593167
-4581547718
-2148449002
-12690786645
-31994261613
-11259661170
-3027025489
-2396994366
-12023807571
-3498377841
-19048813858
-9342890637
-27897283875
-24252022527
-18174192987
-3770245690539
-4189683063106
-15742134099
-531055639233
-3858713209338
-707506262
-7366264970
-39861299889
-30169737094
-11628489056
-31052991655
-5129665078
-16970733143
-11162287073
-31266207942
-6870903445
-8163090423
-27520994810
-20668891236
-25436470988
-3535673591
-719417170
-41113630484
-24564302709
-101370079974997
-2092120168
-37032468780
-28980329947
-33297236768
-26540396023
-10444399078
-20590954240
-28704584441
-10223103371
-13475705546
-41367190751
-25410786865
-12996887802
-24921100563
-19756509505
-15967854120
-2337989108
-26104137928
-1600923092
-2026935452
-13828369694
-3997667312791
-3911206029810
-44867766637
843515002
-12497511993
-8136216889
-23719769854
-14965743215
-6731179872
-4681877941
-17073203866
-25320132417
-19997589172
-19640993035
-12442811820
-19945721079
-661515527
-12477409806
-9923936288
-1681287368
-23035754583
-38527907349
-7504422763
802945475
-30120627453
-5275546718
-16748915167
-9086612710
-14545473792
1068786660
-15903461873
-1392631155
-4822574797
-1293221187
-8186245404
-17855615833
-13480240740
-7384463802
-38958421493
-6253984335
-8452490860
-10499936528
-18684201414
-4859508220
-10045323234
-4671619699
-6403408868
-11199741305
-25889285616
-7976186119
-15334096253
-25979511346
-3956835171962
-4914618394
-23565250756
549710234
-3537119706
-5246224016
-26192275615
-17713861835
-3779430014085
-16123114156
-8794545077
-26832258704
-14339882311
-5619662376
3117021571
-6766224182
-6011488374
-10209809349
-15902895144
-17820246267
-18792576729
-3648206634
-17447382860
-14439503528
-6791025867
-112479825
-27638225020
-5568670412
-18164310869
-13769305075
2923268253
-49314454990
-5079285253
-22017904897
-18549036514
-3969957220241
-2794136818
-28781823187
-7318033116
-3952277098
-37646759437
-35472436403
-19497737283
-15147102662
-22748856761
-30815124042
-4117115391168
-697295884944
-3071426149
-36551355044
-5076409344
-13171070376
-27440193843
-5010364954
-66000561
-8283566522
-21367115399
-5378115613
-15210249677
-14788099375
-11237072393
-34148767340
-23985412457
-15525802133
-9316224545
-2334808621
-100861943
-8343655496
-7331049229
-16402980856
-22223770897
-45331848145
-5354273416
-29564375398
-42655542300
-1006531933
-4123380785681
-3148964190
-15605898401
-17821834059
-27122494295
-17830994075
-12504220388
-1057717209
-9981931748
-8135932408
-4187714953
-6007245660
-29245342198
-9163434869
-21109875443
-10828189653
-25999997705
-38303895582
-6081381840
-9392127
-3949794425286
-16279926478
-3752531448
-21199242528
-698111486
-3822996128
-13711393338
-18845114539
-7117883877
-12550196108
-11744935392
-8462499729
-26620846862
-3170261376
-17743681895
-24201806189
-11654802170
-16078770896
-2218077464
-36167946612
-5277713018
-37509857523
-23503986876
-12303912104
-43697863358
-3636156656
F
-43979984261
-3935965949121
-1652640887
-11891883675
-26197826787
-13165731744
-9885793618
-4493279880
-23559244552
-18898924955
-148502389
-3972425408353
-24075793301
-15831878651
-18026663950
-23391891991
-858570522
-5354956499
-23504359913
-1013603888
-70762180
-22453627258
-29329699633
-8363000423
-25426530967
-13165269665
-24974102046
-17908390864
-2136599172
-11263517858
-15239937247
-30662635890
-21679609380
-23476758206
-32143645682
-16517649426
-11834792156
-30213462097
-18416651081
-16666261547
-20592565658
-7547603180
-4604155727
-11706859304
-9826047145
-40528967785
-28739210965
-1911349621
F
-19779000578
-5463569384
-11569054891
-16866315752
-2523732165
-12610362026
-2382445918
-28682298272
-20275076811
-22529009546
-27250811027
-4360912779
-31139265805
2054158457
-6397944052
-29565682557
-12416065683
-7927336422
-18241772038
-14256699251
-11672214782
-26225481294
-6447762537
-5864700900
-9009670091
-31156743933
-5454967027
-19277694328
-21999948053
-7444718842
-3818709829210
-24141358722
-30904137651
-10883931399
-3860300982931
-3760746438382
-7894991763
-13673979369
-5291455237
-456452432
-17741840492
-13580307387
-7599080949
-6490029617
-24876231864
-14399835355
-20456960077
-17920220346
-12871699893
-7103690017
-17150693394
-16021740941
-14444558841
-1388065943
-6253835193
-11504477854
-21652696827
-3681947308172
-18027271913
-1231068867
-12374632936
-4456523029
-15920972378
-23533932773
-3143730906
-5349337055
-1211882680
-3811659287
-10908199093
-11610751946
-19320328126
-13730579122
-8097996707
-12283485144
-20440556354
-41939214183
-4717974619
-19438231589
-10837747741
-19065588218
-20094748802
-7250987023
-6821475956
-32309708718
-22908659717
-36931909603
-5775827507
-11974141081
-10918932564
-20158912979
-370520418
-47271021132
-12389827556
-5780091027
-25879265588
-22501006703
-11879778972
-11138423451
1938523102
-2429981115
-11522093995
-4858220476
-7408883714
-13036559970
-8754976319
-25032671554
-2809087297
-13862166372
-4597718820
-28205394263
-2753752461
-11624494546
-26371872294
-32330732678
-12159041209
-22994890726
-28592005021
-11678123687
-12690319443
-3688073451934
-18499446828
-10217521926
-46395356441
-14899177628
-349261261
-6542214184
-352513134
-55229951876
-29209841966
-5572012324
-3929977545891
-1337168401
-3696624622
-16782439971
-8847741694
-17805850611
-16175182076
-18232108199
-1154617118
-68136915299
-13352419151
-23149496495
-12512604171
-27230052875
-100012648068629
-5879399207
452793508
-7787685552
-4913691577
-35218054305
-55284084141
-11058474809
-19340098937
-5702748955
-3814970336439
-20763026577
-6380230894
-13340020952
-6426152647
-3848229768092
-50123297127
-26489753187
-20388888267
-10325567891
-34938503060
-9272069175
-5711471064
-7339451321
-7758309675
1809587446
-33661600425
-7346999366
-3253065913
-18776028224
-481352507
-6993825365
-15537855189
-2940339506
-11687482068
-9583406287
-23524564516
-29435535585
-6799881299
-3878303299900
-6754450676
-15877592004
-3575433432
-22867664977
1260569081
-24871943995
-260102967
-2638193523
-21314191856
-34131538429
-20854201724
-13722927003
-8351272138
-21193837848
-1585839421
-12266958003
2510620365
-7558135499
-2837809696
-4960561965
-25314207503
-29612533063
-29478165115
-36530916440
-10599460315
-7736850710
-1113911660
-6779935822
208473466
-2011410433
-31186404808
-3890601162524
-17488665941
-5106491925
-29102207956
-20720215004
-188551546
-6487713163
-14347462124
-12101313931
-35981123180
-6890033901
-4318725148
-2112901102
1397169287
-29834499419
-8379559364
-10000803612
-10643875042
-11434883073
-15630716547
-24231845673
-4000449563
-9600961747
-24340283920
-6626263494
-25456002807
196695853
-13071270652
-33435492370
1615850638
-4031646250463
-11402851215
-1019363114
-22879867148
-34906916217
-18675941247
-3756522943
-4664803215
266168450
-9753944520
-985303624
-29132804211
-13293478956
-24886264463
-5489826927
8798008356
-2360709581
-5789206917
-18981482645
-14830690362
-31876615657
-4109471654603
-24992724732
-27341205114
-8606109430
-16407919955
-28323588852
-3145264657
-20637826524
-14931028002
-1836767485
-10704422227
-24207792512
-28868832075
-6081929925
-11963412978
-5720577893
-19181730324
-25705332538
-19092203043
-5955824610
-3363106598
-26670773650
-48753615451
-18434812352
-14759615839
-10462359453
-6329167946
-12452237131
-21116530690
-15327769349
-43133194723
-21138457219
2336360659
-4118125904639
-18993546167
-8292365422
-37267891189
-313526897
-23701672427
-22130441859
-3860679604
-10646805925
-5954077970
-14493602193
-37670601108
-36552457125
-16765407429
-2809413827
-41043414907
-15767178628
-6479285837
-26133116704
-9805282133
-4020096166
-24406637913
-2471153228
-4264550652
-6193974234
-14982178701
-6066267707
-25783880350
-8553433088
-3966293485074
-6208876106
-19340658849
-20026360816
-3834981433345
-36438085677
-9469864040
-4088693939577
-2489783647
-35010191111
-5345747895
-4802008200
-102045552
-40314034518
-14083285497
-33427865043
-9551996413
-19534648197
-1792877617
-1532616297
-889029404
-15681983617
-5815220209
-1740696334
2369662523
-5767971859
-9134930577
-3295917673
-13834720210
-3674594017
-17755475095
-1578493728
-4837281774
-22028919844
-9976180529
-22632414254
-20786548922
-3675997740
-2211295270
-53820753503
-15857892848
-34781127589
-22976786731
-284895004
-33165939684
-34836474240
-36146353553
-25220120298
-16960845056
-21887641152
-5162264655
-9314668710
-25482585761
-10277605334
-1802910111
-37876730406
-1100916554
-2807484781
-4343158558
-3334972404
-8602777863
-34941790844
-31750440024
-17016962091
-7978618574
-453602215
-10886614546
-31877939610
-25860273000
-17019409570
-644497401
-28731673443
-10301281700
-16036337418
-6818145000
-16778741466
-3880792165304
-10179167556
-2580498662
-4485782757
-3126631566
-17822146227
-32694348556
-4710064858
-8225396701
-23838713971
-28003625538
-5476795875
-2731279672
-4384422200
-18276116716
-3738175036003
-442838074
-1346079928
-20035281510
-16156981430
-36469449841
-16313359955
-17492150790
-8141165790
-14883909790
-9385845361
-16146622327
-20899458995
-36293909336
-7827861868
431736062
-20119609310
-44611132425
-19635309033
-16726868448
-17216335165
-12139927195
-12266148086
-15078770144
-37790335571
-24316767796
-17274195112
-7334926186
-24130542781
2605870603
-15113470513
-47004582800
-31931147113
-11962919854
-3899133549759
-1811146294
-12971436703
-26759927279
-20938422442
-28017057253
F
-9923467929
F
-12393586718
-26817130697
-5410385980
-19758754369
-22385110336
-3699094155
-7869499554
-30966540405
-3842685318858
-16940195378
-24373049136
-45279666969
-20186930057
-8298923094
-9210115833
-17357033186
-23117141980
-7668625834
-14302755991
-1498770848
-39519118447
-18361224871
-5917707901
-21722645593
-3981932230420
-36786194679
-8608197797
-30673230920
-26701075886
-33330963704
-19086433398
-3587342995
1926313512
-21803684751
-4008049675775
-18619426398
-32488547694
-19599393763
-7681950942
429010615
-7347110355
-2123855594
-18419790623
-6689634317
-11252591693
-13671272696
-19136230618
-15527139523
-16610916209
-7748514615
-5789169152
631662412
-34579544766
-4906427627
-43512978015
-9516530088
-13428483050
-4060337181
-27378631705
-3899073065540
-33871463215
-9986181183
-6986918506
-29317819857
-16097390209
-19825459378
-6320741114
-17522868791
-43340070676
-15775359484
-15657809595
-9197859125
-19484387684
-13816619481
-14918695724
-26206319866
-37076526742
-11610106815
-21535555018
-6652714811
-6461743915
-931425723
-20405253632
-13448914248
-6313305899
-7022378484
-11893928761
-1513932442
-23256433181
-11079397652
-3821290696605
-3882618568
-19208616719
-1988968437
-7798837511
-7923930207
-9101474772
-19281436868
-16383076474
-5819957413
-16608176423
-32736315768
-25092069849
-7548265577
-3200461744
-13311178638
-4049672336097
-16236103866
-2860483170
-2928688840
-39705951553
-6273921487
5175802718
-14831138782
-557367594
-9230891406
-3204729069
-29391299924
-23292306123
-4381186595
-12879970294
-13218153318
-10867444541
-30481135590
-17024297854
-27342811472
-26936174335
-7176424066
-23285454897
-8422968041
-3830983635195
-32438160033
-2757471045
-13314271113
-8496837767
-43410982974
-2067975843
-8879954558
-30529551091
-5744383902
-11440430283
-7873441968
-17928171604
-16878529047
-25315938327
-9172862481
-8768720599
-50902206558
-3689610723652
-5568398105
-19474442231
-10862320221
-8278170649
-11412013433
-871153243
-3261652071
-20436182736
-6858984856
-5086244493
-20488096748
-21619276522
-34484871360
-9731656063
-11916525400
-19191419062
-8119160469
-9901142651
-3855009036440
-11065764207
-8083344851
-10531015040
-28344859486
-18663442305
-15353983805
-12118185937
-9517853611
-3697662938447
-16424515752
-13134242507
F
-28501798319
-16214627159
-30302124718
-11592308331
-45411436980
1951736300
-30015120613
-12970028811
-3931675730599
-25957957354
-4096353581
-14367448270
-35401267615
-7245775656
-28788681609
-35723734964
-10730589852
-25590907848
-6087543070
-1743041726
-1998066748
-3868774510514
-35866346861
-2336617400
-48048934347
-672550260300
-9357734291
-18361901823
-20105548374
-12267578574
-1809746124
-13367996882
-968755129
-13562649733
-2278339350
-6486620813
-25556217511
-2066469706
-8354670745
-13967071438
-7087538801
-24293367883
F
-36591700184
-2821904310
-7850023156
-12690386750
-39667498762
-8208609918
-12110457069
-3723328685
-2971735253
-11680432468
-17594583464
-26030203792
-24642924860
-31394718557
-18461617803
-14763101532
-12884992330
-15652019693
-40423185670
-23905000183
-3944690482593
1459231441
-1347190956
-15524638138
-25309164578
-11064443393
-8078940004
-11075589861
-7334844124
-25855310364
-5135380544
-3897651238929
-6932595723
-3616598608
-9246565679
-23778226096
-3360798428
-23085891242
-32436599103
-11498402783
F
-21267688770
-41056853332
-17602319014
-3601378065
-30738988159
-32508465278
-42973558480
856867539
-22600792745
-4049911314
1517096321
-3900914766116
-15979740517
-3791787162
-6106844320
-25167163302
-8914520516
-1707571959
-7712952817
-16529832739
-7820468797
-19491793901
-239097209
-14779550302
-3979504340584
-18783850396
-17575254369
-8551385182
-12868836455
-21097634551
-247344435
-32160522158
-6548254823
-557129698
-28306710355
-25286201564
F
-30524445858
3046632834
-1134798023
F
-17069988742
-8222777142
-24819150143
-18783887462
-334476063
-2486808961
-507230378
-6334522757
-5166749202
-11826530671
-34602780121
-6947836284
-16338237279
-21227115911
-27520093229
-10074569191
-5327038717
-22026273639
-13107036948
-13136175270
-10336545207
-2705810164
-3765932955409
-2139563580
-35416893914
-3399779065
-32070142305
-597959458
-14526229176
-13767868478
-25243292683
-8220828772
-26014293790
-18810937404
184814318
-28396650861
-23925037589
-10314882068
-26667524785
-566889337
-26397554392
-32772026395
-4714626916
-16345654698
-11746456484
-17739470171
-25304429026
98222056
-22613157777
-5455778353
-21624185534
-18151141160
-13063035578
