203979053899
121688688010
135924842723
20117427285
222505809403
191014230692
204005486609
104543520395
74253437803
426961709317
174640375472
38643220593
42015029520
222620461564
13867225079
41018427291
12372790475
13506942112
116801205195
72086726330
25369264533
59847581244
92281679949
20604179587
93855451268
206041266671
174380867441
79081934522
135377993230
22007340761
99625123091
143536326719
951964708
33240318958
45064194370
49287887702
141756202124
85737190069
63195364973
28280302256
241190818870
168940019846
52572941882
34978757513
71320106866
334500253895
40071464660
39531302682
76648383231
43042683145
