66606045624
31591160124
28335447831
99763890060
125045328170
14817482027
241336166201
36727477257
183955630011
360400153896
3252920970
80200634054
20945328006
113379894364
43685231850
86773801502
124055322659
190775337625
78454006503
68582744486
33330796344
119406417116
67934310087
98484719602
47724915710
130580737304
11906668757
60080999826
72346849118
198674855508
186416498450
14325349506
153547574521
16834941514
172066092890
121981644655
94562176087
7075425786
18039308367
63739260702
16340160597
58297538226
11311891147
54458557045
57024996741
92428545095
81558238115
81645088325
66753700086
248916450463
