2161202759
5331679641
5381011925
8212157938
470681425
195457374
-157897810
723842104
44279962
-74677911
-622804308
-745036996
2121356568
2990882933
2533544970
2605060191
6922255918
-826653484
856221085
12872482331
644708044
19012992
-1014382234
1030034232
-999908635
1778301645
2154760577
780649000
2250995506
-2422709408
978511866
2194779585
-863726001
1177703258
2236314773
-140018752
-3212972097
-343959032
1730203626
-4480095435
1003862785
151443653
-3535399775
-13694158682
2635840267
1458391420
1679436093
-29783227802
-9396518188
1357993894
1865059104
13013507657
5925768584
1253932974
4689626153
4669566335
2668942736
253118061
-487887027
1206671796
-1749470473
-2011982353
1866139864
-1498049321
-12409965762
803508933
1441923923
424106066
221458440
-1021035080
3469905485
-2346162433
1765311731
3147889411
-2194377767
-17600735706
1592975744
-81805503
746073324
26305410
482706761
-2203107067
2348295720
6485725502
1724635909
1160388661
-966709359
1110451640
3025791574
3919738265
-42005565939
656383023
2606317129
622787964
1064181606
60683925599
1303678655
5412009924
8795966826
1395649086
-659387853
-129572814
2141688779
1269899892
2969777540
43806287450
2199904333
1047920600
-219042336
-516276729
1896512198
60767685
1290406230
-1601840907
-24032703154
-7398150484
2710532352
-4895550633
3772039341
1161404002
-18168657507
-2119172054
-1170632771
1579979411
1277389595
-11476294875
-1399954338
1007183435
2717541314
732153491
2982489226
1494947944
-6214813227
-528751291
1819606357
-57853774211
1339968364
1335583653
1507444905
1200421098
412207720
3023472276
2628192791
874593795
-2378059488
3415905320
3344507120
-462456953
-634951211
1611203233
1761959471
1147235873
-734781348
-3242892283
958522962
1615931373
2218076842
2044167621
-5484666061
1106919980
-250366080
-318561750
1760276014
-130516889
569264067
2176758290
-743754990
-2293027653
-1308375315
1204910030
-24465946212
-3971139653286
-278166622556
154451910
2740161694
1947155028
66075391
553411960
3975268753
1785281066
320369180
1809627598
-452720976
1107910235
1807063950
-213065704
6487059191
2190922699
3424012772
-872604757
-524040450
1964298023
-545881005
8335003464
-3927437820745
-155996500
408595408
1630491993
331828990
1748246249
937323127
1120276720
1671604091
-5153634471
-2798078279
-19926484
-212867440
1799624221
-111576117
4894072288
-4737146500
1022326512
2104468708
291253296
630270156
1316095143
-833112798
1192342269
-1207126227
-246851131
2793624940
6192716671
740696162
-569551743
319262407
-4003638899
2061914404
2272719985
179463340
1895389337
2037538742
1039691323
-3239564324
2861933212
670596667
-73389731
151395658
1907334429
1687478655
8270150471
215574134
22533496
-200981304
1845980702
5133843319
862484512
4598439544
1527024470
-11154147603
2738740376
-1916531047
2164395517
2667706197
2677441420
308711742
-1058177870
-1099418199
1603999657
-570158437
5759878206
1958540915
3473282014
578700388
-24140711
-14593896321
2794562753
-141224122
444855332
1436636777
995313500
2570239147
-10334362390
1259581259
1402767558
2561176448
2095693906
7931465951
608091076
5529655219
-3122428727
3451820939
3152574803
-769480670
2662695280
1815938230
1959114427
-1746731352
869392754
-299485700
-291372136
3879408802
1366186211
2724003200
9872265430
3648021612
6855839651
-2609227670
-33104085260
-1958133706
2225704533
-3187660459
1837551502
1401188020
-1265345900
724221199
-550632343
2521783810
1017220703
3487392819
2054623207
1315672080
-4003269542552
2400781370
111092375
905114833
1467928341
-253059202
-1657905144
-178597874
-1532913174
1687367687
5120347081
-1121868461
2187862295
-2471358460
2435777646
1223104798
1886682252
2526732016
-6849726757
1996497024
736313495
-815220901
635516088
3969394470
525104683
753185863
-10321815737
-609208492
-56864047
-24872055177
-338142939
-222037344
274167727
1472651279
-2948137813
1293401315
-2654945878
6028896429
2820310430
-14990532257
1577637317
2177107699
-4268731709
1124278338
-8571683674
-73763776
-142492303
203280574
1996693101
473957539
2260303701
-14596782810
7975112558
22598646041
2704554583
-2295273026
734510854
-1078818301
-4093295560786
1201385313
8234328044
-25579394164
243255295
-15303919121
-149303862
2274567962
-898263776
-14734211524
-16109746125
3585848024
-155913628
1366083466
2880007291
-825798257
385060418
1505798944
743201728
-188959201
-58849689
5938344504
-189893320
3021160147
-1992594398
12132406572
3797338659
3010220235
220020269
2187223335
2296633088
-433117872
-231612898
-363906255
-1112089279
889942073
-2121181829
-16625323851
-1116508103
3354465855
1335935901
-446361022
-180692428
380960186
3099820247
-12564111343
-1206161694
678392027
652700970
1309378607
1030477812
-2118181851
-380183333
2113337911
2657761174
2057379538
-3498066930
1459480249
999236719
651369863
2896803331
2033373621
206282167
1947357394
697607046
2141081537
2368689631
3119451322
1281285556
893155019
-957621357
1090522404
1178171531
8861456698
2143381390
2514310333
-819193091
-1127713229
1879159185
2878740287
2995255913
2287264313
-25972827033
-172457625
6878289703
-197914708
-8214695005
-671347777
704213527
2017976860
1354755643
-5555322271
-851110033
11990783912
1818929283
2672957250
1945026532
-3763308018
4046837653
849663301
-1109216833
-1088482652
1120779486
2974201583
42873405
2812987460
2399860048
452715414
-3438093662
3521228172
2648275514
-3019707941
407421570
-257924715
2111917496
-60937328
558432819
1512990277
928261047
327623043
-1420559322
8126360657
1856787574
-7895546802
-48332572
7114956989
1898773094
698663129
28833822975
2419954695
3233022527
463539939
2644250417
-24445382482
-262833782
3648096595
-2268375183
181295449
-674299451
1390907996
5291288875
253631450
849337544
-276465178
-1845297134
-2634871372
2237420245
1400873423
2504949059
2198212866
-1712267555
1925890715
-2518467185
4285109796
-1975769786
4165747825
-18888970262
-8131010552
2532262620
650834332
1822225471
1435170842
1336905722
4982127362
-98462471
736135016
3384123536
1079245859
1296777107
1948123719
-14993977272
2691222815
-957801616
2890265717
-1260119262
8679051818
3330125608
1524123709
3364399111
2163323799
1542819778
-6942465864
881868281
2652353120
2346706467
-12293976797
-26548423195
-1888934609
-6046170011
-1841746646
1187669803
4271978826
-943715905
1329792717
-1221630857
2415170115
1690445446
42261325443
57869238
1343788061
581919094
835396761
2760681431
443811674
-6730496914
3245383232
1261566594
4037392918
1612170982
2233828832
1875780652
-977140565
-765520320
-94834534
2205429185
-23974854507
3079356672
1261638284
3118917401
-123467863
-307496871
1639507109
3776370641
1622488017
4031580416
1122010220
-1440860466
4620435582
-1961984042
-40990246589
-95524575
-917110226
2745892270
3245600318
-1472325803
1019046652
2267138222
7036010829
2714098418
777073946
1927322488
401788299
6895053215
2377170362
2123339881
-380121419
1886753941
-13494640967
23198122278
2156141133
-250131897
616525048
-1795924960
-705928391
-29917872560
53522310042
-1404453803
-6677714058
1319416217
15468855622
-8379274805
-52318386
-7257633869
8218950977
2911785398
-301277284
2768137567
5717251799
-7454018034
352207477
-7918951934
-1582867814
1824493675
-105209872
6050050735
410381768
1397604139
4329913588
1996760239
6673054921
-323700463
-2366168276
-453455428
5150661345
2205621886
-43207262677
1183095220
1053253647
4884726757
-2434269292
2909021299
3390234978
1805118616
-59749672
1459081716
2167187379
13419830260
962281141
3710648311
2613805629
-70990768
1045282899
1459472290
-6475962249
1045848683
443509287
-11662601908
1490155313
-27245128884
-8741470687
40043816127
-1135862679
1057074336
-3025381301
2182758516
1944910873
790960870
1402646134
4492555213
2379614624
1672167919
-10758116730
2472093150
1097234590
1649980183
3260898147
-729979613
526669464
2335510997
-7163407548
802408203
2869860595
-1117219160
2299031063
2571578950
911378166406
2541243361
1644556078
1402004774
2116757735
1024685023
-18586805987
-695260447
3634537767
-1445307312
-2289846039
-244343581
2500288610
869628697
1407881827
6030992487
2417221763
1334292369
735910345
381180826
4077353657
-1302089404
-31067912742
4602728678
2899022857
4755594801
1199527907
1321445898
713392889
-892533526
-9732540652
3770501979
-102541426
10192959183
700194438
-805409765
-11037288902
-259773283
1706978422
999000856
-2316686222
-298932807
424537892
700555964
2952694174
690354963
-593417628
1762039335
2335037568
-444731185
-868809998
-21501812
-1094238102
1631383148
3434481222
-21409354444
897159228
761734928
-6491580156
2227302731
5698069882
1069917165
2032308536
-922707859
995103189
-619793722
1714495302
2470601137
1576389728
-21356588446
-2019188397
224554605
4411048465
1348055380
-15119892675
59786724105
-499712523
-2393194062
1755154383
-1275957470
2495660235
-520853790
3314851483
-27341902746
2808302005
1393070500
3458236799
390649185
3356192304
198752643
3091683175
323127028
616190611
613360306
-276248641
2231655964
360747529
2753696928
-8509580380
-826463372
5410497582
3787484182
-331772671
387695512
1120269211
1421799222
674509118
2318491160
1869122566
444118805
723886058
-794824092
4482878738
1907976825
1077795878
10163008040
-503485271
3869247260
-2263256076
5427822040
-164152745
1929688708
2739858186
-4255534477
-122231317
-32078157799
2476417253
3154262293
-34066026471
1281758306
3934032104
-902662851
-1548949099
73313278
-8445846949
1406510730
2386861185
905111043
-220097463
-308094843
-913162483
1587435324
-3532696812
5257733210
386007864
1575576158
-2532132168
3705153280
-9376522131
2436104091
788171541
-2404855591
604558524
2198201648
1044491995
1166601801
1371922245
-220617406
200571391
-736429902
993261056558
2011708699
440934116
1287395295
-21017461646
-319093659
-377722854
-31345785866
2612047667
-31655945
-117841725
1470908262
787930210
4056449919
-17743733372
821777123
-745728181014
1297303172
3062055611
424255245
92587888
632590581
1483632776
-27454216641
756828430
2803590133
-1700784494
-13088290876
1308065118
4028772116
3287878010
1490403621
-399551149
705981891
811424358
961652148
802277335
1893776037
2167121877
2158971614
156340462
235269112
993861581
1650912622
1267513014
-40141293
1849163687
-400508611
-1613589875
554700994
-570608850
1806459229
427744810
-1385129546
-6024699037
-1042453779
-8899302087
-1231423719
-1718547689
1146747542
391914582
-15288585256
-388597754
550714842
-886165937
2279624115
1500685266
5239717736
130614699
-2323145231
-444496314
1050071549
2274762844
3003319606
1401537272
-297972597
395456024
997104509
1390211400
-4073025991
4184093522
-728475721
-608238249
780334344
-949199204
-419373341
4441518957
-7817006149
24820051675
824136242
833844810
4086275275
-1438193636
-22354424427
-36925156
1956702235
529171648
199529220
-6555838789
-4550210847
905356056
826423543
287613459
186277486
-795416208
-896729797
186322274
2308043130
3656217177
3805131116
1401524750
1334301968
-93985882
915261431
-128433858
-1560688419
-177082983
3524110009
-1830612421
-24559795219
2305801570
-8260745690
-785002477
635560729
161041470
-568719765
-127447348
551030553
1247595302
4016381775
-1675939910
-1555202076
1486586334
534505867
2162775107
-43349273618
-1838214681
3567443944
4932537625
-23513591302
-22008762750
3152428240
379874198
1491350504
5878795
4037550748
404659255
1067548234
3038351574
49612042
235933115
-211255681
1481982606
1068047423
-395837861
760334498
3202991456
2237459683
2192594415
322921583
-1007894829
581858027
-223196165
1545403431
-280348279
3053315357
-1279254078
278461958
1913169855
1213482328
273231766
-2858414767
1382515067
-650608811
895912686
3691567384
-1182408105
-229220542
-273875336
1837316069
-7039029105
-2099496762
-261688762
2250365849
1776231524
1284256923
2315735537
-306105610
666482022
17789648769
2583546717
-468171719
3246034796
-1097294687
257555412
1040510114
-822830474
-969744578
2675325198
-2610502847
560212866
612412511
2495274265
882635176
1400639513
-3865517871
-608468944
1425297317
1007955322
2998955506
2525900165
1075150448
-23839046610
159607479
-1266388247
1390719996
-2281533422
-95769836
2656603407
607109268
-2535615959
1296336679
-23534805
47474993
3688276394
3757121130
1846212011
2109500902
-181785378
497645102
2046458227
3844190471
1074493055
4119115862
-1154075987
2865189916
-1967477819
394381077
-2137115547
882966887
2443920200
2253362333
-1936606750
4784039246
15104312537
6032286506
-56552490
-4030598149
-3522453974
-70276140
-5649940401
2890543179
1750417516
314554757
1007002632
2567774670
-495660572
1245427790
576075034
-485467810
1106130103
-1096898602
1638433294
-2383056954
2610970809
1111458106
358289240
-261931047
-1106620582
1505492089
546839167
512829249
285127318
2679125086
-95475081
-11584120704
2497155029
-627826817
581168301
264957295
2226420314
2604700729
1922882249
1593342410
1784178372
1668546700
1329446354
2165701641
-45152392165
-148084057
600473704
-16351887089
6181281702
-1619393812
641558395
514307146
-295195813
2904261820
1769772288
-2683610288
3864646628
2841209292
-29744789534
924201429
1407287558
3888910146
158323158
1400342049
1002033214
-425521534
610923650
1511955459
1426482946
1995706202
2383376036
1496643694
2184994130
-3914170692
-355697482
1679569433
141408486
1446746897
3755447180
-1652922967
34080829
-1269216891
944789027
8102516630
4042632406
2222707708
15641223974
5685700921
-541545889
-7321757909
-998879365
3461399438
3122130200
-331080475
1020855987
2737657814
-7104660529
1958291972
2955228947
1444195731
2499642611
-1204262644
-7598685961
1681480339
2685302249
1768120767
2038665077
-3634507030
-119178331
-2717993416
1820156047
1364657480
1468344614
1051614725
1069528273
722410128
458295378
-2807058534
1054291045
2977220453
1625392205
-541862631
-23460095973
-2564380722
2864132212
2379774321
1302958356
-1227854077
413265916
3199615497
628588973
80833587
3183504923
810411252
195392482
2227660002
-2081437627
857457293
-1087750559
-24567651371
3344169180
-6972673156
12710393273
1716632819
1244415950
1173396164
1726265091
-768179169
3876120193
522514221
-722235635
-373738215
1881292440
-12968890615
2733854316
-516181508
-408386591
690027018
2881403285
6201488585
-559588832
6483098142
-625423405
-560294015
1115659996
996616942
3580451238
-21153298924
-523802684
1133132040
-16929692
3348988917
370765871
-364040450
314351052
360593323
-4879724117
2691496093
2124571507
2013071233
1784986858
3885647418
2319584698
361631183
11092725885
-43092975
54326264
-15607970259
12609412297
2184080437
104741343
-12688477198
2159388774
3882688240
-2068271614
1061746386
-727009094
2704525065
2044444435
3967023813
-3771145428
-500640415
34552895138
461795465
4430296855
1808483272
1855934896
-2349058938
-240008184
-1179320116
1682246420
-13576454777
1716374274
2632208567
2180505640
-1264120480
-12116995
2218641854
3834035066
-1714737936
-1268254623
1624560278
4780216191
-1871816142
-16441970
1897988736
109553222
-37384666
-3165082417
-1155833675
2046556550
-359184247
-982041564
-9324643636
1220375033
-15779560928
-3207910744
183401099
-2125107364
2175593637
-25602155
1318534333
-40404833058
2065857609
-84004634
606300494
615559603
2278230152
-74346010
1486533913
2170315691
4226566379
2578639525
1239496709
4891397726
-12986902021
-488785445
-3755244994
1271018431
4601502745
-498898346
-2414175225
826716874
-227914592
3787240363
3169632165
665937202
1563456183
3748425881
2626814865
3180487540
16185929837
1093058188
4478569799
-410852500
-2286443914
1714498758
1351039543
-465852380
-490647806
1605425073
4325205224
4332985481
8149949379
2588568793
216225191
-649256944
196259761
2436763781
-27478752370
2180014576
1460983992
2281237616
-1391607063
-41809222885
-281377855
343348163
2130285314
1255817292
1114342574
1667671309
1152542473
-1321911241
-3305266578
-1186711868
-421138001
1379908604
-35154957477
347171967
3243618408
4544726888
-1786397634
-38663878
1150806496
-94858978
4881441723
1589758066
-2073766837
3318042612
2428167580
1150283392
2396552655
388562077
-17809205105
3242478407
-1545993692
3813535966
4289993341
-3784291025
-670206743
-431639020
1107265850
-2005622245
-379405539
-484572158
1253581513
120197783
1147705949
2720941179
1296217446
-215466544
-10356682199
1970815684
3127840731
1882981129
1940060204
-141584492
3320532052
991535472
-4921002076
-1439632870
2732128269
1134298436
-7486917501
994387152
1844516517
906006821
1637150295
-6841142167
3340273323
-279653639
4084216982
892320299
2379732189
-1390739356
1926973265
-442386749
1509836810
707729433
619039324
1164452833
2083097495
1844196443
-1789345776
2938821926
2174645620
-1591711953
4895261981
-1140411900
-775696604
321546434
-4065023697
3863559261
2364282344
-340882411
-4264442657
1455510252
-18847999620
2347674814
728478270
240039454
-25772592794
-460848326
1339955209
298118393
1307920159
2694051049
-26361827011
73843985145
183382243
-127000864
183595556
3293696667
892301868
-713396356
952254688
-1187048527
3705818054
959484216
-34044700878
2164065837
1686027887
-19897716879
3755991116
-32755626045
-61078415
210314196
-1205673331
-790945276
-4917832469
1949954064
-86698234
1886491421
1343848971
2465466021
-13618462018
2630430077
-1761291059
-312059979
3025300908
1509195693
825239606
4204067725
-484587705
3947837936
-582680678
1305909619
2409412776
2023614579
-228925255
3323441230
-86196702
2588375279
-1381003863
1690521839
-11822815452
-122805290
1489313487
4471211245
901445892769
5310276634
-6142463906
503269391
-10519702
-3124860927
597622941
1304361541
1861235633
2066111274
2426976537
-1240089690
-1305803050
-10130567508
-2005502716
401588906
524955197
727038448
2632236447
-253649510
-345850427
-20010745027
11258169935
1497300079
407993517
3012930954
1957331551
1502118396
-246542284
-339985530
5772750557
2151989833
-675265415
40601530
1947516949
4482962119
-3510348356
1044317537
-546115792
6214715298
1792760861
16010833872
4933370920
786179878
2258629360
-29085637591
194516576
2604906799
2309204504
2394504944
-888369021
-23687317260
-6276755844
375113062
-17036467918
1304420729
1728650817
-11265952429
2321866707
4195389973
-5726971237
-2217132365
2219081290
3745007795
-1509300647
-451883806
2597489270
-3532105
-1280334887
-11034704269
-394085166
36930436916
-1182451512
256386810
736673685
-589514886
-10976053126
1504632952
1413536542
3533294140
579495465
716126935
2299602325
2451231657
302567943
-8879554375
2636404208
3061826215
1571157806
3666849448
-17408193
3957297879
2303945204
1218617685
2332272522
3087742665
1112924696
2184804660
3329037296
683824253
1396875018
582390285
-3544307102
-392297738
1392170386
-1046454376
3049467676
1344307213
1127022533
3755965754
-1910355170
373831761
-205535262
1236873306
1911428249
505125151
5295331126
1174284278
502141226
2465950485
402553203
1604244378
556077564
-2027143517
2972658712
2368984814
-169141361
2895903739
998687048
1875480808
-14383613539
852168133
-4428542049
2095514242
848147052
1106134933
469859643
2390916840
958087381
1935766840
-21720990982
7696900364
2956470173
-78433810
1530546301
-3464585361
2676162690
329573806
-648176597
6315429998
-3906680863
-2243870245
-6329207825
-395144908
4408976371
-72017150
-466132174
-1509568180
2273012147
-2329150504
1837797864
113343111
-15767725825
-1416960103
4184057759
1815428733
1342302920
-1396888350
789145958
6598578159
-2451247876
-692724617
-388887367
-1410036066
1978011703
-3354346591
2303247783
1272922660
837917383
-1342303044
1632330274
-2579970207
177600614
2194768557
-1708743157
142169043
-3907203907
106646188
-4609719634
-494895644
5351714803
-80678081
2323137205
1935606282
-157989911
-920277131
851832643
1529516159
1840235734
-5829773528
-1981838750
-5153554187
-4582292041
2828549763
538561081
-1750967021
1418330993
-1735873736
-1588981280
1950451080
1882242410
-1586497870
-679580288
659512031
2304074690
962122501
469062819
4197201006
650711927
862630870
682800915
362746447
-331419717
-20843002
-22017355893
7499835781
-1270779774
-847996
6208972317
1737121298
-367141049
2421459251
863381004
800925081
66344171
4253405815
2248694259
3448560867
1183129120
-58018881
2243314773
-43550261
-249908936
1889830707
255743331
370201046
-390297055
359726026
-491099255
4077269713
2216975912
945598397
27753896663
3135604495
1036359653
5624536968
7602114727
1770232977
4766910222
-521624918
2389905267
53762284
-801756905
-2941425313
-159002389
-158305195
520377201
-478841612
2244571463
2327318284
652374430
-4470556531
5441654666
1857516670
5587379031
9451508254
2624847782
1419370687
-516719974
5642003823
1246783959
647909003
259946284
3071651432
1931313212
5633680957
1891796368
-25948706200
562620676
1476403784
314588857
2609973748
170087432
-3099156539
1952609222
-2078819781
654334660
1004410968
1168901728
250913512
-966209419
1733058571
1486953216
2029560875
-3370448201
2718813170
2070755687
1206032175
-352580080
-815825074
-6858562910
816130844
1568461406
1829770508
2552689423
-4728590180
-34473932729
1721696505
860927806
612430365
125075967
-1843913246
1236293982
2157971117
-571301354
4057992250
3527710013
2315773121
622275310
5637018455
-1826708963
1682683233
-2850193463
1362937175
807901442
-393113391
-3675951334
-2339205873
-39886936
2488281251
2363824654
4242725079
874765581
1440923899
5750404944
2139500176
1282628961
-13791456198
2783438182
-3182663344
268466416
1510408165
275184476
763880364
42025648
973382952
-2481520307
973539026
529741480
-11821087667
1189874428
3335449559
-828549373
2809949950
1214046399
501544907
-15374459889
-600446625
1858313952
1637125149
1830558915
-60805551
1498033876
1999545866
2056296381
2075603045
1113369230
-19070299482
-23862989132
-4279663133
4448105539
309907539
1093976336
-5058044385
1709319176
467588469
563283605
3708169855
-175537262
1645983223
1685347169
-454997120
1502699046
2094062310
-5738572356
-69693479
3704928878
-866813940
-1833389532
913124337
5606072621
-1035462609
1372079488
1243902573
844372583
1149363877
4473691787
7206055566
-14517839055
551439790
639521572
516748889
3995941154
-903593519
1301375430
-381577109
-58007615
979237056
-2268699890
-807959374
3313219363
763376809
2020331564
1795054074
3566413759
570812930
1637241073
-4202398621
2607388613
1264163407
-28407972669
2411057576
-820748266
2854626051
2355705179
554214191
-1545560935
2336991476
531704359
-16464653664
695807421
1377061262
-563506814
2108553710
731627290
4120474127
-9902327136
-22542073411
-277210408
1262779853
3959550312
476860154
3110928651
1554885190
1920956301
-6685057043
-340210
3545980136
-3097103313
1452249579
1184806527
3331298461
1236878030
-410240869
3275407952
3210489409
-841734757
-244054871
-2788448448
-1563403687
1381794260
1872043835
1066205783
538144912
841902081
485040478
-448083075
553416142
2122460549
2257382138
-12547920891
-235807729
921352951
2649540311
1677569284
208645359
1504123475
1368114111
-14612623779
-618223980
3195291769
-47319811
2320428583
3030217622
-418255472
4562546871
-732867801
1949266793
3564503358
2655513837
1248503602
-1125751238
449365275
-842278694
345863317
100761787
2154648079
164936121
2212768522
1115445106
159677820
-2451855223
1592824712
-1889750391
-17864469554
1575279896
-4350175347
1863872030
-306737453
-2256193300
1362313357
1868911558
-225709203
-1396507091
882569418
845192029
1530139749
445835137
1030872795
1315446933
713237805
2973224637
1560243973
794582861
5130649941
925102616
2640041242
1334748581
1536066175
-504229662
-449343350
2712500989
2018729009
1093874151
4202177528
-754896183
-9073994980
170247354
-2179107358
-1084044985
-1666214515
1001343351
770311531
1153333710
-389080620
-1281286971
1142428163
-347688011
955889425
-65914428
1140992961
-1684293564
3491577011
1374882884
1540051840
2864385691
-3031210494
785748767
543710382
2178297914
274947420
1743221941
3161094473
1324366760
-1409203164
21987652480
2200530447
1858760620
-364358576
599165467
1678479294
448475103
-927046262
-991757892
-408246519
-39216927776
-17291189611
1377168889
1799835629
2858593325
-1571711495
536415133
-1899769370
-145737423
1301370327
-26613390330
2119455274
-72478278
2510369659
746117852
-704302483
4022194830
387683964
1166448024
7351481901
1500707801
-35867932870
-2074774598
2854867844
-812945467
1163923704
2591887767
2215035713
-13222373640
2577650183
14359806666
2339862065
1879203723
1659682470
2594552884
2254639469
-534662600
4044100809
2623822997
1388697696
5135042531
-3052471535
2960562029
-1303347379
1254270931
1964312611
2046576106
-8629822239
3317515615
1222923777
-2770685232
-814267879
2187179812
-6826883170
3797189042
-158328211
1609008044
202216018
-12430333990
-29999766069
-2155927030
994335214
456708158
1140104508
-20134585379
11292188086
398680680
-626841093
774241001
816530424
-1677904176
1601423237
225501168
898845079
-1154708215
-1118097979
-452210836
613574218
2289393362
-1498735256
-2615577786
2001290637
1214660835
4875157869
773100820
374707387
1990483447
-92338573
2184490213
24302881
3558534203
1566557579
882865023
-840429225
2245379778
-62891306
918640979
874107732
-408917615
-1532353688
-28995166798
1203058164
1712425045
1473634770
-660137644
1056744735
1729779226
1945239032
-401588061
3681346190
-801351839
-2937519413
6643357816
67191323450
2162052413
8342300496
883074924
-974148912
1448490200
-273917864
-611348472
2654961585
2238753225
529186710
-2756695472
2169308730
-244008611
-580964336
4236163905
3735435583
1660007882
-24457673527
3216657627
-29129147359
-3067516758
3391072560
5727801456
433831033
-2617024177
1327794779
1707723386
1160675594
1932174116
-124592265
-2463196817
1799004739
2189804862
-2329936647
2291018060
932134266
-1831675772
-1568726953
-545702812
-41650942
2525714458
-499981850
-781087928
562055735
673696370
2455079329
3104670842
11860173679
1692383563
568837250
134991371
2377131107
948949326
-551597774
3677625993
1656626137
-32953697263
3760311940
2982134200
886013919
-3918162317829
-315035644
-9681619360
-399361338
1062639996
3634141916
-422107068
3825052403
1169868119
2207801445
3210566519
-33143246995
1776978341
3262847975
1351856540
-40157267906
813858514
-6110530973
-1630273185
2104536111
402500610
753784641
1397682105
-3298325178
-906883387
606961919
3596594046
745325860
1728457883
755859006
369853245
1731575855
-12474641811
-485301462
1781372778
-3066365478
2517622238
738805375
-20504016
1034759388
4342574767
-851495917
3519740174
-2119388024
-341262671
-566792866
-782900488
2234835320
-7915632
-1242618639
-1703304958
1528368281
169069560
3826534194
2949733944
-23708369551
-37840111304
1189908446
-1329835467
-855817683
3544378013
1682744396
-11080781170
970130096
1570182106
-2438177951
-891306794
-722271856
-3436894623
492498519
68655295
-115942013
4350117405
-1290940665
-5545957234
1167525038
1767224520
-456897221
1812410237
-429577775
399124170
-709889397
2244808980
-797063877
2980031108
-1038160342
-386837871
-14169678582
5975011363
-9814015224
2188257398
-821177999
90265556
2430897462
32039162383
5996436931
-11572810878
2757505162
1530179222
-16415765917
7731199300
888281169
10507921766
3238810222
-21589887785
-3356906260
1343139893
1109338659
-18855699070
-352908649
1212582421
135743744
-1448011426
-23557555
148478062
-931613078
-1752968263
1700110000
3956650112
1158255712
69710466
7356374123
-721158982
10349778391
-729744342
-609706542
-660978919
1159375667
-1298458187
-243973882
775255576
-17660438566
2627918197
-2676468209
-4001522902
783585583
2262027613
171172382
-356110579
1252180565
-389883152
1604803636
325771052
1917616753
3586085556
495043560
-17986447
509402860
1556947452
-17365571368
-905473638
-1854952893
972845403
313328910
28693432755
3043222556
3275211799
-1344546979
1590428705
177481710
2140240977
1818480753
-544965430
2145894285
-22309644413
2136171433
-23155996526
2928578448
1233903062
-299244731
-1268530254
-2345713921
-1175774365
1766913339
-120292975
-182422200
-16253815593
1586637260
-39570744
3538929465
3635793003
-1032143912
923518866
-19387634
1941362106
2389520265
-12361399237
32923624223
1864952530
-1020028305
796961130
3199940174
-434490464
-954356090
-1473253091
1102205994
-778652066
-2907660913
24007350988
4297805440
3481725709
624352813
-1292360475
-271517310
1136332695
6473660486
-2978810730
-1892316771
1003594834
-550594426
2024477193
2296647692
1515910103
3498119295
1056671218
3420703640
-466581883
760631626
184926936
-10162565
-1034505651
1948400899
1550680004
3203632580
9864317798
1797658113
4412029076
5084063179
812628972
881722151
177551623
2641194854
-19724027980
1661471740
-2584954423
1867728428
-2715313926
1872596583
-314728035
6096414495
1160531969
883334487
2195241390
-160725371
1647787962
2753544006
-66639330
1805229801
-3399744383
-491526397
3207222034
-71268366
942438922
3100337725
1592470447
1252047110
-1616336233
3092347388
2417269674
-51320096
2234254500
3148929929
1474722528
-2186670950
-177172702
1210367394
-8152278977
3282266727
516103108
2413621052
4450520158
352989167
-1013658012
1182519631
239871591
512525141
1051978020
-2874660175
-319614773
868767050
-6703359578
-125674687
-19512500094
-1391776563
-142979738
1552525445
1188444724
2214862142
1852508871
-6758867182
2971688597
-1063060657
2212706047
3219151518
1147506423
1295482507
940159190
2055137580
89325373
2318297096
-1937503537
28363289
2754798876
1645832942
358885041
1660019687
186920919
9578215745
3315601761
109497969
654706436
-666480051
-1057963823
1129322544
-290287031
-3588206340
567117513
102149331
-3418619129
-13718668398
511843577
-9911400118
-31236204135
474478127
-58929249
207877689
-2279038099
229188953
-20501508651
1664509432
-1137252109
338119854
860767251
2283692850
1346223098
-9511261328
1968627539
2108163286
-2987950206
-77404687
1007568914
2310321188
-212213142
2768381288
1934286022
672185805
997760664
-2342047759
1742397239
-1780230333
-302787415
-8081026591
313162384
-1457080008
-11646363495
-721406647
954790512
-40910349489
1978325961
2903126974
1456540042
-2488805857
-19549026983
-868223508
-31924825789
815600476584
-76836413
-2547183797
2199826782
2382950058
358093481
5379450237
-1337680187
430537961
2478030889
-9154074098
-3256698415
1397930100
604973868
-828918796
3371375527
10308402
2716482080
4043966281
833554454
-161473171
8712412603
77764403
835961157
116809209
-1616151649
-428187106
-1437284587
1032606016
1993248546
423772744
-103659751
1492412939
-2543297135
1007137642
-1619194816
2840449599
2089756695
3086026567
-18390126153
1604835155
1386536183
-302443232
1350913548
3037899118
1067362612
-3155852002
1261042175
421542834
-522196451
837068815
-2235419450
3927625717
1071045327
-810802416
3051219745
1663427259
1988057545
2265616553
842127736
2372582174
1362995912
2203439859
-361095609
2098863852
-37404811589
3586585867
2105800130
-276159686
-736767141
1395846752
127168165
-2148040180
-306262818
70396514
1493393408
9041068247
4750973716
-4364997235
-11850297221
954900720
-1841986793
3738056019
-673169826
-547527030
1428968215
1799141031
693532750
-95280538
-6346286474
-222520648
-265113444
4846028
-170720180
289306264
-1862656827
-1558014348
-218574397
4912710549
-9188174986
-1645946013
369835
-1188020020
146946716
-1196247605
-3431532026
4032061757
1540622781
605649905
-782000800
2397912354
-120791244
4516892051
-4460362601
376990805
1017876856
2256732896
556975815
-37213286925
-4520653670
-390482462
-8349420662
-3925662183
-42381714983
-5199777928
1370401266
5389305244
-23377470753
1434940320
1438498255
400867238
1496818657
571640862
-15881480136
-1076082308
-328953619
2107239603
372999876
-402785479
1546346761
703548624
4283131036
-225082619
-3391986494
2416344841
-5708897715
108289238
4926760373
1724016726
560309878
2519736611
66811056
4191269683
-1397172322
143222551
-574312153
3707809152
-17981910105
6668315293
1769424967
-25558929822
6580763744
1235570769
-1084154324
1855139026
2160055681
-786544092
2062972168
-14597995555
1639225182
1597066390
1163485831
842557920
283737861
-341660139
39900176558
2985578563
-771727198
-122781485
1754941116
1258678167
1146333431
-635496449
-391383730
68932198
1278172706
8614845070
-3881333306722
-7123439460
-4975850037
1779881058
4684601009
1789569241
865669226
1486837915
-1331765632
-3288291456
-26547767
2757365224
-3370174846
653523453
-5343846154
3074241195
2125734713
-3344138785
1099095190
-937781573
-40275580
4056219960
1508545392
18893161689
-1103445380
1719708645
-2729425268
-25613709135
-185752807
-1987021303
475405317
133683187
-2642214320
5594019211
-4020670683
284264914
-72116151
4131442917
1601892998
473368609
-1092695652
-113993307
-103845523
-4086389626
2608041735
-2247645260
981356751
5935254056
330961336
-32795572879
1626581971
-1428778225
-211825156
2337410528
2160711999
-4393687353
-4680212082
-1354077447
528040480
4493285177
759711399
5484683853
1984528710
652040730
2259530215
-2475056199
1236158301
2040949961
1497250564
1154694232
2519857448
-721101295
897815946
577574000
954180149
2051237484
-1173832507
2311579115
1426588210
657555520
-14853165247
-138781642
890591967
-1811948995
3608765188
5123010067
1549647198
-830910510
2566155341
3350302723
-20678558010
-281543448
-22517497307
-29245592545
1364158111
2915559605
5836956521
2227324077
-427985216
1806432411
448843039
1845110704
2240668694
1564051094
2953989641
159325496
-625704289
-193739137
-5489928481
1894105851
2217784266
9445927745
651233119
1357721067
230308809
94984877
1832807747
557719628
-1513311619
3034131225
306488354
-18942163585
-305720132
-206587026
4865446475
441399122
115964608
2501064960
-2102547863
-283873207
247472484
3127966958
2848947917
1144150951
-9177025868
5566009097
-4537406775
-3233781407
1407328862
-185460816
2484155978
1433939660
332471124
1847799397
739037754
41112420809
2582146761
1933727677
-23348251439
-583818364
-6927320604
4551360648
819008899
-2848797675
1814797054
2444608628
1615800866
8339308128
107036693
2639224551
170262801
797496289
3493743117
111277062
-1917290525
8459974720
8842377217
-6368596216
334216008
2971577764
613369492
-149281303
92862434
884919846
4748815506
-406921923
-55421683
1455033246
2530990121
2971261894
790004045
433644078
3520345566
1812251896
1063877434
-206582378
-18722612986
2397738564
-1186364452
-1083913364
-12816743597
969041651
3832445073
2146590625
2872772081
-1711478962
4434579598
215829533
-966362004
2152240245
1918018061
2683671270
2034348542
-390963747
-540632949
-23122643289
1952170821
3828708515
2998884862
3699471150
7330536111
-11309702738
-92694089
2231896491
-1253006145
725029971
1020614355
625482339
1430845820
-2670879307
1298791312
-1307856948
-13946229828
2110637454
1601372220
-14994032467
-58429619
4319326646
8387136413
2471241677
-459846052
-1780234294
329427409
1430210925
4017238132
-651427278
-130179180
765071384
1244867614
-29928017510
-3209938248
-243583415
2564021458
-3845015282
3834359362
160378353
960708505
859532974446
796106278
-28748645977
46881428970
-4135241991
-4883013174
1588551318
1826517629
627973974
4438251109
-1136244518
2733895081
335397890
-16007069745
-2413135377
-20562703701
4489610142
755567820
1636861633
1766381948
-1433003458
1575695803
2952791210
-221053366
-2315084423
2551381917
1835545860
-1146065614
1008325059
-844901118
8067361835
-260930922
1104366258
394646908
309614746
2542281818
1451366517
1785499675
42888777885
-4880116779
-20888083513
-16140630869
1537747329
749394179
4204999063
-3049362716
-663546345
-243514276
2164441548
985825291
-414438822
-2528407076
1184997077
-1767863317
-724145562
212601748
862113663
1496612216
2840407384
-27328296581
399782075
3718238286
-17227349644
2232540048
-170305135
2182915455
F
-12643955745
1988734779
2284202961
-200888904
4109164207
2910651447
3615082737
1438852617
1134453046
2954846812
-1487860555
-29786084
-2429506260
2809411648
1434035301
-1133871687
1160778214
-243812165
582227323
1935318125
107624492
2080954217
1594465074
270542656
-1574319962
3323579821
1060566030
-28060551152
-236782713
28682967098
1524781476
3640937500
-1736176588
-754054036
-82981644
-1132573821
-2430684719
-2944102886
-218131824
-9711559367
-634511254
393754754
14352133644
2016643243
23737392
-34371508906
-3689502740
2145341901
3429726311
1574330138
14745918111
350976464
-72459430
1020141311
-389779690
2997112759
664150416
1634292162
-16535608703
2272914693
-984839347
4610333472
1684348611
3663585329
3827011881
5528172056
-668214011
1211236275
1202333875
693304530
-6310545583
-183952489
1813001370
2400225983
3363621652
1692437755
-1579599993
984876289
158321367
1253559489
1990376644
454737612
1913687324
1726999140
5999663613
-15551892285
1521154795
-1124812042
669398954
857448551
1728021020
4409014275
-1018549001
-2494155793
1555218698
-879712400
-106800617
2353586039
-6689417072
-850866933
1528678361
2966109818
4227511666
-327057400
-613180790
-2165918386
2848089654
586604352
9204040402
-941825331
6141048910
3723277398
3597054140
654296344
2905160152
1408669442
858295338
1496254017
-2727134074
2625322019
-498116542
844630528
1843176224
-948486437
-94145716
1032803657
393947140
-31358375191
-1626835792
1016752011
-55552074
-492191229
4512126163
-59629966
-524578805
1730175575
787833339
976149343
-141175343
649478309
-102968549
1280777473
-16782411151
1697437935
1004270793
1464080167
1064033171
581091968367
3436407647
4692408494
-39103318938
-4477287473
406819029
-118514891
-7350228555
1321943810
840459830
1208195103
786417483
1671977292
2190022504
-2796414762
1398484086
302324378
1154785670
600248489
-717334806
1712856994
1623326975
1541739112
2907355726
2700576855
1022216906
1181008811
1169187805
-12961798015
3421883756
1274448574
-9221358598
779980199
1296245436
-9570106596
2147196564
2049131300
721475731
-4626081567
-61676474
-1323688542
2648957304
1941957775
-65215794
1293501682
1950059650
-209039650
4651192296
-2423642058
798691861
5945531481
-1150899783
-38386711628
-17339619744
-15555212100
1165152325
622696004
2270197148
2188970602
1573718649
4977919329
248843552
2359473288
599167015
-11545693
1684443607
3955555719
1942838139
-235238568
1347961043
1806888966
-1847485744
-2088880266
-11461026891
539097421
1546925649
4882363564
4289071749
607010737
1279058156
-462170614
-323644234
-392957680
474332971
1109056171
1918455894
-20391862193
-180783797
1750733122
3075376844
3558665348
-19595378623
101016540
1081368411
-3955935671736
16811418627
-64254805
-681397688
689161189
2104499933
-124873143
623961177
2387288912
457145138
1046192393
-4072014725
9215637622
2038874467
524097628
2173595698
2125516996
5884880146
-1086862192
-294893683
2952549314
-504202575
237984152
-1661955514
-631054995
2557570432
499578606
444807963
-1003138252
-357593085
1154366603
2136059969
-914256117
-1214621472
1468719147
1478434316
3022111567
-27692747474
526195124
36116426113
225049187
2541540908
1632445912
-1144441854
-1489695467
-976019522
1168357695
9041769754
-485389826
557421586
-7158116505
674481647
-261875692
-5090800697
-2596132246
2329161966
-7321697528
1190046969
6687431644
3100759321
624449378
604101727
-14012387405
-396986274
7328347069
365054034
-900292235
2601549514
-1054958152
1867985442
148013891
1451462535
-1466085041
2818824620
-341802284
-18153159725
-426884963
1136347349
736025779
17755103822
3305951139
492286586
915687204
2138571908
1863438227
180989089
3477339325
776994111
1205402728
2563549727
-2602086538
3832346784
-109902265
2414304674
3511309531
345260287
1908095916
587585784
1261040146
5176588604
2423659812
893494293
2503290954
2594838368
-143832277
1784453686
-148722511
-1928182591
-5183127203
12627733348
17769386890
-1301614153
-1309565118
3668955993
5511797313
1581040658
3387236602
-20894028423
-436458552
397541095
-3013277181
1401477216
-3291966167
2627848885
-319320125
1462002069
-190908771
2979217341
-8308146739
711868696
2346914597
1324335467
-800610889
-1690091099
5031810789
1806457112
2531262703
537417733
2193514436
-5614797435
-4364305502
-139278690
1005414540
660041557
1940611688
-15169408810
-2745136251
-662647381
8631298573
3328587889
1256941602
1494505277
1616969470
449286131
1159577695
947619551
1677102865
-1098160108
3837296761
-1360002818
1299082902
2325533196
1585517039
1107529111
1788106387
3541134541
2104232193
-7314591450
1332594623
1260654327
1312747201
-16288383479
2298208740
386586986
2853799763
716937382
1695031789
-136085865
875626837
3292724467
2850653040
1330528339
-1417028261
-9741640570
1660988398
759121764
7141066166
-16975598722
3134478831
551374840
1785125935
-14011703217
2798202905
-720673690
-2148448394
-1071387486
413764051
348079637
504333870
-245592262
34344091
-765411792
2579752496
-227330463
3617886312
518274859
-5857763726
1599462186
1060585342
1303456558
1688847847
549317427
2710609030
-7626061676
-3551951729
1131712309
1542929694
-1836222388
2836580302
-1816500859
2823682416
1726054148
2584586981
-47194375920
-1688512185
1255236500
2048000030
389757970
-1870919891
2402272361
-16731996978
1544622404
-101063033
-14969368876
-28702911322
1994242028
-15075349351
-2948187894
2809110743
707245204
-899644631
1302167339
3126184556
1838880896
-4646691581
850886585
-10671894838
-44472091
1707771361
-952943030
1454824557
3268690074
-456708604
2275996539
96363380
2197287563
1357592357
1235714143
375668865
-8348184657
-1959551986
-16033884114
3067509530
-1184647597
1853378400
1253326105
1177530749
-3743880827
-1812185145
-948072588
634257320
-135714644
1373606565
-172544730
-4487613704
-371311912
735148217
-4304080331
914937245
2058131615
-512136064
1449877641
1896963266
-2752567275
-3670255630
1174795354
-21105091556
-840169375
-2693635510
452671332
-326599755
-11560183024
1013162430
2928177582
1338382356
1338100794
-3671984569
-547998193
-298270683
6038836859
2973536497
6601268449
28121649411
3168572116
1370874693
3129621391
816627161654
3001529159
3052213206
-3499734211
3277634940
4070880808
-4433313976
-3084472609
-6327999828
-375236541
1813542532
3807872074
-2212408524
1689088757
2004299793
-484249674
-12069370320
1170113436
5072218094
186235767
1770375645
-23521794947
526350585
2388775132
511760396
1407228139
-622531480
3382931753
404718127
-865151457
-1445542452
929258308
-1037387909
1497939266
54715751
-685392839
-2736093117
1296996640
2727123748
634481833
1030453567
3096497294
9483404296
1365129595
961125763
-15739585777
-2498205294
749213600
233178053
260909081
95762063072
2137209843
-87949359
-456128279
2043831889
-958330282
852306661
-8595901441
328961410834
916238543
679911866
-246122630
2060167002
969264557
-349672316
3029488711
-10350271689
659312814
1023622298
5356306538
-52114183
360910591
-33684610967
-1572588165
-13461355839
898732719
723876107
-3816718422
853213928
826618922
193944333
2740708444
915495985
-4638675901
2379378358
922207621
-8965900426
60722839106
1328162239
-9613747667
1760532559
4978979381
-29512016259
-3677109097
6106601662
2306662547
605789761
-215398854
2668246889
2063607761
-365952548
3358283075
-219136212
-723705043
-161417159
249549074
-332013876
-31952096146
1252819921
1867468505
-37017120863
-1816649227
1215395107
-610881894
91954677
4023440296
1630947802
-11801721791
-2693420830
2091298477
915835364
3153187222
-6039567909
768413897
2099762832
3981487220
-540431707
624267222
-127219931
1138122443
970081966
2048304302
9056653341
638241989
410324121
2481265183
-852477713
1629148476
-1529924943
-431977828
-9174135686
3744647745
-120022363
144191812
2248232381
-99713359
-16077486393
1224581842
9288149143
1477066764
1296398583
-5144206217
-5886083491
4735384057
1813189665
1607308921
1934141240
706259499
1424012587
3569172993
2029541985
-1269437062
28072339
-220410144
224154930
1552974714
-4432650568
2518768507
835880612
4463522066
3180169799
-3913477253
1592991900
1468189409
-11764372474
-755317979
2547062287
452260183
-1680897587
-235175243
-1551060393
-1929022955
-116965796
1286962247
-12469551271
-410511942
448079400
1161030602
188527702
523987755
1005502001
-872522349
3528361476
8112230584
2193315653
1341449208
717424109
385384430
-808224927
1624358664
1871413451
1141127591
1085733476
-1702638426
1540240891
-4335937215
771031676745
-1073047390
4355117928
-1599700286
1025289553
514210004
-3911470625
2309691872
-2468654229
-8372573235
-12430746558
-702487979
2214252897
-10420329635
-1770146791
973999716
5095110034
1543242053
57070475
-550767498
-15301357945
3587657198
2281760509
2939004335
635059061
1423709155
-2219270911
5385742724
-466688110
-236247753
-834922257
1307613951
-1442957580
1534053380
1515096435
1507094834
-187505103
937327540
251110755
465984026
313576005
1367847647
-115114066
-104696578
-1076204226
-499249168
-15176040113
987017438
1550163578
1614071926
-3156570926
-640589411
1484196827
-12591047997
1653069567
708398615
343491861
-386791139
1114215199
-28203891232
1642797654
38189658682
2359371278
-410365707
-856252743
35918569395
1118654174
469950265
-1155911008
-956280400
-26314725
-1077454568
232945772
863202545
174752176
6653575401
374108657
1589175172
2955058355
1523046746
1271745646
591045263
4007435836
2087165088
1321034078
4029583801
3219002544
-7929894188
3424333366
-29637506980
-788382209
2689986024
-1338380838
2445997914
1069099746
2852697724
237223958
-423169560
2263288284
1135085432
1591213852
1125531511
-361390396
7485071907
1007281189
6343652012
3048086581
44000140837
81226278
1529792769
2133445078
-2522658876
934863242
414809668
-13887524692
256944788
7910325427
291244531
708705096
1588523797
1452205973
-1884907492
4370379979
-1199199120
-1419554162
1328252575
2640076448
5560062819
-472265861
-25308855692
409319007
904037855
889937107
-1362409687
1516471665
3620609838
289449167
205054246
501938731
-1419248056
-209376490
1983519579
1776963937
2853993974
5184387180
8510711380
-172248089
-551151660
203954975
4233496836
-22518612973
-3290937039
-2331097778
-195878347
1389689413
-14653762034
-1086300723
2264643686
665685770
536647004
2013754008
-417090242
7897425777
115192360
-16733226203
-1257921895
-319029680
-306588781
-444094144
-802382
366094997
-339880581
1343701903
252160611
2311752226
3828221390
-9209752239
797122721
-362103561
1074775405
-55331211
12310248680
-8421245082
938666678
-770884841
2011551199
3415497536
-1918165178
1935998771
1877210424
846186629620
2682874497
-8225773232
2643030204
613845717
1015096502
-347993913
4535162610
1562701963
-3585679345
2123915016
-701710751
-12740357698
3076025491
1417962799
-23476466734
-16100381568
-1704970071
5627003030
-68301273
2603761644
643945044
-822936314
-425514861
129250994
441922253
-665517902
-8702742325
674425322
1599810161
-5150484681
1562690834
1089761110
-2810382967
1918067630
-262097128
934561565
4542309325
139152929
2285281127
3638159919
-112655627
4296378594
1930733880
466141704
-282413473
-10538046142
6549496911
7832263105
1774232871
1100997064
743375986
716446512
854507497
-742661397
2191157692
10903255662
1015070938
3310849800
-1498466583
119243516
-498840083
1892993853
954730848
-3141965077
1755207977
-255883763
-5481327114
2959732621
593881996
1020564680
1460891779
848767769
1358756205
-948892412
315748292
1097367091
-258392357
-195914056
-1692439296
1012893222
-412209916
116897433
919941796
-4324605813
495460430
3071384868
-21666376382
7850333192
-238598620
-41812052
-1119840144
-9841542568
-4216585851
2021685898
-3751884011
-3832816
-523757326
-16373359050
893649431
2171314463
236908535
-328850464
-2370847707
-552416194
4253021151
1589313928
-660851511
1389473149
1335841404
-122463082
-112163145
-7715217643
1759336217
-607951573
-769956378
1880215576
-1651759304
66999199908
3272223090
755020942
2258345354
593896192
-259002366
4430365696
-25798862467
159813959
-80055961
1018421481
-2179960360
-348209120
1581928366
1033778378
1376571242
1466628533
-427373183
-165422977
-734962417
367201993
1041769285
1361431611
1701000802
-1980598151
929155683
3957133697
525835560
-218858554
-3130140541
569200111
-2700542555
3085144076
-240471499
-485310096
4788093872
3313349932
1255682116
1444332556
-44385105578
3417892135
8308961941
2847016100
1486296059
2584921401
-2607528348
2342170579
327712280
-1128973839
1594421113
-18177447947
807182732
751707309
1260743594
-1257369352
963880325
-1295476011
1690999378
2803621838
-303321275
113954796
987244097
2577664954
677307418
946267092
-28499129376
4106107822
924828703
2910320904
3893395655
1894663736
1110847104
-35783667476
1670809336
2763422585
-12054160650
-2357026146
501519477
-1165594825
-674403331
-3183932090
895941428
730482484
-8555027476
3284754736
2648804033
337115482
-335550218
-24480778284
-31526474027
-56376448
876452099
1920709991
2524762331
-526372794
1658674219
-1811348969
683982377
-970136643
-13209943336
-80689889
3105367730
709606389
-302692767
-9568886555
-12433146
700324695
-127150262
5431459319
9684745
-341179496
252484196
5720975594
1379227106
-7103980453
1456426713
-21393307
-187576110
2697805062
-1508733948
19471395753
3655275840
893270327
-2265386488
-1935857426
-4069298197504
1769130115
2914096004
-2892767141
5943885756
894922192
-266696711
2455569742
-935129176
1173812870
-4030985694
-7609570174
3124210077
-3167054875
1183206879
687716347
914952871
887571450
1260464490
-806315901
-1171740376
4004125422
-255320862
-1164964895
-231328479
-86688129
-3283366917
2775950959
-865165637
-660468775
1486015749
-284953781
-26779085194
-1243321004
1162032576
1389007690
2221516287
2062551764
717980949
868315644
2412003411
124722401
9602406476
719070990
660671933
1118601984
1487625751
-3000370452
1225254286
1131290842
1568325765
3960187398
1664191333
-80043240
2067118430
-8898930758
2786900678
2822914999
722476610
4651738164
1051323799
6962096625
-6411080052
1562760094
4418096458
-225595296
2522806439
2783850459
2658188052
3053193499
1027240164
-8960703461
596709341
-671794347
1444351002
-65840063
324504169
2829653828
20878363105
-13646934
3191732106
-12864936095
-13586430920
643624912
2436845344
1093666636
-4107096939
336192878
-11410085498
-632282120
3291172030
1086776574
373177411
1959102432
539404777
-648652656
201943170442
-1278987805
3443648482
3327511101
1097900838
8244775685
2246068052
-20548313109
904281761
-3194264987
1532141611
1007090957
-926878155
1735331506
3110706546
-5606483761
1386472961
2081337017
-21750335001
1582675954
1599420231
2230819653
-3341470
4609743115
1365064217
1123831240
-197032265
-10690535503
1165576431
1031678613
2376356755
-259504042
4733298888
1539530438
1721433904
1148066297
1630150737
1372097796
2572237333
2019939550
1172683811
1541368455
1822193475
3149783683
-3513083018
2481064654
-4973712166
2818538682
1649333290
4831794501
-3553683481
-1607974658
1537880813
-4503862056
1098359465
2215402356
773014657
-180666456
2837080123
-9373582950
1962922234
-245122119
2206487331
434102392
9090512021
-1844476698
2958449366
149754459
-12567920656
2771231672
-1913709024
2590858187
2265923070
1483837875
297326523
-17297119928
1292739626
3257604173
1783648102
616802100
2785841472
2171694449
648522171
-8219175823
1154787828
-900462260
-467122436
4974020300
-19135285952
-194309092
-217204556
-1840121430
-36742560158
877333225
10526819385
-529224176
229337759
-2764611173
2136663496
15810548
-700114829
-15540731357
-841803358
-8652885703
-377177662
-2767601720
595312478
897687968
1517351469
805993266
2007423096
-643374114
848020487
686747110
5449010173
755414776
-77212708
3896304276
-211465143
2829844940
965390518
2265271552
2155762429
-1818662876
1129414804
-150741558
-107619983
-386173053
-699536946
-18526987389
1976805968
6378035949
799616382
-211111569
193537983
1622979972
4943780899
968994410
1926538499
605126475
1339691017
511017504
2455429370
-2998006053
1292660146
1832725529
2525405843
-2926018129
1115215723
5662705814
4093326442
328355813
922757615
-7661251704
821807173
771136134
1450417189
1490010303
3689158722
1653063020
-5148771327
671723001
-496432025
-1905649368
-1898608832
2016803829
-417147353
-180145172
3075980724
-1995866212
-2916433736
2488519885
1075824485
2177703418
1567385293
1350317313
320900902
3399735773
4820751898
1594938239
-972132571
315690966
1148347258
5088279585
1763301306
-1649357835
-18157911635
2525432131
1939467167
899815983
3504336194
2644097134
432614756
-29947440514
6170194469
2766881822
3095332230
2627054715
1641531097
2203381808
-13581260835
-1376988549
385124475
1883329333
192122615
453555989
2017948886
1471840712
570128817
-2006162036
1515368975
2396421543
963746439
701475396
2245490120
1176356996
1292546563
47528718
2041909720
-2108185479
891403575
192324578
981748249
6864303108
-3746323416
469521130
-154264451
2130219570
798935485
1054219874
362188506
4099315352
2178605953
2587327650
-2552317883
-227666786
1849896313
-1950828445
1737567738
5755038885
292111437
-1670550425
-189529035
-2581599709
-27461237893
3084616404
-806146623
5334059322
-27733966116
-763782283
-19906783366
1824711244
-18868355512
1115991782
3139418700
-37884232013
-906618684
2635359328
1068626152
1644342740
30380081932
2563351791
-2149484777
165655849
-352517530
-7531584362
1643269801
4279739759
54599881
8036810379
1040329188
-629105725
1070486900
-531304792
-302972643
-253304601
4136140990
4004182935
911625579
-75104308
-320132787
-54506112768
964576404
816656657
-392749414
57218658
-810107952
-1666741241
-245421875
-2662002412
-17017893850
1962012753
1439782204
11277741233
577805571
1722552850
-1022203592
-1879816045
5248701148
696625920
1906550475
-1007437408
1033730185
-164832312
1140995529
1738750947
-509308000
1962044
-147310192
1532749137
-339139897
386439167
3215987687
699679076
2546544714
1991979732
4355088516
-1386436381
862140822905
585543137
1227362882
-758032234
1964317676
3578133354
2291225339
2363578108
2019910508
2546998417
-992506085
-1366093371
1939562373
1890534427
186658154
-15175777394
-82013070
6861923687
-142947430
2578249891
822691056
5020498181
279737566
2045198703
2575835640
6830752817
-2150958841
-3668236110
579915942
695437805
1374996590
-576961209
341538351
1524274596
2548152778
1920926430
959062232
-133427501
-1374486431
546355243
-10627044480
622501503
2085355319
2750497460
2049890763
2058960128
-758674855
-876080744
1642328220
-9410104046
2620248488
673927412
501708148
605157407
2075561417
1815428322
1949296198
2223240296
1423909612
-450138262
565451032
89900053359
332018601
54248096
-4016499600826
1151948620
1131930653
2282144364
362365143
-1263040633
983126449
1608808414
-58632362907
-1277402751
896677348
-57852625
-18415159326
1329659037
329999388
594087586
-5066874617
-10085913162
-663414993
-104745362
1476194357
1340118164
2258718942
-341166782
-1821724258
-11533465
-22243715713
2908004563
359027577
527747367
992635163
1109122459
1509092800
1131008496
1321974360
1729699702
7255054358
-3446474090
-397607170
1268015034
-579932545
-5048321405
1904853675
1188216362
181023096
-16060436494
-24420889044
-19594635427
-3805674274
1771322265
1338376054
3595820426
4531845404
1082579692
2687623325
-794696119
-349529801
646096010
1128329509
3201723223
-142971077
2908558018
3453996908
1377634749
-8503503817
-8693181025
3015218225
-1125950061
-81725118
21381551571
-2875850560
3263426337
-11878243309
742655269
-202574792
33855198024
5303957409
-341044759
-4408895910
-24286871314
-190437035
504143668
11042977747
505686250
-2714135451
1786475399
1688556731
2829081276
1192818845
-5652230976
1643482325
2167635857
-37222749976
-22203436510
-36016437727
1745974275
1879758243
-13365266168
4084751831
1343609864
-431113922
-2672330275
378715107
884170975
435586606
-258523102
2823599108
-1051797104
904305077
519623447
-3477497563
900644544
332596331
3047443020
-16520364032
621844260
4344115845
-17263019742
2404700700
3017466221
-2465584486
15664982710
1162087046
2502538395
678700681
751029556
3194975516
2053822485
870673811
1233822026
-32137199144
465236029
471871010
113304454
-10034712327
-3666114867
662563407
2464854855
160090490
1616028839
1436526198
2039776864
-383874189
979517405
3021022708
-37905876
2141835486
6229908318
-1467393151
1073849697
-2058557065
-3857501264871
2650276908
-14852947834
-1006919813
7562734820
675166364
1990002562
-338337799
1305019767
857045575
1185485266
1753323830
-650868559
2542992844
-231285924
1180290778
127940034
3001387876
150634350
-3328287558
5041739033
-4597529145
1204226089
-517481907
2340373230
1095996283
2729168923
-442991114
2175693759
1887712042
-6968147844
-222880113
-2056966213
467353852
-4643036403
1125560920
-7340861704
2158937443
389355624
1552726258
1135857997
-73072926
3583280113
3289578385
3917969907
-1220427178
1452348848
1384971773
1164621350
355588805
-409861548
-10506886330
-145223469
852062188
2428451195
359930949
651697188
3327722202
-65377594
-3623348213
1729506330
665959136
-453088593
-121106013
323995716
-719424035
877804365
1069314528
-98393009
1384420132
-15430182143
3014554442
962917658
1243186736
-234360362
-2670338549
877889158
1295865116
4301414911
1735340650
-502224105
-9638859257
1797692510
579790867
-621180386
1616022197
585163483
2152147139
1202917003
-1903744149
887954113
2940057904
1809771920
532543551
-282038788
500210954
12403657
1512886179
2644415257
-92049264
-17381797891
2258790726
920748158
2188706162
-1910214637
191058991
-2697678396
-797135740
-1857330500
1969128207
-26013534369
2201944996
3223275411
1127361940
-210558160
1773848491
436862354
47914943
3245911879
1590624026
1230813138
1991636709
1750064687
1522393624
-1448159234
990368044
4826831612
636149772
1303030150
490400153
2988165392
181897168
-1062504540
5388362813
1004716194
-7372978408
932428152
1445249762
3827325212
39963749374
1130066477
-81318735
2883263702
-6540969771
10610927648
-764711103
3284716934
1210702831
730459394
-2017297330
1455806027
3859369339
692094456
-25912862679
1486952155
1928630716
1161499570
888226572
1474377030
-6542277183
2048703555
614392104
-372439868
1686452071
-1247700967
2580905803
6826399937
444268926
1823798370
-21074980409
1511539767
3901104170
921792751
-232741985
-705558819
731228443
1683548993
-1844415316
-1461350601
-2755086174
1164510458
-984032932
1317656717
492204035
1379704718
3760375947
-315356590
2526845434
-344896630
-11480708179
1816293196
800466933
4058702811
-23200330452
-1515108187
1618241922
2471223657
2744779046
3879338458
1284338081
8415300887
-995844286
2172281490
-3054580481
2537309881
904095574
-247015782
-189582401
5313608488
-405245325
-3626702781
1376961467
1364704450
1433218130
1472664568
-962418701
170724729
-618581322
1291570595
-30312994877
-1112986398
4451515484
-2825802102
476147312
491242554
235390726
2064264630
1093877855
288820945
826303956
1162255960
-1443903237
-721756091
-2746560420
285343869
-570811215
-18074919532
14402553751
1148352354
4462477091
-895998485
-4129048613
1089807902
736769162
651669790
613553640
-86940155
-8085167564
-12801908585
-640191608
40036952
1717749023
1007781063
-1038291767
2664017508
-663263556
369411952
1600893750
-2067775694
-1313793130
3277874384
-1346086900
-1600569096
5322056550
1806673402
5111326764
721481998
-2120202578
1856604384
3363197688
-51385227
1742117133
-24210149529
786115538
-1066577356
290361320
-157109894
2163616163
-35585896
1129367680
1093681834
2068378894
586441269
1369143537
-362676258
-677657393
3537107140
-50522085
-5638287498
-514141699
-1902444425
2684629433
-848067267
1938141346
-13228893961
2023170142
2673409331
-3628456416
-2937601820
3124552147
3017280068
-454819366
235159472
3252214978
-16102448040
-806140538
1682295044
1452838285
1915808511
2540542434
3060040263
1801593645
-20859887482
-3126183383
-37981551882
7858944088
1133005887
-6636370021
-1603792493
1305836920
3243369682
1751265213
3241135169
2083172119
1025000911
3122646070
1469801776
-261232787
1792850105
1411263746
2718217086
-2931622674
1439778936
-331842380
-1945159399
2177903529
-421910574
1635747553
-1169879334
-241470636
2805413089
1296621764
2799330839
1379942797
1554449868
-1527908827
210725505
-11608658071
1022732569
1395361604
1517925335
-39670005569
-2003741865
-2238620643
443322054
1106113691
1637991359
-33811406433
4230706759
283594153
-26408562218
431161912
-2804122010
6059712910
-15011461604
2571815193
816169266
1206216420
2211567066
-362119674
2249051649
611083330
12260948819
1794777537
1750574705
-876568539
1420062296
-2187753361
1350543239
-212621743
-42891037
4545569647
-1109733861
-15639708576
1610901610
2091208574
911285179
1795468101
-129268907
9510358816
-40915214753
762482880
1200098179
964750582
2096364942
-7495997376
-7149845685
667528082
-8809605877
1293738887
358135969
2015671162
9099139455
2695941655
400706951
-455326268
2125902108
10511415906
2427193275
630183513
2556685505
6252063237
1442029520
6347478351
1290169839
1879956749
2065730123
3395705781
-8772823299
1976847746
625080321
1870378755
2293489695
715716031
1600138440
1965897206
-18910509922
-1831734826
-901542155
-5587159223
-285270214
710377487
-980273129
865480693
-284325755
1385557947
-1722060605
-16093702695
1138712429
626402286
-12051100263
3381903359
-19619419
-2449483323
4552528752
-32593203385
-9745463008
1163499097
358785032
8693308377
532989826
-378194356
582763841
-25228027804
2631696076
2488651322
992721508
-69644582
-10153156846
12907403474
2820030866
1702546367
4547451668
876014651
1613077356
4102370549
3677699403
1583380433
644664573
1214838676
-821107741
592344773
785366285
-342905137
-1018974009
1755509739
1599344426
3608764705
-1552916798
2535002324
-31127172029
580548180
3174439258
-4291832819
-585518378
3814268949
2107604108
-863053461
424319506
3078856377
-249914106
-31427720747
-34967378583
1975690777
23562380881
1092753958
-17997730767
6676961227
-2116996068
-176601055
718301102
-4478486657
12424447103
8486097760
1765335042
-72779546
-1760522862
2632798691
279209819
-30046498000
-575741681
183205882
1824894481
3250564952
-288118431
222821579
-321542603
1426789084
4496724144
-38773176360
3121753135
35338532
-3114350373
-1394572270
-2385328275
794108541
384887145
2110434685
1718976360
-6046115772
972476153
793072813
5587577614
1652312548
3338398990
-869000231
1554074303
1243763086
511008957
237397241
5959485122
-216690216
-152435457
4518236500
25017026017
386007212
-4008067051
1020245104
1002520069
-743708595
1181306776
1056531772
-34137921
2002132726
2425261819
559735442
950758439
-7104363551
-3586627415
-1038203626
2477695442
751351626
1509893023
791257120
1875969681
5016168713
7479866245
718368346
1993081315
-1614186237
1461053483
-29282949621
-3119522634
1507827455
4110313542
1752689034
-828848311
497135080
-3092326661
-677193647
-932547057
7323687739
2458651207
-217283114
-743884587
1841743477
786934223
3141032652
1198793089
2322157078
1416697388
-1520712061
-3925323326635
4218311875
-11544994042
2063458579
1647901859
1434628198
1254753633
-11566602982
696410111
1606121683
2920956141
680099947
777332149
-2056988777
1406522061
-3427237154
2487760618
-1346427197
772238276
-1390061733
1534973376
232620336
1962922238
-643690152
-23423040767
2378374894
3153814843
1696309422
-1594675594
713631039
-1788375807
-3316523388
3455055955
-94563806
2158353375
-1949769141
1574511618
-388592249
2128607628
-26575733517
-159004147
-10727467395
1185122402
-510438222
-32047066487
4951154962
400160375
3397863845
-30996717815
2196169938
4806498770
22151038
7032802131
1524759755
-3385130429
-2117196314
-1562641205
2449856155
15866501
3971367582
-3663706909
-18636694940
-1534418341
207301396
-22884382173
1141772139
1092124132
208795781
2146500044
-2862218023
3576570664
2377109832
2074538331
2884623075
-873095375
2081309183
1592924477
1698510653
1401049330
1659236284
340962899
-12639155251
-19689612865
-31557394903
1965396098
-3308440275
1667951246
344242911
842282360
3441372493
223053730
2756051740
2641591955
-1596133886
-276820622
-151767694
-191627530
2686361089
6389488603
-783018505
-21280342636
1170411373
2566114648
778866244
3706004514
2793045651
1184260586
-46025427
779949786
-21531721264
-432428651
1324309391
3642599910
-8391712552
-619471463
1157952336
1988139047
2060740692
-8427841672
443102550
-708421888
-363761511
-251747479
3464600608
1697658068
813862591
4407379657
-691120852
992326288
-1522446007
10452174512
-13972189817
2989825879
850568725
6629226078
1792707038
2108199264
660756555
1000347815
1222478735
-52493077
1035222074
-895445653
1355759276
1795260904
1213376944
124511659
-1432267216
1748426315
56961843
1547653180
-17508074809
2884644566
-167004617
1864570913
1404356662
-1183985900
-869321268
1634759042
2050234947
1798854549
-243990377
-1722570260
-2434581909
4421466602
-11720907746
-820585327
-1229771560
-9834476181
1812004773
1794457194
3239172969
-251670654
3455430386
1628046890
2397779687
9194862242
-8937624380
-1235072723
2178587872
79597978343
1599070330
1629218096
1239824960
1236292156
-893262721
3223228984
-921429906
-1598387970
31311875053
2514285726
-744101455
4906124982
694432672
22720126405
954394363
-468014847
2179450969
-2936729362
-49951094
1843216018
-55660381
59498645
1117240480
-3619424367
-552192110
29167851373
-3850191087
3175878893
1678935172
-275302063
1711687418
23625653659
-5547262571
671139383
714621854
-555993114
-3175753361
310900384
3237806335
-2957992494
-2210944881
333717121
4769085914
-24217522703
300301339
-251555429
-7411113137
-11321446817
3272884115
1229361610
1344021221
-369145776
-1002729759
2572774593
-631047015
-309127393
882932576
877112271
1310234434
6598171277
3613097168
515475156
-719017132
97502257
-2156358196
1589002690
-7362741242
2453611586
1042623796
-2172975746
664594824
-1125594344
9677851055
-32233647600
553664319
1545898553
-17734206822
358079131
248321219826
-929033199
569344574
583347003
-460122022
1988297906
-234633967
2891052499
6349606098
2581879538
1718249616
-1298889912
-3988126341
-2225992091
1040748664
-19015587
-585891599
-11203197
1520476119
551080305
6175923917
-11041031647
473847707
1930898942
2068752626
-193203997
-1101394510
-11947422328
-641038038
363932780
1479903352
-790267558
-1293476243
1552284604
888982364
2609352094
1798830723
1652484964
940409377
1762651771
1838272369
944798301
1507694413
-67545379
-482114704
-1248387261
-7975483444
3572673901
1790721618
-11369316698
122817945
F
779243803
3632620508
-16323355178
4101137307
10417757181
2548564309
930475262
2316105176
1718133712
216820292
2273267160
668167614
214503600
1904188935
124173058
2976321790
-13817854731
722154701
1887354406
-29877723951
2306009087
-102180059
3206479577
3256837871
2083493171
1383188805
-78874419
-6057161604
1219499545
750159949
1611192261
-649695633
579161054
-249094632
-135941955
486352757
1509570113
5973054246
1509833010
-244790928
2097068731
1343310480
1234748025
552451950
-2176489805
-394001518
F
-262189367
-165709173
-15525219388
1698942684
1931372029
76477955
-1262159294
-635433781
-525213522
-999172673
2137890184
1256239273
-1806061182
-1396331408
-1188158712
4484277476
-3888475185579
1506067255
1541674618
-255985062
947967949
1042597931
-146073525
-540754357
-14564467753
229600998
1280779740
482390582
-206060373
1435874091
2224454508
2243749068
1049100572
2354179038
-2393537379
649656783
7011049668
5399074069
-31102609364
4236830775
4496209656
-2497123755
1923575499
-11318791265
2775575940
264349001
-138718101
585345485
6220036872
5373422004
1575563370
2663116168
1425585396
-502375540
2551682768
2663705428
-133758795
-137277000
-3072329834
-344069793
1609530916
-467632434
-442990071
6979513870
-79014215
2775436845
2344159066
-4896342720
-36776151683
1418932796
-1200807738
-1215261977
-17223840359
-67702194
2458363717
-732138281
573847219
-60216788
-1489818993
3592339638
-1477276943
2390162242
-204829474
21541863
3206936266
1511224258
683455399
-732702625
-100859600
-448267644
1418567981
294201633
23626707774
2015959514
997144202
3256344443
-21196473359
355901084
-354502200
3659526047
-1524535974
-161167567
1845579938
2620241983
2252572909
3067260682
435207231
-1654946356
215905683
-2063603133
2403116246
369111476
-1763157832
2467139538
3942148908
-482868547
-33263184200
-2181585321
591882695
2052177062
-744047544
1574519703
-1238277746
-2215265800
-2575234796
2904314575
2400415328
-1293195033
3112697843
577965991
869075970
4836538520
3563077951
-683995204
558124612
286642142
1097407013
-1446513666
-4642590961
1986335906
104680715
3655957934
2224746426
-728883960
1341380158
1434614686
676881925
-2319175556
1186641085
2622603945
1494312796
2326653442
3592382924
2673835695
2930317972
1069977282
1080259280
-314450662
-3663714555
-870279563
4537505824
-811345274
1186613346
-186230045
-14104916555
930246627
1356784376
2415763280
-14149486041
-5767459692
1697176115
2067634681
3243678100
1470418041
1324028823
690751546
-2224862704
750552021
-674920094
572825875
11883284603
3173910832
-4091730596
1153140447
-14068123119
2349475684
-112763313
1521835072
1256433462
716392794
1604773328
24994674532
6634208130
-366925905
-3511521080
2264632550
361371377
1860549789
2877269873
2675682395
168976998
1058091759
-1517078936
18659396417
1666479843
1464139058
331169086
-413896733
3288290523
-23900456628
-120987203
1200367083
-104398426
1785097431
-351990096
2600771334
-467825424
207466059
4277953800
-544911035
2684732558
2151360093
-359300
-3550216732
3143272352
200185803
-1789570860
-582846055
2133406045
-1186005446
1306363098
767374840
1353376580
-3280737981
1338563891
-1600800246
-5800306098
1875717716
-2155613667
-10898069
-882844814
88255286
1068232276
-5608795071
-2615799786
2249871143
516188601
714205956
1504167616
-2656966001
1260298941
-239836647
-2234024807
8924508
-776412670
-2873579838
-1012303729
4193746302
788672514
6988817647
393562251
-559459908
-3635574562
941715784
2784994900
1354550806
546202635
-1449842084
3148948119
1000124395
-9814557662
3037819606
-92401911
7341083624
-593150608
-5281943995
-17508370153
410532201
-358206534
-1355308911
-3046959644
1523651034
2073942516
1600239549
605605546
-3306162511
-1302871620
-14155170521
-898215446
892563515
2960889703
2839457774
75062512
-143746424
1308057066
-627414491
4033128665
-36143452
-15895883381
2389756917
3614183823
426053985
-2319103026
752905936673
2196084805
83939151
-633376874
2494481446
2346921196
-1887882382
1000874576
430989615
2134266863
3288297536
2631718846
-6055276559
-2064030475
4241336907
-1511414577
-332907910
1414194654
5454752137
-1035840339
2560192430
157193165
2395007568
6242554225
-26159005823
-9797709792
-5068595334
-553101095
994797135
697556782
-21142885828
1370859957
3421246535
1626855764
5866376288
1513937709
-867335628
997858914
1476711824
357331709
191212697
1314010273
-66967483
3039960308
-29508885498
696344422
1333411176
-1614419132
2849058034
677508814
-620113637
1028726270
-7087302052
-308504500
-916148202
-11750082076
518582740
-489814158
2256454589
-1284415730
-22324009000
4713366889
460504514
-3128603748
-738785445
-1116574133
1531974310
1078874006
148838485
-2291271839
6810495979
-67883228
-1344101244
-4339663374
-1018749991
6345990543
18406177
-1768236541
58743227
617611778
629438091
1894410281
638500749
-1380345854
-487932077
1211381271
1572589278
1791175786
-830158649
-7665470061
1193336396
7929819997
-2221851375
3099027605
514647288
1379027664
1063187282
-494272960
1465089051
1487992953
2082529062
2296049547
-255005041
7894838711
714696673
3646037101
659944319
-51713438
1521467247
3514009091
1492846807
-143807573
1756223762
5207228277
2349397792
441830370
-448507189
2114915716
1463715681
10884367826
-135362944
4986162734
-1417164016
-230807517
908131249
-495207038
4494120995
-6576279615
1254851519
2447896097
147802521
3812039674
112649266
2231089242
-1094838459
-1521962546
-717854251
-2480898994
385784371
2604006009
1188749796
4585512714
-4679591443
-165999446
623020804
-20995194982
325336302
54513312
396803187
1282677062
641245856
1558053668
637204269
1146393675
1597185817
247896659
-5963340819
3418793102
-75065974
-1484232018
2335368657
-9492749692
-117779687
-3899654148
16315151142
2249718757
28249153095
-16830385596
-35427117127
1339742476
-217843689
-368097435
-34630727938
-3775633256
571047746
-15308426658
-1171656955
-5630462469
1139484997
-15659737974
35931711
2835078581
1316124678
-8532736599
2831345718
-37242476488
-15467260837
-34906096677
1899506275
-11160745111
-2183776103
2409353111
-11642462387
4178903861
1508103675
-462219238
2717861510
4932299050
313020983
-904690325
470651049
-2390027137
-585934642
1104844134
-114830030
-106657192
-5326727380
2788028747
538512784
49115354
1129912440
452942013
-187100345
-761023068
1107509531
1003021688
285939955
1355985813
-337777653
-1855674985
-582837063
-19387363506
-19578574995
1443819412
3053012188
-30745989437
-22786503414
3634647641
2986699635
3151820267
-106586567
389281383
-68173115
-1702601624
26711785720
844476855
1358216294
1890922836
2962400073
2587463514
-95300546
308210106
3317589005
1864764362
4977049754
1235749608
5657578848
-764983870
-5543085778
2986474030
-14831622093
1164128833
-20169897059
1572679920
5302487621
1490943437
-6090072664
1174010853
780177095
3751044715
2061736545
-247181568
1611354298
-217379515
492644139
1167222582
-1042340809
1398690874
4213918333
4902609488
-972297190
2211742949
1097386386
2408205587
2312633553
1594692109
1140658274
1814845332
248582417
1546224107
1442557400
494017323
1419843877
-2418120859
-88932829
795482567
-369501755
-2868828615
-11618690508
2382897452
1969131854
597265295
1956607860
2499818377
-25020307546
2595588352
7582787953
-318292577
F
-4796656083
-4561711057
1577005722
15689132
5572493629
-124124577
-11105042
3453666831
-261562164
-177804027
3140816277
900586014
-710684987
2156767355
-3299066018
418893479
-19683689577
1059534718
3039200893
-538101019
-1356601538
-713274690
9189439761
3916473871
5235050663
-4205506126
2365055648
2865782274
497320599
3168339052
-2034734124
5850039381
1698701260
-572502938
2940480314
1156118895
1514460465
1181557387
1049070219
203623002
2874276873
-35536551835
-200540126
-596843030
1998607140
-176091768
3195570379
-653571319
527344659
-13754148912
1063732558
-6559974507
1450660607
1004488446
-415436421
5030917521
4208401754
-22714853191
-751405631
-16195206075
-1049446384
519207490
2431170534
6699468386
2490926524
2063457039
700644743
61192576149
3564941624
-112680706
-836519682
617178607
1829037015
559215569
-2296163261
186553283
770330788
1495280838
1485884364
1206963784
467571179
2708679506
-9109368049
786666811
1586855053
-306427849
398904186
2169532616
131010363
1336223576
2706070845
1525575639
2206689726
2875913052
-75115082
3132817637
3425874194
1203340092
2671434736
1347207539
1590499596
1009770823
1945414959
677233323
-924372686
-15555511
1249698452
-2455099195
3230352271
2053001171
2554204081
1256866812
2123569701
-15814186134
1627641155
1931260423
2262034610
1354137571
-19186480671
1078418123
77328273
435905049
-1419957699
1794097542
3439815277
-1778825975
1131708945
1753074945
3783640433
1200632828
5999697144
-7849166147
10231640319
2211699236
-1606752935
633498117
-115309757
1573536505
946285231
1190464278
-2148306301
-473644564
-298020797
-12469358057
736500165
-8795074907
-588115846
1234051599
3120890795
1944007421
2853896841
6763178566
-692697778
4566330139
2533181834
1772613336
1654097808
-6281432047
586069503
2567007617
-267751878
2066078675
1869005063
-18227948226
3166776889
1424719805
3665321528
374140413
-5926477515
1264256399
-211383571
-2519515783
-5687454993
1572386725
-4810256892
884610584
4037294609
2528853737
-1317461406
1160977679
2023563157
-778787181
-3793466974
-885573625
-675591740
1837082074
2772980131
-3555557946
-1865245151
-633201125
1447250653
-2117470589
-1174596511
-2887827107
-1091297859
2454638403
-12347411998
713418121
3900949350
1373810689
881735242
1993612401
2254836066
1633409338
1481891131
1975241449
-207434764
1739893925
1803032098
1323738653
1706960037
-18989461778
58254210
-9513949357
2138208662
-2665683826
5507341881
-983975335
4509474845
933619410
612794485
2659785995
1394977855
-1638946184
-441896823
-551525608
-342647940
3275267714
127727508
-15656769962
-21818137
1744045590
1304527803
-1728923214
546668440
2047025031
4306164634
620523595
2253238930
-464125109
-195239527
3019174035
2873554444
-1304625862
2156746155
-2269607174
1059991322
-12238981847
869089659
-7996435091
-652645379
2853720087
-1277665486
-238113044
-11678436117
2288272574
-3083191646
2142438885
2584060804
-149121799
2337595904
-661031011
3251553681
4175701134
-2947605508
722373336
-33394905400
-401804294
159095314
-1303133612
-262219910
207201948
2087746901
2397707734
-561616160
602695991
-148121592
9061834599
1355535976
932470681
1126381672
-1106928972
291954973
2801444609
4335418621
-122990644
-7073826748
3574938929
-5963578240
1022720100
3676579918
2385641433
18832287309
6564653247
-1712170799
5246507407
5909634855
-820222104
6195944868
-843960456
3142169249
1029347499
586070202
1289051147
2607671021
-540700448
2446265429
840123551
-28094776183
3256808137
2174959628
-1340164432
-24832095830
222841302
672854107
3052407124
2507448841
1619607029
-907739941
1767245635
-131372530
-310351733
2488365061
-3749326359
2169139023
1783150845
1742840395
271149423
774835835
1861081197
-1461070088
3355895136
1945266780
1346597470
-6564959324
2177468920
-1412602165
2857352901
1022217418
2692341479
1332413994
574556000
2817347215
-294756735
2159241736
-414865209
8153270576
-10773285911
333467732
-1840492098
616164021
1954739586
2507209100
-6678219664
1210278138
2864017420
-448421467
2625237641
-2540028870
-1149259859
835800835
1065130748
-399646058
2116032017
-566550831
-1378344474
1300309340
-1970986521
2138607374
2853522516
1564213191
-2725806932
2140953769
2119734584
2990029444
-2698500885
463529386
1495350776
1096948178
3769047835
2082030407
-2966094394
-937729011
-3006463126
456240113
-15562204822
-4427510185
1271909506
-10286234199
215681127
2250665512
2891592309
2174816807
9418645026
917190644
2158029699
-266852353
1881655177
502073064
3347451853
1199504997
431379835
1142999129
1284693097
-514441304
-22814556472
771527604
-27617846069
406167156
545967169
541390487
-126007104
-477933287
-8756141491
1460144848
1632499713
29139238
2369304841
1839112365
-23456673557
10118404016
3590842144
-6498576288
36556950
1184249539
444115854
1840533773
-1734967241
20254281872
-1900593658
1210972342
2005213771
704896352
-63391190
1876612281
1430659644
760205810
968191175
-1266756732
1971269143
-108862416
-22571710602
1279570671
-14579933284
-109916893
2299496534
2764677511
614206898
3202381676
4559542975
-1690540980
-10866547198
1655297777
1586259801
-11830965781
-285233781
588379169
856580308
-2707331478
-197413979
-4584690910
5363076707
1499452049
-587584119
-269107821
1714595425
1543753260
2135922092
-368180082
1392648038
3165994802
650854307
-1739139447
2985865595
5848336147
-11726926266
5350996746
1503886403
-12373964372
1966069292
411149860
-158435108
1137611118
1004562887
447653664
1057219510
2031530637
-1214185106
-19578492949
-133903033
-11377645797
2255357201
-19597441139
-1530098391
626252280
1345846510
2346465292
-439699306
1509187093
1550041974
5238761629
2340843955
152377428
5005971185
4053765445
-1654085061
-257350265
469578
968405808
2049087938
-891082612
607370658
6228194954
1494195485
4288610104
-1213537585
810170082
972697993
-2167829336
415521401
566165303
1458738255
4702322585
1074463145
1252096022
1639922492
429489683
3070315127
8506033629
656905915
-2249281570
-633718505
2790060773
542672169
1569721086
-3038781728
2053160921
432122159
1679555977
281191479
221779816
520132226
1928945014
4748820204
3195688206
-4664030435
881381684
594945718
307748313
-1439241961
2048003882
248235006
167894322
-914036024
2062186933
-30541873936
-802350780
1321918248
1707314630
1856490391
-785556027
1286441585
1855870625
1133726430
-4026731058
-403210
-342618769
2977197654
-843016150
7134797260
2006545662
-3941373371
4987874390
1453485377
-371245559
2701516917
17849643
-177437162
-1054559966
109968211
1569634144
-106510815
3640775835
2350743841
2336763704
-911413386
10695761218
2775623340
-5369529905
-18995753245
2451582989
2569383766
29979304
3152823800
2481744996
-484557367
3668104057
-103781383
2028697898
1993578259
4215648676
-703596251
1066537089
-13194686337
-3136422913
2111905838
-1336593625
932730059
-197326212
-545786991
890549778
984291703
3466177963
-1548545513
3318679377
830737843
1150665748
386853788
726073449
1839219958
-7016132561
-843057459
-4692848491
-15606828474
2015626005
-439388378
1557635978
2602999271
879874499
2381707123
6204338497
2288094303
-539600342
2131269411
1998890450
-1211486382
1135096808
7271006910
-8186181657
491910734
2377262984
-1451106455
6115353675
-1761576227
-380907493
29645361597
2238196525
3175845967
1302633342
-590274151
-4092624466
1742574480
3911532756
-20264559
761302865
-3868192063351
2675442064
-661868262
974145667
346789098
-98345309
8916215911
-1304010030
2186680096
-935857496
1714434398
3442029087
3318834374
2889798026
309405384
1835078834
-160840466
673746757
1950985153
-474415888
2319095234
4155276181
2069183420
-1310720598
-4268586712
1663099016
-949000227
1810795260
6775065205
159789730
295484239
420483896
-1446032598
1330460924
-3181580368
1062422751
-182378743
536945560
1241402629
3834861194
-550910891
8516642207
21710108717
188157183
255127688
137452234
1175855876
-8658620218
-1238115398
1171040868
-1840346563
494213012
2109261480
714013043
-419478660
1483964241
1894381775
160424605
2715879364
-964910366
1172864334
850101213
2049370580
-32214511657
2398822693
1227693833
-13441171265
4510517463
818736937
-2598969685
6224501841
1528606485
-3249354044
2596680459
-44244933368
3640366624
-3602231038
8626873313
310192393
711164839
-93688180
-1037689704
-1024867242
1891122915
1922709583
-2386959080
2945496501
4680697929
-10708165
86054711
-1449690498
-514320386
-19797373825
-459969421
-7418224726
1253116087
-2569847050
3204304657
-93854367
1468701267
1675565648
-646149078
1345064135
5288017578
5920280253
2298967409
2713145893
1024249390
1478766666
-25448392394
-639558498
-34700963016
1798729971
1671032412
1301486450
266327054
2275177636
4033359326
2081792465
1095354703
634748040
-6950244497
-491080014
-2141781815
2435521981
-10874509840
1201604003
2583174298
2362304958
-19020303571
-15046198625
183769209
6844856846
578965609
-174302851
4807943126
-409341653
1850681543
-2232709004
-406075677
17441716360
-911368479
1227767955
-279323431
346980301
395625026
212728466
-939990869
7082368917
4582630947
1570120421
-6442511838
-460286567
-897922191
-1872072575
-14418265304
-139751859
1831787506
3056608816
-2451995906
-517901543
4286772107
-220407934
-15590495821
1050950629
-1550615308
-557148129
-428729894
-2137490459
511090338
740144311
704070872
-1291947678
411193238
77031339
1399098687
1235785490
2700115062
1633394161
12359895460
-1993739567
-458796085
777944092
4267321227
-1391726921
1364720393
-631149600
1480832677
1704322648
197504076
-3740455340734
-2100133471
-33682916016
2931491859
-634017744
731722417
-356578764
-847487424
1354552142
2313629075
-697236969
705654020732
1486418158
-242762710
1377437606
1729653202
-372708083
7575232125
2245410224
-8545938290
-3276094868
-1245408132
2721794942
2785494893
1568499693
1182608871
-59609555
-6593561676
371864202
-1988408534
-14652250607
-7381794260
568745294
82297859
4808546642
-1507911184
-445773898
-13318949213
2059999223
1627831448
1428544402
3662761905
1773724604
-11270983787
1696425797
700542025
1003802968
-5095828546
-978853179
-2729571137
-12513888411
2797176245
1475161504
30795011211
177813165
-3611099242
-1756726932
-430901206
-2155531967
-8631385215
1156704930
1089900842
2413217674
270659420
-7617523309
5147195080
-3018312547
954019968
708456378
-1346377269
959110005
-437183067
273035509
5097840644
-436460746
-1405335032
8503659761
-13154124400
2407477740
-472616036
1395343309
2031704193
1565184771
-1553996784
1108280653
5544681757
-1317263280
-18677658889
582305893
-244686147
2024911900
305891010
-12522671479
-138404114
182558262
2602216286
2720700860
-3446272324
2672103418
-106035105
1933018019
352618325
1621525349
669685218
3528820144
655145538
801534433
1546770735
2027278899
-3294674369
-1814223404
6706546211
102161623
1775401592
1619392288
12028444441
504758856
2296553405
48233734
4304120585
-590703349
-733023090
3777735144
1393610611
-138097227
3414467631
-3179559285
4130045809
-31877983
1460764724
2492763887
1437454983
-68934004
1000705231
-1396162001
5085956655
1052972859
788392429
1029547458
588455156
-34143158984
1775975013
2059023246
2319818733
3443766307
1089496978
-188928288
3048671188
-1537619915
1642867503
950955408
1625410537
-391278987
1556499686
-5881689386
665679764
-70439926
2781572352
-63939642
2295268065
-913413967
-23523390067
4070622268
2170983069
-4294432646
433380112
-3229304578
-1179515877
5166644709
2589457069
-7932898415
-1062286833
1265529469
-382301781
-15131211714
-143749479
-35954324481
1646927506
-9513906915
320780889
1580467492
-31380388430
2352917268
2944874222
1687379472
16018031
516714750
1740239909
-407171932
4282449271
-123568372
2578822427
1846633941
835652770
9355889735
-186649992
859518152
398255924
-14924430012
3284629136
1383302648
-3897198772413
1813302655
1629354195
1790942211
4228851864
-822327579
-885114403
-33894491862
-29990366169
1260813298
1316974592
270978711
-392925845
1361816481
6004813278
2032775563
7709913
1891224827
2141860262
-51520787
-51279299646
1092078289
455946410
1416149894
1108880484
2081924997
1422022296
-16955687736
2711152331
7155376015
871489362
-11449278520
-273795704
1402461156
-438664637
-274673876
-1098695785
-1079983028
-171236527
-10226528640
-26232179010
-1627983087
2666966399
5740440691
-17778208479
1846288285
1718178387
-235249008
-463936280
2804528146
-546566155
639056932
1299259212
6352487674
251788033
1684813046
2740699760
-428846098
303158048
7362351710
-2335945249
104485145
-1032676856
1733240320
2535062151
-747964921
2007456154
-28567378
1615344696
1425535160
3013334505
3046883070
-12919310333
1262770885
1883291405
-19068772
-1291402208
-287170221
667025481
1302764843
7227789824
707693918
-743347214
1520405523
2059577503
1643838156
4338612955
3359599764
-1099676915
2078830889
-301381477
3040146088
-22622127848
-9220321408
-388287321
3203478836
54980757
3509059348
2377608895
81080325
8889582293
-25083861876
-865121818
-864309443
357735789
-969158051
1247849779
-481307885
-1077659864
19146092871
-354570833
2450653214
-2291773459
2447259898
-352213609
2969083226
3465324739
-419431750
1444191685
-1232826982
2428545498
2820566038
-1824173160
-2224556545
1004740944
-24244869
4548114401
-42996173
641754946
-752350526
-921099057
1394662214
6322019895
2930588751
2849488418
-44416358
1508578113
-135635571
3042900527
-10365005411
1755358175
1715694097
2489723908
-40969719
-549528728
1418064191
-2923681296
955767163
-480797897
-15181663490
112301269
431328507
1672392790
1633488041
238854004
-8515879756
-2355094236
-18335974839
95565119
-8736822637
2107723473
1191232404
2494820459
513994280
-167627934
3683170440
24078039547
-511499059
2409073801
319015843
870842345362
359802295
5493026317
10273682
934790550
559659391
927146008
3033863494
1876735890
1019708819
-7856026410
1181610413
1058027575
-2270464427
3111604148
-271012295
331089687
1404686838
-17667583888
1544719838
3338163498
1336994147
244989161
-37720705514
2728399708
-714869384
1749469415
13876579351
286897374
61188997
-43402908360
827898103
-1501144054
-26347156567
225936556439
1072191246
-467103006
16222675327
-7761913822
21545741
2144982343
5295553200
-273589472
-1401511129
-76459004
-93892775
-37027220704
1330916209
618812707
275040283
2778284479
2489655746
9394092454
2386335874
1181880351
-28232185780
934211469
304649790
1536092993
1564514734
610517546
-88288832
-1476979627
2559110954
34976971
1392932766
1136332468
1601016261
752781245
-1304516468
572782318
1552912517
631152179
4769051892
4259386559
-426511401
-47424663166
-386727628
2723562651
4765586952
328800580
2510769634
4919336612
1434488990
-17477663733
184340733
1252444151
-1666961028
1045021851
1107149681
-22161910910
-629401021
695674183
2236758414
404334357
2907800612
-671499438
F
-9630293878
-503374520
27269183
-65340678
2137731252
-1963701992
1384001260
887654350
-510087214
-3799150546
650868817
-10541067435
380995466
4978098099
464542485
-5734065466
-19354693269
1864602247
-2032571968
1576351876
-213884932
4666513036
-563749191
2144748391
2758944949
686781485
786603396
131882971
4509020482
2489515188
35350797577
2631128712
4774187463
3035842754
-173757976
1264045277
2381933885
1430073329
7185323444
-114973880
-395727958
-486356441
-9249110067
4539408818
603181756
2000724416
-378458475
-27515280162
152725783011
6123481586
836840962
294361528
-66618502
1396841638
5543194562
4169259469
477450138
-6886692827
2346010513
1199419981
1095394791
-2363725951
2141105564
682976856
6192702085
999795262
-2902848479
3019850391
3956050553
-1218663456
-4093274712
1204934624
-1794739046
-3740285603
1871421576
-2042607890
1109729600
-4012790490
-2272992060
2458239903
-923674800
282503573
-14124401914
-426494676
-38161777
1562043269
2744274256
3740009122
1457861586
1070426
-2212943160
-1970549823
2397754333
-3053135404
-33618753896
-170869777
-3672421427801
-178427870
-480632044
182172924
3592351504
2682227952
289827992
-640447740
-1303633033
-83508356
1819582073
2439982320
-406060427
3806527091
2093963274
-4078464689
1966740075
-22070973
339836029
-332001734
-40679244158
648621899
3327798352
2219265157
-18123661787
1945550731
-1473242027
21591462846
-16136214584
-332437110
2929453203
1794135168
1602568873
-7354642717
1329294984
-11238811
58235332652
510592948
1418129768
-2079950412
565942965
1386986489
-1221901476
-2152213240
227741568
-2309906981
162546911
2981634428
872168906
-26149338470
315599652
192967634
1068755906
8726456237
1824002174
-3729226227
3185870311
-384167372
-10866531597
25744918
3014539358
-1286470179
1459864389
-96283719
1931625783
1509726408
688694394
967397735
877438257
3055192213
1125813999
1130649144
-1180142027
1839211205
-6081451059
-3516572605
1513647407
1795714729
348428497
1537203555
-19979638043
2332425501
2219470722
1717603482
758205520
-31241735432
-476207292
-2560436254
39707165
-750277209
1861534260
809150076
426975043
1278724155
2153147816
-5938445502
3023386044
3753312008
1925165539
-13868006806
881687200
2177805034
652373838
-417401948
1253938606
-1724580233
-2445305330
-3892793459110
1206206768
-3960148987099
-1107513272
1656871289
-477550839
726853347
1391393668
1674253038
-239766111
-1736552387
2443217170
-723997594
2373729059
-1348202569
2777072847
621770490
1146216142
289091563
206704271
-1059489179
1700352466
2509110904
-788651776
-2685605152
-19713768578
739190003
2965458427
608811411
2287107114
1134318745
-1391419243
1318815133
-408782345
-5228548913
182314270
1087004808
2185162964
9118206692
2390334718
-1306265704
104300368
1173199906
-14475471260
4457928025
3895050738
597153841
808824438
-175472664
972951650
-471649817
2765050701
1088831041
4867599263
5972926647
1412868163
-3242473359
-267254168
3905612431
1369177677
-792387511
1145904999
250524030
1417408894
1618772684
-9478161943
-311209895
4775622348
-1150829544
-553746072
2714310850
1944999353
25006904140
865955867
1095917943
-1180171991
475631811
1926154482
-160675687
278147893
2023886428
857676418
2589176884
2079812444
1737318677
4341742995
911842114
-481726705
2602912918
3311735892
2461751892
-15644707218
-772523062
-3882910562
-5105903092
-119958397
-1169785934
2664506400
738164310
1146098512
1767877671
753996194
1249173819
-27027882542
-2712522420
-3896934392
-23793045071
-337282999
-492682704
-649720039
-388975330
605765251
1801205055
1031392377
-28030102725
-239946499
-2958015455
-128944993
5760981839
3294311949
2421844770
1035444862
2394981248
3344388682
4681061940
1191589746
1741308125
3272053592
-40147990635
3075040230
2469369668
-183090050
6494073283
699005765
1587231994
-16910939622
-1068561673
301945033
1279434282
-253441291
-26378252052
2962827910
1559098143
4674080280
2117601510
-3821147924
212650619
2219349890
-1492570306
-284609609
2153565473
7642166168
