-19951921283710
-19824907952578
-19864270494458
-20016352146514
-19960666473367
-20014970487251
-19987572973190
-19433578048230
-19904335441647
-19973957506356
-19959015833098
-20010740988037
-20106992846250
-20061706975944
-19980712407983
-19980846575743
-19966561817887
-19903242332628
-19961317360292
-19834935513136
-20077548707255
-19900387812718
-20057101683809
-20095876125906
-20152519275448
-20011364417480
-20007547131085
-20115728431805
-19937693440077
-20113188438215
-19969920353041
-20013009125805
-20222611158349
-19975020516021
-19723630325168
-20168149062822
-19890881784306
-19985353898423
-19710295033225
-19933711782744
-19981585614526
-19888219648072
-20003184786182
-20173121656379
-19996567509253
-19783220264388
-19978967189366
-19967429793171
-20214927946192
-20038526712938
