-20040109467232
-19935773539730
-19995121308311
-19940673456138
-19956601092911
-19806894296857
-20548407563271
-19938593768485
-19931724179393
-20024864170797
-19977831448534
-19966980195087
-19975766146944
-19852076422414
-20059583025088
-19975997115347
-20467789257625
-20119024201920
-19682682230904
-19883056611764
-20052451109932
-19959873909501
-19992240949480
-20090769853671
-19998272569268
-20011984675575
-19874103390191
-19920577312523
-19983227052630
-19943426657638
-20204490075236
-19940737173036
-19769017718798
-19988797427250
-19985546153820
-19999073115461
-19833565094176
-19991524530820
-19943703196987
-20027253997030
-19957476123883
-19974885178469
-19890527104002
-19975731280694
-19990995590622
-19983311852106
-19990019137499
-20026266759661
-20003832588822
-19944528192450
