-3727295827
94493183
-14678941917
-5574054938
-7077139744
-10056542275
-854708313
-1232365188
-1624606576
-3583909712
-4938133815
-3390253798
-2510752091
-3034158008
-9061709536
-4499610484
-16383580023
-3540735974
-5742888154
-13867296727
-129275888
-11268675743
-3506123988
-13061258642
-12592734018
-1679411577
-8135238955
-4646184019
-1160055229
-209637524
-179112076
-83729206
-2731509994
-6053511050
-3460316620
-9221265399
-11687144238
-1538147384
-849135143
-16388742402
195552647
-6669533090
-1777242334
-1443973494
-2686712156
-11116841720
2481416278
-3710590851
-793537519
-227288909
