50
10
1 2 831025401
2 3 17043499
1 4 749476846
4 5 605299999
5 6 350873404
6 7 300659907
3 8 406207791
2 9 612660130
7 10 685646376
30
5 6 5064476579
8 8 0
10 10 0
4 5 3660445897
5 10 0
1 9 3660446885
6 7 5064475522
10 10 0
9 9 0
9 5 2865312306
5 7 5064476497
1 2 3660446441
10 10 0
9 9 0
7 10 5064476229
2 8 1215218321
4 6 5669776044
2 3 2935329412
1 9 3660445933
3 9 3677489533
5 6 5064476323
9 9 0
4 10 5669776263
5 7 5064476093
5 6 5064476303
10 10 0
5 6 5064475810
1 8 4083697649
8 8 0
10 10 0
10
1 2 103230475
1 3 474868000
2 4 515909190
4 5 663338857
2 6 102102779
6 7 947025005
2 8 562396426
8 9 960265707
8 10 149407158
30
2 6 486436892
3 3 0
2 7 468197975
7 7 0
4 5 0
1 9 1531399344
10 10 0
4 5 568846452
5 5 0
6 10 1198240295
10 10 0
4 7 1049128068
3 3 0
9 9 0
7 7 0
2 4 421416114
4 5 568846466
10 10 0
1 2 551
10 10 0
7 9 2009393476
7 8 1049128370
7 7 0
5 5 0
7 7 0
3 3 0
9 9 0
5 8 1647151305
3 3 0
4 7 1049128211
10
1 2 343610644
1 3 262011014
3 4 636871448
4 5 136602542
3 6 548703932
6 7 378726878
1 8 501799864
8 9 907551481
1 10 744406588
30
3 10 5804990022
2 2 0
8 9 8141762615
1 2 0
7 7 0
4 8 11019041095
7 7 0
8 9 8141762602
7 7 0
2 2 0
6 7 0
1 2 15022553252
4 5 13944208674
8 9 8141762841
2 2 0
10 10 0
2 2 0
5 5 0
4 5 871336197
5 5 0
10 10 0
8 9 7444730834
10 10 0
10 10 0
2 6 15833267853
8 9 8141762564
8 9 8141763105
10 10 0
8 9 8141762957
3 5 14581080313
10
1 2 313219122
2 3 701512430
1 4 134765952
3 5 585461172
2 6 734613232
6 7 192447641
3 8 634129660
2 9 859721738
6 10 893819159
30
5 10 5717903123
2 3 3504009890
2 3 3504009967
7 7 0
9 9 0
3 4 6723553286
5 8 4089471033
2 3 3504009887
5 5 0
2 8 3504009601
3 5 3370313042
9 9 0
1 4 0
3 8 3504009342
5 10 5717902633
9 9 0
3 5 2789203888
5 9 4931546872
10 10 0
9 9 0
5 5 0
8 9 4265409696
9 9 0
4 4 0
5 5 0
10 10 0
5 5 0
3 5 3370312283
4 4 0
4 4 0
10
1 2 750628591
1 3 497363314
3 4 687971647
4 5 2379790
4 6 410393721
6 7 38276814
6 8 919185721
4 9 340646754
8 10 924197650
30
1 2 3325979114
10 10 0
7 7 0
3 7 5184506710
3 9 5486876068
9 9 0
7 7 0
10 10 0
1 7 5681869114
10 10 0
10 10 0
2 8 7016704255
3 7 5184506595
10 10 0
9 9 0
10 10 0
10 10 0
9 9 0
9 9 0
8 10 8001337447
8 10 0
10 10 0
2 9 6734868027
9 9 0
9 9 0
3 8 3948461847
10 10 0
9 9 0
2 2 0
10 10 0
10
1 2 6473772
2 3 796800429
3 4 829342141
2 5 319896536
1 6 279808123
5 7 473899993
7 8 608866987
5 9 422669480
5 10 174032741
30
2 8 11459206139
2 3 5517555814
9 9 0
3 10 8074427803
9 9 0
2 4 6346898551
9 9 0
2 3 5335786947
2 3 5517556095
4 7 8729736974
4 4 0
9 9 0
1 7 3753218507
6 6 0
4 4 0
6 6 0
2 3 5517556518
2 3 5517556358
10 6 7557435268
10 10 0
2 3 5517556517
3 7 7900394498
9 9 0
9 9 0
4 4 0
9 9 0
2 4 6346898174
4 5 8729736890
7 6 7383402540
7 8 0
10
1 2 13493434
2 3 999866883
3 4 622202159
3 5 166933769
4 6 362829240
4 7 919582316
3 8 609589947
8 9 59459855
3 10 415723320
30
3 4 499
10 10 0
7 9 3065542713
3 5 1021641746
1 4 2490270290
10 10 0
4 7 0
6 9 2508789763
10 10 0
9 9 0
10 10 0
10 10 0
3 5 812
10 10 0
3 6 1839739498
10 10 0
7 7 0
10 10 0
10 10 0
10 10 0
10 10 0
5 5 0
1 7 3409853557
10 10 0
10 10 0
10 10 0
4 5 1643844154
6 6 0
6 6 0
10 10 0
10
1 2 824042616
2 3 380316390
1 4 733888384
4 5 898181036
2 6 241157421
6 7 78049488
7 8 414942556
5 9 932800749
9 10 506583531
30
6 8 1686092648
2 3 1332260279
9 10 0
2 3 1332260477
3 3 0
8 8 0
9 10 1738949401
2 8 1686092846
10 10 0
8 8 0
2 7 1271150723
9 10 1738948861
1 7 1104464646
3 7 1651467000
2 8 1686093492
10 10 0
2 7 1271150742
1 4 0
4 9 898181402
7 8 1104465034
10 10 0
3 3 0
5 10 2671749954
7 8 1104465458
8 8 0
8 8 0
2 3 280421881
1 8 1686092623
8 8 0
9 10 1738949444
10
1 2 34213998
2 3 717814452
2 4 86217206
1 5 711709491
5 6 341720965
6 7 961887465
6 8 396580689
7 9 375449771
2 10 299693742
30
5 8 1546716500
1 7 2489788812
10 10 0
8 8 0
5 8 1546716761
7 9 2000056735
5 6 1150135911
6 9 2961944619
8 8 0
9 9 0
4 10 1935461518
7 9 2000057174
8 8 0
3 3 0
1 10 1883458242
9 9 0
3 3 0
10 10 0
6 7 1436358096
7 9 2000056707
9 9 0
7 9 0
7 9 2000057287
4 4 0
9 9 0
6 7 1150136457
9 8 3358525332
1 3 1883458733
3 10 792870526
9 9 0
10
1 2 803328794
1 3 999680320
3 4 560260565
2 5 734018516
4 6 671276899
6 7 868364946
6 8 853065874
2 9 969308417
3 10 318098792
30
5 5 0
9 9 0
7 7 0
8 8 0
2 5 2886776045
5 5 0
5 9 3856084085
9 9 0
4 8 3114365761
1 7 6683492670
5 5 0
2 5 1431153122
9 9 0
5 5 0
8 8 0
1 2 0
6 7 0
3 6 2554148161
10 10 0
8 8 0
3 8 3114365709
9 9 0
4 8 3114365423
5 5 0
4 7 5123552477
8 8 0
9 9 0
5 5 0
7 8 5305340532
8 8 0
10
1 2 306532716
1 3 570176679
3 4 360051066
1 5 780759742
5 6 517160992
1 7 681908263
6 8 331028981
1 9 83701539
6 10 25092242
30
2 2 0
4 4 0
7 7 0
8 8 0
4 4 0
3 4 5298185778
3 4 5298186277
8 9 5657140913
4 4 0
4 4 0
6 10 993644496
7 7 0
7 7 0
6 8 993644509
4 4 0
9 9 0
8 10 4300610728
9 9 0
9 9 0
9 9 0
3 4 0
2 2 0
6 8 4275518287
9 9 0
4 4 0
3 4 5298186164
9 9 0
2 6 3015941532
5 6 3526646716
2 2 0
10
1 2 58625886
2 3 578981334
3 4 434125701
1 5 934357504
5 6 569764933
5 7 314285726
6 8 284737554
8 9 928518459
9 10 363755832
30
7 7 0
4 4 0
5 9 4601327803
10 10 0
4 4 0
4 7 5526121707
7 7 0
3 4 3108567247
4 4 0
9 10 0
5 7 3520031073
3 4 715812320
4 4 0
9 10 3754009879
5 6 571947243
5 7 184508496
7 7 0
4 4 0
9 10 3754009998
4 4 0
3 4 3108567179
6 8 1334504150
7 7 0
9 10 3754009928
3 4 3108567635
4 4 0
7 7 0
4 4 0
6 9 3269006489
8 10 4682528214
10
1 2 944147871
1 3 546782117
3 4 691813752
4 5 555102998
5 6 11535905
2 7 931369588
5 8 39164642
8 9 265543129
8 10 424792475
30
5 8 1934797011
3 8 2127580263
2 7 0
4 9 1934797426
5 6 1726184405
6 6 0
8 9 1934797486
10 10 0
7 7 0
5 6 1726184963
7 7 0
6 10 2986245744
8 10 0
7 7 0
8 10 2935544628
10 10 0
6 9 2030892668
3 4 1934797191
8 10 2935545278
5 6 796103591
7 7 0
8 10 2935545373
9 9 0
4 8 1934797339
3 9 2127579777
5 6 1726184457
5 6 1726185199
7 7 0
3 6 2973102102
5 9 1934797430
10
1 2 492129897
2 3 941217160
3 4 372190890
2 5 813316000
2 6 993396092
6 7 770336186
6 8 20199252
5 9 593370615
3 10 884658300
30
6 8 1865974231
7 7 0
1 9 4397185368
4 4 0
7 7 0
7 7 0
7 7 0
8 8 0
6 7 1737442725
1 6 2990498207
1 6 2990498255
7 7 0
6 7 2067051982
1 3 4839696920
6 7 2067052177
1 2 2990498117
9 9 0
6 8 1188383029
10 10 0
7 8 2636310816
6 8 1865974902
1 5 3803814561
6 7 2067052133
7 7 0
7 7 0
1 6 1529186119
1 7 3760834315
2 4 0
7 7 0
3 10 0
10
1 2 501963330
2 3 830710393
1 4 930101215
4 5 759743954
4 6 376194386
2 7 174697585
5 8 438767453
8 9 966464503
4 10 583652098
30
3 7 5862441752
2 3 5862441319
10 10 0
6 6 0
7 7 0
3 3 0
6 6 0
10 10 0
4 5 0
6 6 0
2 3 5862441916
9 9 0
3 7 4204676247
3 3 0
10 10 0
10 10 0
2 3 5862441339
9 9 0
2 3 5862441733
8 9 10027600152
5 8 0
3 7 5862441905
3 3 0
5 9 10466942028
9 9 0
8 9 10027599852
2 3 5862441267
3 3 0
8 9 574696
3 3 0
10
1 2 449637379
2 3 663035781
3 4 605764661
3 5 904058500
4 6 994613852
3 7 37999940
4 8 960419891
6 9 986723295
8 10 376331958
30
6 9 3015945440
2 9 5279359800
8 10 4875942622
2 10 7105163601
1 3 3747660102
2 6 4292637037
7 7 0
5 5 0
6 9 2470389212
7 7 0
2 10 7105162849
7 7 0
2 8 3430808714
6 10 6830976649
7 7 0
5 5 0
8 10 0
5 5 0
9 9 0
10 10 0
5 5 0
7 7 0
8 10 4875943316
2 8 3430808164
7 7 0
5 5 0
4 8 3298022703
6 9 3015945404
2 5 4202081390
2 3 3298023294
10
1 2 774540404
2 3 678116860
1 4 690293667
2 5 119690412
5 6 953416614
6 7 724057499
7 8 13365034
6 9 997038546
1 10 26467562
30
10 10 0
4 4 0
7 9 10484880711
6 9 9760823992
5 7 9487842481
8 8 0
10 10 0
5 6 9487842730
5 7 8573212009
1 2 0
10 10 0
10 10 0
9 9 0
10 10 0
7 8 6990846419
6 9 7619795385
2 3 8076102322
10 10 0
8 8 0
5 9 10714240330
8 10 18995118117
2 3 8985594561
2 3 8985594994
5 8 11083573384
10 10 0
5 8 11083572920
5 7 9487843108
9 9 0
5 6 9487842868
4 4 0
10
1 2 152592779
1 3 137870030
2 4 593031553
4 5 286434823
1 6 768224205
4 7 252859841
2 8 35446196
8 9 701251082
9 10 741799403
30
4 5 2557758333
5 5 0
4 5 2557758925
7 10 5865124566
6 6 0
6 6 0
7 7 0
3 3 0
1 4 2431127092
6 6 0
3 3 0
9 10 0
5 7 1522272661
1 10 5171825566
4 5 2557758953
10 10 0
4 6 3199351581
3 3 0
8 9 2395985547
6 6 0
5 7 2557758908
8 3 2028549720
6 6 0
7 3 3441252868
8 9 1846001874
5 7 2557759212
2 3 1993103272
8 9 2395985182
8 9 2395985392
5 7 2557758898
10
1 2 940523773
2 3 50144058
1 4 955849889
2 5 612067669
5 6 282195969
5 7 468471533
5 8 826771069
8 9 671601453
7 10 227054413
30
4 4 0
8 9 6414490411
3 3 0
9 9 0
8 9 6414490119
10 10 0
9 9 0
3 3 0
3 3 0
10 10 0
8 9 0
10 10 0
10 10 0
8 9 6414489635
3 7 5412334132
2 3 4331795083
10 10 0
7 10 2600033660
3 3 0
5 6 2836070506
3 7 5412334206
2 10 4450448998
9 9 0
5 10 3838380615
9 9 0
3 7 5412334653
2 3 1461237282
5 6 3189013827
8 9 6414490352
8 9 6414490373
10
1 2 153414078
1 3 4822855
3 4 831223544
1 5 329248757
5 6 589158780
6 7 740867074
7 8 170575258
7 9 568162031
5 10 31749953
30
8 9 7656173218
2 2 0
2 2 0
4 4 0
4 4 0
7 8 7088011371
2 2 0
2 2 0
7 10 12877046502
9 9 0
7 8 6949861421
2 2 0
7 9 7485597660
9 9 0
4 4 0
7 8 7088011154
7 8 7088010852
2 2 0
4 4 0
1 2 14020711144
2 2 0
8 8 0
1 2 0
7 8 7088010564
7 9 7485598075
8 8 0
3 6 2686098500
2 2 0
7 8 7088011233
7 9 6949861588
10
1 2 225441117
2 3 26583733
3 4 161733905
4 5 919046241
1 6 545339503
6 7 75291916
1 8 746722683
5 9 337606823
5 10 13723297
30
1 2 835676617
6 7 204567884
2 9 1173283227
9 7 2420319291
9 9 0
6 8 746722518
9 9 0
6 7 204568782
6 7 204568167
10 10 0
2 4 835676607
3 10 849399433
5 8 2007420577
6 7 204568674
6 7 204568501
9 9 0
2 10 849399302
1 2 835675915
6 7 204567920
3 8 1582398799
6 7 0
1 5 835675947
10 10 0
1 5 626405046
1 2 835675946
7 7 0
9 9 0
3 5 835676740
10 8 2021144642
2 4 835676190
10
1 2 699319660
2 3 163604342
3 4 312745977
2 5 143762565
1 6 983762022
6 7 180426010
7 8 50376915
1 9 4722251
9 10 290055283
30
2 3 826118354
9 10 6023822815
5 5 0
9 10 6023823625
9 10 6023823557
10 10 0
3 4 826119052
9 10 6023822825
10 10 0
9 10 6023823209
6 7 0
10 10 0
6 8 11499478799
8 8 0
9 10 6023823624
9 10 6023823574
9 10 6023823087
10 10 0
4 5 11062671226
9 10 6023822933
9 10 6023823470
8 8 0
3 4 10755303568
7 8 454
4 4 0
9 10 6023822912
9 10 5534908211
9 10 6023823395
1 5 1525437602
9 10 6023823317
10
1 2 802158460
2 3 216192987
3 4 560614199
3 5 205086979
1 6 58293483
3 7 15629679
7 8 582586416
3 9 751321
3 10 121478792
30
4 4 0
10 10 0
4 4 0
8 8 0
9 9 0
7 8 3160959363
4 4 0
5 5 0
4 4 0
1 8 4194940818
4 4 0
6 6 0
7 8 3160959730
7 8 3160959916
7 8 3160959764
3 6 4582769350
1 6 0
10 10 0
5 6 4787856317
5 5 0
7 8 927751041
9 9 0
4 4 0
9 9 0
5 5 0
8 8 0
8 6 5180985052
2 6 4366576533
4 4 0
7 8 3160959694
10
1 2 731684598
2 3 384294457
3 4 147272741
2 5 440215320
5 6 909425356
5 7 57642149
5 8 928624696
1 9 822604088
2 10 68759483
30
4 4 0
7 7 0
8 8 0
7 7 0
4 4 0
6 6 0
7 7 0
7 7 0
4 4 0
3 4 6740450288
4 4 0
6 7 0
6 6 0
5 10 0
10 10 0
7 7 0
6 7 14028326202
1 4 7856428805
4 4 0
4 4 0
4 4 0
3 4 6468081633
6 6 0
7 7 0
4 4 0
4 4 0
2 4 7124744993
6 6 0
4 4 0
4 4 0
10
1 2 139380768
2 3 328736900
1 4 757661732
2 5 970668601
5 6 208380678
3 7 10571861
7 8 54304899
4 9 701026506
9 10 319746546
30
3 7 6116068703
3 7 6487237648
5 6 12801115119
5 6 12801114943
9 10 8015728437
3 8 6541542737
8 8 0
3 8 6541542635
4 10 8015728180
8 8 0
6 4 14668825815
5 6 0
3 7 6487237664
8 8 0
10 10 0
7 8 6116069438
5 6 12801115155
3 8 6541542266
3 8 6541542075
3 8 6541542727
3 7 6487237978
6 6 0
8 8 0
8 8 0
4 10 8015727838
4 9 8015728238
3 7 6487237444
10 10 0
7 8 6530969532
4 10 5597779392
10
1 2 177073882
2 3 119061564
1 4 606012813
4 5 663881692
4 6 120780338
3 7 62310589
7 8 619354689
7 9 275400753
3 10 187346964
30
10 10 0
9 9 0
10 10 0
9 9 0
9 9 0
10 10 0
10 10 0
8 8 0
10 10 0
2 5 1091534575
2 7 0
1 6 2155625858
10 10 0
10 10 0
1 4 2034845601
10 10 0
9 9 0
1 7 2216217779
4 5 2034845753
4 5 2034845911
9 9 0
8 8 0
10 10 0
10 10 0
9 9 0
5 5 0
6 6 0
10 10 0
5 5 0
7 10 2048130694
10
1 2 95160929
1 3 888903199
3 4 11602180
2 5 150858197
5 6 222564497
6 7 732434922
7 8 178428315
7 9 865010209
1 10 645839232
30
5 8 4997894628
8 8 0
7 9 4270772590
5 9 5684476245
7 8 4270772969
2 7 4421630535
3 10 888903397
10 10 0
5 8 4997895119
3 4 0
10 10 0
8 8 0
5 7 4819466857
5 10 9027097902
4 4 0
1 2 0
5 7 4819466752
4 4 0
5 6 4819466738
5 6 4819466507
10 10 0
7 8 4270772435
5 7 4819466781
9 9 0
10 10 0
5 7 4819466471
10 10 0
10 10 0
6 9 5684476949
5 6 4819466409
10
1 2 9586855
2 3 988002089
2 4 233190289
1 5 475289209
2 6 840643616
6 7 290685513
6 8 737121947
4 9 795313609
6 10 93590179
30
8 8 0
3 8 2510213991
2 3 4701737987
4 8 4934928183
6 10 0
2 3 4701737705
8 8 0
5 5 0
5 5 0
5 5 0
2 3 4701738230
2 3 4701738484
8 8 0
5 5 0
4 9 5441498434
4 9 5441498394
10 10 0
10 10 0
4 9 5441497628
9 9 0
3 3 0
5 5 0
3 3 0
4 9 5441497869
5 5 0
5 5 0
4 9 0
5 5 0
10 10 0
8 8 0
10
1 2 104072422
2 3 650194455
1 4 269597151
1 5 620736411
3 6 920902682
6 7 943664366
3 8 790202738
1 9 673899448
9 10 493213177
30
2 3 917751283
4 4 0
6 7 1185968977
2 6 1813401325
9 10 1653268677
8 8 0
9 10 1653268406
9 10 1653268943
2 3 917751082
2 8 1707954150
4 4 0
9 10 1653268850
5 5 0
5 5 0
9 10 1653268700
9 10 1653269345
9 10 0
5 5 0
1 6 1917474023
10 10 0
9 10 1653268486
9 10 1653268780
6 7 1185969322
5 5 0
2 7 2757066226
10 10 0
6 7 917751366
5 5 0
9 10 1653269313
5 5 0
10
1 2 120729024
2 3 791842246
3 4 174002504
4 5 677209165
4 6 704508617
3 7 846373479
4 8 213379237
6 9 851491710
1 10 934575224
30
3 8 597019686
6 9 633935608
6 9 633936209
6 9 633936106
2 6 1496351184
6 9 633935761
6 9 427193711
2 4 1175482352
10 10 0
8 8 0
5 5 0
8 8 0
4 5 0
7 7 0
8 8 0
10 10 0
10 10 0
6 9 633935523
10 10 0
3 9 1556000859
10 10 0
5 5 0
8 8 0
9 9 0
2 5 1852691748
7 7 0
2 5 1852691728
5 5 0
6 9 633936488
5 5 0
10
1 2 950613348
1 3 946554606
1 4 667462118
4 5 927787766
4 6 677542978
1 7 75480369
4 8 152816042
8 9 694024324
1 10 880093730
30
10 10 0
1 2 0
10 10 0
3 3 0
2 2 0
7 7 0
8 9 0
6 6 0
3 3 0
6 9 1967063845
7 7 0
6 6 0
2 2 0
8 9 873136761
7 7 0
8 9 873137290
8 9 873136992
7 7 0
3 3 0
7 7 0
10 10 0
5 7 1598764454
6 6 0
2 2 0
6 6 0
5 5 0
8 10 1283987647
8 9 873137299
4 7 670977052
8 9 873136668
10
1 2 100006666
1 3 843621822
3 4 843247538
2 5 578121478
5 6 230482879
6 7 141184404
7 8 173921186
7 9 955980314
9 10 821323141
30
4 4 0
9 4 3776374458
3 4 926977167
7 8 1039601315
3 4 926977255
5 9 1411268162
3 4 0
8 10 995353418
9 10 1039600714
6 7 775671305
3 4 926977102
4 4 0
8 10 1039600555
3 4 926977478
3 4 926977259
6 7 775671507
6 8 1180786590
3 4 926977572
7 9 1039600611
4 4 0
3 4 926977192
8 8 0
7 10 1039600492
10 10 0
3 4 926977157
6 7 775671226
5 10 1457029305
9 4 3776374926
9 10 1039601437
2 6 1353792117
10
1 2 775014099
1 3 941572131
2 4 712399623
3 5 584256305
5 6 817377860
6 7 552311886
7 8 976997781
6 9 810780540
8 10 43635178
30
5 9 3435184623
10 9 3478819623
4 8 8091440145
10 9 3478818895
3 10 3252295157
3 10 3252295398
8 10 2453794071
2 4 0
7 10 2668039278
5 8 2624404075
6 7 2624403788
10 10 0
8 10 2453793988
5 6 2624403684
5 9 3435184626
3 8 3208660450
9 9 0
7 9 3435184428
5 7 2624403986
3 6 3208660149
5 6 2624403621
1 2 657
5 9 3435184046
5 10 2668039459
5 8 2624403670
5 8 2453794344
5 7 2624403828
4 4 0
5 7 2624403976
9 9 0
10
1 2 805542888
2 3 881058941
3 4 793451960
4 5 777135343
4 6 238045498
3 7 690946244
4 8 417224160
8 9 625871378
6 10 527643865
30
1 7 4780961867
6 10 6581155026
7 7 0
5 5 0
5 5 0
5 5 0
1 5 8101071134
9 9 0
6 10 0
9 9 0
5 5 0
1 4 4780961209
7 7 0
7 7 0
4 5 1209629373
8 7 4860774347
8 9 3912162090
1 7 4780961510
5 8 6038241512
10 10 0
2 10 8493712127
8 9 3912162457
1 3 3912161491
5 5 0
1 5 8101071907
8 9 3912162068
6 10 6581155238
1 9 5664498886
1 4 4780961537
7 7 0
10
1 2 878256182
1 3 617296717
3 4 920852818
3 5 927604521
2 6 713906845
6 7 471582977
7 8 495489576
8 9 872792104
4 10 538072172
30
2 9 6014088432
2 9 6014088986
10 10 0
4 10 3791108298
1 2 5070627260
4 10 207280849
2 9 6014089092
9 9 0
3 5 0
2 6 4174223727
8 9 4333109547
7 8 3955806992
5 5 0
1 9 7624398757
4 10 3791108360
7 9 4828598882
7 8 0
6 3 5784534080
8 9 4333108458
5 5 0
4 10 3791108196
4 10 3791107943
1 6 5784534187
10 10 0
2 4 806095805
8 9 652
2 6 531
1 6 5784533997
5 5 0
8 9 4333109712
10
1 2 525766748
2 3 445449591
1 4 240727772
1 5 760184394
5 6 806100032
4 7 400589103
2 8 551129060
6 9 37756558
9 10 498373562
30
2 3 9666715514
10 10 0
10 10 0
10 10 0
7 7 0
10 10 0
1 5 599850758
5 6 599850791
3 3 0
3 8 10217844739
2 8 599850772
8 8 0
2 3 0
9 10 0
10 10 0
4 7 4388976826
7 7 0
3 3 0
10 10 0
3 3 0
8 8 0
7 7 0
6 9 599850398
10 10 0
10 10 0
10 10 0
8 8 0
4 7 5232877676
8 9 11302352280
1 2 599850446
10
1 2 617303208
1 3 736555259
2 4 575732966
4 5 330772847
5 6 994792488
1 7 223155419
5 8 398767223
4 9 158434539
9 10 62573245
30
8 8 0
10 10 0
6 10 8038808407
9 10 6554807852
8 8 0
9 10 6554807656
9 10 6554808548
3 3 0
5 6 6652289978
7 7 0
7 7 0
8 8 0
8 8 0
4 10 6713242749
7 7 0
5 9 6188081180
2 4 13103336779
4 5 6029645933
9 10 5194909827
7 7 0
4 7 0
8 8 0
9 10 6554808494
6 8 6428414022
5 9 6188081259
8 8 0
4 6 6983063693
10 10 0
3 3 0
6 10 8038808273
10
1 2 396433997
2 3 79427338
3 4 776477038
2 5 814936377
5 6 842718823
6 7 272713305
5 8 83913784
1 9 15963153
2 10 191652129
30
7 7 0
9 9 0
8 8 0
10 10 0
4 7 1971335647
5 6 2353085219
5 8 0
8 8 0
10 10 0
7 7 0
1 8 2833432405
3 4 2353085261
1 9 0
8 8 0
3 4 2353084618
2 6 2353085044
8 8 0
7 7 0
3 4 2353085203
7 7 0
7 7 0
7 7 0
8 8 0
10 10 0
7 7 0
7 7 0
3 4 2353085178
4 4 0
7 7 0
8 8 0
10
1 2 845339249
1 3 800338175
3 4 767087924
4 5 592012713
1 6 511600839
5 7 808656567
4 8 884703110
2 9 602556680
7 10 381401757
30
4 5 589044249
5 7 589043602
9 10 6158129128
7 8 2849031579
3 8 1052564666
4 7 1660761188
3 10 3230433558
2 9 2808632778
8 8 0
9 9 0
4 8 1448361690
4 5 852104301
5 8 2040375132
9 6 0
3 5 2040375136
1 10 4030771605
3 10 3230434029
4 10 2463345657
5 10 1871333438
7 10 1062676937
4 5 852104432
5 10 1871333690
10 10 0
4 7 1660761689
7 10 167860674
6 6 0
4 10 2463346489
4 10 2463345553
8 8 0
2 9 2808632726
10
1 2 500676519
2 3 817617736
1 4 379727805
2 5 693398826
2 6 171026375
2 7 869843203
7 8 815007751
6 9 870981814
5 10 240280629
30
10 4 18202827164
8 8 0
7 8 1018098505
1 4 8409165308
1 7 9279008625
10 10 0
7 8 16185651734
8 4 17935899685
2 5 8409165590
6 9 9031845951
6 9 9031846554
10 9 18364430538
3 4 9677600025
6 9 9031846652
4 4 0
10 10 0
8 8 0
9 9 0
5 10 0
10 10 0
6 9 8227878265
7 4 9729825434
6 9 9031846023
10 10 0
8 8 0
2 4 8859982301
6 9 9031845951
6 9 9031846275
8 8 0
5 4 9553380286
10
1 2 880241851
2 3 261588895
3 4 515711909
4 5 61311484
1 6 527788793
6 7 39736037
7 8 813902358
1 9 616358437
4 10 542433239
30
3 4 581748777
5 10 542433975
3 5 643060064
8 8 0
2 5 643059641
1 5 1523302429
7 8 0
10 10 0
5 5 0
9 9 0
5 5 0
2 4 0
3 5 643060151
2 10 1124181630
3 4 581748310
8 8 0
8 8 0
1 3 1461990498
8 8 0
2 5 643060570
8 8 0
2 5 643060376
8 8 0
6 7 0
5 5 0
1 10 2004423819
9 9 0
3 4 581748875
2 3 581748755
2 10 1124181411
10
1 2 769826648
2 3 546089720
3 4 183857947
3 5 358386985
4 6 726053362
6 7 399430795
1 8 852934856
8 9 17092817
3 10 619221837
30
9 9 0
6 7 3727619645
6 7 3341344256
6 7 3727619685
2 8 852934013
4 6 0
4 6 7395587053
2 10 619220572
8 9 4700608557
6 7 3727620321
5 5 0
4 6 7395587860
9 9 0
1 7 9294792901
9 9 0
4 7 7795017832
6 7 3727620304
9 9 0
9 9 0
6 7 3727619629
6 7 3727620564
6 7 3727620627
5 5 0
5 5 0
6 7 3727620271
10 10 0
9 9 0
8 9 1986017876
8 9 4700608296
9 9 0
10
1 2 745127027
2 3 999674056
1 4 329909258
4 5 420755898
5 6 230039002
1 7 51898845
7 8 576563475
7 9 75250961
1 10 944176104
30
10 10 0
3 3 0
2 3 1862273406
3 3 0
2 3 1862273507
3 3 0
6 6 0
2 3 1862273193
5 6 2007281336
5 6 2007281660
9 9 0
7 9 0
5 6 2007282035
9 9 0
10 10 0
2 3 914644153
2 3 1862273314
5 6 0
4 5 0
10 10 0
10 10 0
2 3 1862274036
9 9 0
9 9 0
9 9 0
2 3 1862273433
9 9 0
5 6 2007281460
8 8 0
5 6 2007281985
10
1 2 728450008
1 3 172588184
1 4 169251361
4 5 711143723
5 6 523477903
2 7 212486506
1 8 611669450
8 9 845091231
9 10 263631921
30
3 4 172587996
4 5 2678596011
9 10 737385463
1 4 1613226037
9 10 970220638
3 3 0
6 6 0
1 10 2426981466
1 6 2847847346
7 7 0
10 10 0
4 6 0
10 10 0
7 7 0
7 7 0
7 7 0
7 3 2554162134
6 6 0
7 7 0
7 7 0
7 7 0
2 7 3336829
7 7 0
10 10 0
9 10 970220163
10 10 0
8 9 737385516
7 3 2554161557
10 10 0
8 9 1551679817
10
1 2 157064953
2 3 859682002
1 4 170039717
4 5 308563036
4 6 707025301
4 7 65771399
7 8 782725483
6 9 644345176
2 10 74284764
30
3 3 0
9 9 0
4 6 0
8 8 0
4 5 0
8 8 0
10 10 0
8 8 0
9 9 0
8 8 0
8 8 0
10 10 0
8 8 0
10 10 0
3 3 0
8 8 0
3 3 0
8 8 0
7 8 0
8 8 0
8 8 0
8 8 0
9 9 0
8 8 0
8 8 0
1 2 0
1 3 3703459111
3 3 0
3 3 0
9 9 0
10
1 2 359197775
1 3 737032825
3 4 872301203
4 5 77358779
4 6 315025564
3 7 760899345
6 8 753780860
5 9 730386680
3 10 604352690
30
6 8 6641885088
7 7 0
5 9 6490134994
6 8 5228737492
6 8 6641885290
2 6 13400399869
1 2 0
5 9 6490134964
7 7 0
5 9 6490134383
6 8 6641885930
8 8 0
5 9 6490134446
6 10 6705391648
5 9 6490135187
7 7 0
9 9 0
9 9 0
5 9 6490135158
7 7 0
5 9 6490135398
5 9 5357094047
1 9 8176827570
8 8 0
8 8 0
6 8 6641885539
2 2 0
6 8 6641885613
5 8 7034269449
8 8 0
10
1 2 16008132
1 3 993357081
3 4 661459878
2 5 278272522
5 6 665344203
6 7 134855886
5 8 181644996
5 9 780796113
7 10 351992133
30
8 8 0
6 10 739
6 7 11
3 4 0
7 10 814
6 3 344
9 9 0
6 10 51
3 4 340
2 10 285
9 9 0
9 9 0
7 3 711
2 9 780797055
8 8 0
2 9 780796159
8 8 0
9 9 0
9 9 0
5 4 619873707
4 4 0
6 4 619873581
7 10 50
4 4 0
10 4 619873557
10 10 0
1 10 146
4 4 0
7 10 751
4 4 0
10
1 2 97003357
1 3 261350583
1 4 890346129
1 5 543661676
5 6 779268531
4 7 628504354
7 8 962432883
7 9 231591893
6 10 28698121
30
5 6 0
2 3 0
8 10 7543502844
8 8 0
7 8 3812298367
6 10 2443366992
10 10 0
8 8 0
8 9 4212822279
6 10 2443367098
3 3 0
8 8 0
7 9 691794041
8 8 0
10 10 0
5 10 4518558015
6 10 2443367078
9 9 0
2 2 0
6 10 1295923731
8 8 0
7 9 3250389558
6 10 2443366203
10 10 0
8 8 0
8 8 0
7 8 860725367
10 10 0
7 8 3812298770
7 8 3812298622
10
1 2 724818448
2 3 955042433
3 4 43804854
4 5 29337648
2 6 112580913
3 7 717409737
7 8 704501281
5 9 378246442
1 10 866229736
30
3 4 837343264
4 5 822875817
4 5 68
2 6 0
4 5 822875889
6 6 0
5 9 1171784472
3 7 477
2 4 955042405
6 6 0
6 6 0
10 10 0
6 6 0
6 6 0
6 6 0
5 7 1584089786
6 6 0
6 6 0
6 6 0
6 6 0
7 8 0
6 6 0
2 4 955042934
4 5 822875502
5 7 1584090442
6 6 0
5 9 0
6 6 0
4 9 1201122097
5 7 1584090418
10
1 2 685652053
2 3 165073579
3 4 347152576
3 5 612068727
5 6 758446638
6 7 469665199
7 8 625969881
3 9 928433118
3 10 474971024
30
6 7 1455400746
4 8 3040591980
1 7 2918195731
5 7 0
5 7 1455400780
8 8 0
8 8 0
9 9 0
4 7 2414622897
6 8 2081371186
4 4 0
9 9 0
4 4 0
3 4 308
10 10 0
4 4 0
4 4 0
8 8 0
8 8 0
3 5 168
6 8 2081371042
4 4 0
10 10 0
4 4 0
4 4 0
10 10 0
4 4 0
8 8 0
6 8 2081371169
5 6 1455401078
