-261752610227
-337359051035
-343052587137
-328746209177
-383230409943
-330260132899
-368099811256
-377000149542
-396003263288
-356047137666
-371526095741
-382726097943
-387226690572
-352656304895
-359667344913
-272902489670
-364540214399
-375996045862
-338606666535
-345324110277
-351499738971
-291175346962
-311609335962
-313019090574
-367131681693
-348942610247
-245938395449
-252166679487
-269521460025
-282473487888
-380566426236
-309419420706
-322483863053
-206837548613
-368055638794
-326532301467
-342442082714
-332957502614
-370725934514
-342271746841
-302912239076
-382130423085
-273109580789
-195563182812
-236585972116
-373279429235
-309510259867
-359709882566
-373168946599
-290121847654
