-387043132469
-340561505600
75567699398
-89729188682
-353407501761
204502503267
-30243132977
-478835907355
-1086596461168
2199418250
-30315033115
-241651591563
-27953672042
-153026465316
-30643558892
-132251459569
260936547737
7935009036
-68295008622
-29733587030
-66102890993
-63930483585
35745760996
47660329971
119155333590
-1054858730436
-637848259436
128651146100
-267133543400
-176523809257
-67695333567
-208170448890
-101066380371
-190779557202
-47235837245
-894776884400
-167305270254
-170090745152
-214398395562
-1043985673587
29788692685
-92664797235
154492929729
-45916947324
-562237650321
29877998708
3187590984
-79212532518
-401342293707
-305604983636
