-771938006413
-952145011970
-6813288531357
-1220411204311
-1298475812381
-1919630340406
-1707167565636
1223194732406
-3630699775196
-2066478342702
-4272718618922
-1865120625192
96648203485
245577835900
-1899362228818
68411064785
-725056100835
-1514985278
-241233726591
-3167720520372
-856413502472
1805005460724
-2569750794639
-1772813990696
1373464697729
-4512590451179
-443768622916
-828209164633
-2224659761434
-2137975247566
-2408783411966
-940445002879
-2133609097454
-2253105013841
2992743121376
1664867327175
407733202164
-4290328671798
-3998437654750
-4535378385904
-2082509040942
-4287923691258
-2317304227195
-1431840210391
-1644526957660
16401738541
-269451647424
955863326202
-3287444697039
-4520505247665
