-19633628696464
-19972167949371
-19978977724922
-19960457806556
-19898960412282
-19973399558424
-19926493255854
-19908054421275
-19902482163964
-19984448058447
-19903300687300
-19908478572948
-19981932107556
-19967569982098
-19822605774736
-19816699997242
-19980738186899
-19979700882807
-19944073444725
-19989231000420
-19877971240792
-19950933652596
-19930108597070
-19746863238907
-19964876703632
-19990652671495
-19889742313875
-19872695273381
-19875174574220
-19690844427994
-19987801000295
-19958334129957
-19956596263188
-19923317094005
-19954963561365
-19969696719613
-19914228641344
-19885760407065
-19966078133272
-19987392552564
-19964952543463
-19810650706760
-19992502314042
-19839566742497
-19985560798409
-19985333016387
-19952341760212
-19946403142822
-19968755417112
-19989648834433
