18160
17595
17603
18721
17752
17773
17774
17947
17750
18325
18169
18701
18144
17389
19120
17388
17965
18712
17943
18114
17392
17396
17587
17755
18349
17966
17572
18921
18548
18553
17589
17596
17979
19104
18133
17414
18346
17952
18326
17584
18556
18322
17579
18162
17391
18136
17586
18176
17431
17785
17778
17946
17388
18732
18930
18724
18166
18342
18714
18695
18547
17974
18526
19113
18899
18150
18718
18349
17791
19140
18720
17949
17595
17402
17591
19133
19106
17771
17956
18732
17751
17978
17594
18723
18731
18542
19115
18516
18715
17762
17795
18724
17785
17554
18140
19092
18911
18718
18325
18732
17568
18550
17776
18127
18338
17410
17981
18180
18680
17581
18334
17962
17794
18943
18910
18136
18122
18895
18140
18172
18922
18741
19134
17592
17787
19147
18161
19106
17787
18510
17794
18919
18757
18751
19110
17955
17390
18724
19144
18326
18898
17577
18122
18543
18872
17408
18339
18918
18132
17390
18497
17571
18928
18527
18720
18730
17567
17603
18741
17396
17967
18339
17957
18173
17372
18541
18718
18906
18915
18541
18551
17572
18136
17596
17961
19134
18735
17375
18912
18762
17558
17761
18359
17582
18746
18733
17737
18547
19129
19079
18503
17966
19093
