72
91
90
52
50
43
82
65
51
80
88
77
90
80
73
52
49
56
84
71
61
75
81
103
78
99
88
63
52
60
44
38
58
63
44
90
51
74
92
72
54
43
77
43
97
70
93
55
76
64
106
108
55
42
56
72
64
55
43
105
71
94
40
75
43
65
79
58
100
40
74
79
80
64
89
57
79
53
44
73
55
66
50
41
72
103
44
67
56
62
36
52
85
44
96
87
107
57
43
104
101
52
86
39
69
49
78
89
87
102
92
41
64
55
69
47
44
77
107
65
88
105
89
88
68
77
45
93
60
57
63
51
50
46
41
104
78
74
68
103
64
37
70
56
86
86
72
74
86
49
65
103
51
64
70
39
67
47
44
81
57
44
88
39
91
47
90
77
70
94
65
75
76
44
63
41
100
104
92
57
101
68
33
106
102
54
68
38
43
72
38
105
104
47
99
102
103
66
42
74
51
43
91
46
77
68
75
102
86
78
81
103
104
62
38
54
77
66
85
42
74
66
63
64
94
79
43
64
51
89
63
72
43
107
36
110
88
80
84
90
88
93
51
47
76
41
77
47
47
74
77
65
39
89
74
78
65
73
77
46
65
43
20
81
102
65
48
101
49
88
100
42
91
90
91
106
103
59
79
53
30
44
79
88
59
89
94
44
55
62
53
66
96
99
86
91
54
70
57
102
75
65
44
42
43
66
81
43
68
104
76
66
63
79
54
72
60
86
89
82
78
67
68
78
46
62
40
48
27
62
88
75
68
102
48
50
48
84
57
103
40
65
88
43
100
53
87
100
58
87
77
43
47
91
52
101
74
89
79
28
39
93
48
45
58
52
68
93
73
85
99
75
81
57
88
82
51
76
55
45
37
94
49
76
20
42
85
69
78
53
56
104
78
101
107
75
64
42
58
39
75
79
50
58
88
56
88
46
89
65
77
76
67
64
47
106
47
41
94
75
74
63
86
57
51
103
41
105
61
53
63
91
98
94
104
73
93
55
63
50
40
97
60
43
81
93
77
47
108
58
49
69
96
76
73
99
55
54
76
74
54
79
43
33
100
52
53
89
92
53
86
46
103
102
42
109
64
55
103
97
88
101
102
61
77
64
72
101
70
84
42
100
110
93
77
54
86
42
63
45
100
73
62
85
90
79
74
50
66
76
56
55
40
47
52
76
47
63
73
64
68
66
74
41
81
105
65
62
45
77
106
65
85
88
48
38
65
42
87
58
65
55
68
55
103
100
65
98
53
45
43
47
94
64
68
44
81
83
57
54
90
32
43
90
73
106
75
76
100
106
56
76
47
39
92
47
79
100
51
83
45
42
78
40
44
55
39
61
58
92
66
75
65
53
101
100
58
88
97
106
86
91
107
46
41
46
52
54
39
76
57
93
56
44
88
76
58
77
64
56
57
85
89
42
68
104
49
65
49
44
72
65
66
60
101
72
93
65
75
105
52
88
41
50
78
93
63
62
51
104
46
75
44
102
86
42
66
69
47
85
91
68
40
102
63
67
45
108
88
93
90
49
53
102
67
35
46
101
72
56
56
73
44
61
65
86
91
84
100
64
64
77
50
82
64
63
54
87
46
46
74
54
71
100
78
90
55
100
36
49
53
42
53
44
64
65
75
75
63
93
98
54
67
45
49
44
84
97
74
44
87
90
54
55
86
65
55
39
36
101
57
38
91
53
61
74
50
87
102
107
85
104
68
64
62
90
60
77
54
65
51
80
54
70
71
42
78
102
109
101
50
93
42
73
63
43
51
67
91
75
90
76
106
97
42
76
56
107
68
78
78
40
81
53
62
62
107
89
78
101
37
88
76
56
42
63
65
81
70
63
56
57
89
65
73
78
41
84
65
85
83
59
43
65
61
61
47
108
41
49
97
52
75
54
77
46
46
105
68
61
65
88
56
39
67
82
53
45
91
104
93
52
92
88
86
46
54
54
73
52
91
77
56
65
53
91
45
63
80
54
106
57
80
62
77
59
96
66
88
44
87
104
77
31
66
88
60
104
75
44
91
51
104
50
103
47
39
92
102
73
66
103
104
47
33
63
60
78
109
90
63
52
47
46
83
101
99
91
94
53
90
53
59
90
64
88
98
55
78
63
102
53
57
87
70
92
49
41
77
41
50
104
57
95
78
83
63
54
84
89
86
77
45
47
100
48
59
90
49
48
59
97
92
55
65
85
65
103
35
84
57
59
64
88
92
44
54
63
65
93
44
59
57
101
45
92
73
74
63
41
67
64
90
101
46
102
89
90
107
91
105
103
50
58
105
81
53
62
109
38
63
105
46
52
52
79
53
64
45
64
63
74
62
50
46
45
87
72
82
45
105
76
74
52
87
95
86
84
66
42
44
67
74
47
62
53
41
89
46
89
83
72
105
49
61
84
52
54
64
66
46
51
90
80
105
45
86
96
107
47
45
54
49
64
92
66
94
87
88
64
60
44
85
43
46
82
58
98
87
46
65
45
101
64
54
84
92
55
80
78
41
64
33
63
28
46
49
63
92
52
53
67
91
89
87
78
102
106
44
104
43
92
85
65
65
62
53
51
79
42
86
73
77
101
104
55
88
56
85
47
20
75
74
73
81
45
93
67
76
98
65
58
103
60
108
72
99
45
90
67
75
44
89
66
39
90
103
87
55
54
74
47
39
85
79
45
94
47
89
73
46
101
62
106
99
53
78
43
58
43
57
99
62
55
44
75
51
75
86
37
52
91
102
69
39
106
46
89
85
70
54
79
85
52
52
104
74
44
106
41
88
96
41
78
103
90
73
99
96
86
88
45
55
101
75
93
69
50
70
46
44
43
40
60
65
41
56
57
77
79
71
103
87
64
74
106
107
43
39
46
26
89
51
51
101
85
71
44
102
77
33
90
76
72
61
69
42
58
45
104
59
76
93
56
59
88
75
54
90
65
76
87
97
40
91
53
47
92
64
90
96
102
74
101
43
73
57
64
48
79
104
46
37
68
55
60
92
105
51
91
99
77
91
33
107
53
75
53
57
78
42
44
75
54
85
85
45
74
84
46
87
99
103
89
64
104
90
46
75
43
55
41
40
82
41
94
76
47
41
56
66
66
52
80
87
104
86
78
54
60
76
54
65
44
67
60
58
100
107
66
90
56
85
55
63
45
52
69
60
87
87
93
87
63
54
57
83
79
77
45
101
99
90
58
96
87
56
74
55
90
51
90
87
64
56
43
65
60
74
73
100
83
66
99
79
79
73
66
59
79
68
105
36
93
54
92
38
105
42
53
58
76
79
76
62
90
57
88
78
75
66
70
67
72
83
50
45
48
44
102
94
46
87
100
65
63
46
42
65
43
73
45
92
51
47
54
45
66
78
98
90
104
45
89
63
42
72
74
99
44
57
50
67
87
54
68
87
41
43
92
100
73
90
76
86
94
103
53
54
47
88
89
35
43
75
53
68
94
90
48
55
54
71
104
41
65
49
44
31
43
55
42
105
38
42
55
74
90
83
109
65
44
50
78
53
71
24
63
101
84
38
76
67
73
84
42
104
74
54
78
57
102
81
54
45
93
51
97
91
67
100
41
102
64
83
87
76
68
48
48
103
63
53
59
46
52
82
45
72
78
45
54
49
88
70
62
76
52
61
73
54
55
89
50
90
69
77
72
43
61
92
66
51
74
41
88
93
65
92
108
77
55
55
43
101
84
43
89
64
52
84
75
92
45
102
47
64
80
61
45
95
69
53
54
77
43
78
76
55
107
74
102
53
55
65
91
57
80
75
85
105
40
60
68
73
105
42
42
53
103
84
39
54
84
93
46
64
106
72
42
99
103
99
45
85
54
55
91
65
52
74
48
64
61
85
42
104
45
87
95
104
102
49
43
100
52
44
100
52
56
84
50
48
80
49
89
56
70
46
97
55
54
87
45
72
100
80
58
50
106
54
48
76
68
64
89
43
69
49
73
65
100
104
98
46
55
86
55
79
52
100
45
80
89
75
102
69
40
88
56
106
54
88
103
77
80
45
53
54
94
49
77
36
48
52
63
90
63
45
77
87
51
66
108
41
50
88
90
104
52
52
66
52
44
88
45
91
69
104
52
103
94
75
57
45
68
87
63
50
45
81
83
46
60
42
77
101
46
79
58
105
79
48
86
80
37
106
100
105
55
102
82
101
75
65
103
60
47
87
62
72
72
78
70
39
89
75
74
104
90
67
52
75
90
78
40
72
68
102
66
46
78
64
44
68
65
73
79
73
56
45
67
84
45
53
97
71
100
58
98
48
82
45
106
108
52
69
48
43
46
108
65
55
96
72
53
28
104
77
66
34
27
51
62
74
48
101
53
100
54
92
67
89
76
57
79
37
47
53
42
69
91
88
55
88
47
65
65
86
68
86
40
44
102
61
60
83
62
46
68
45
47
61
43
44
46
76
36
84
49
36
108
44
67
74
88
63
69
61
88
54
94
102
92
101
64
91
72
42
37
46
39
75
105
68
100
78
85
76
83
50
47
42
68
62
77
58
89
53
45
54
87
72
51
69
83
73
38
80
79
148703
116780
130569
53541
105631
127558
134165
125568
113087
202029
141504
119612
142386
103327
202034
116389
146986
104308
139014
66870
201444
135492
202122
119944
61773
143867
137785
70105
153179
145768
133979
200176
201434
133445
97839
200804
135116
109649
136467
136667
142038
119101
130497
140512
151352
105667
73423
142060
93369
129033
145826
137875
142785
117910
80208
152558
123897
69798
130808
113619
130310
148723
115710
81762
144605
200799
143922
112728
148070
56897
202050
121425
96230
135596
94779
141051
100576
104360
200163
92315
135496
202058
134341
101805
93335
131536
133124
123824
119377
139963
151780
148690
199489
202099
127540
127797
125421
118885
141678
137514
151926
114030
111845
138054
200799
85202
200151
137397
139631
107976
83429
135021
86822
144048
139575
151152
202070
125643
144578
200786
114090
136551
41699
122894
200786
123458
71348
103156
116989
200177
146033
61658
201452
96598
124017
54375
113975
129177
152524
48169
146708
200195
147349
202048
128939
119600
136508
136576
121249
119669
136377
115408
137638
201412
146440
77770
125007
136662
112694
69383
84718
145179
121135
126344
75245
104739
135129
135050
93090
150126
200187
119030
132170
141058
93608
202104
130037
140814
110744
202050
102068
134769
141768
108161
71027
200172
128069
91262
28278
105848
133455
202057
126621
133406
120673
107310
117474
111867
78517
110225
131560
142723
141175
200176
136368
86079
136895
69152
112769
84019
140206
43749
201434
143159
118242
103797
139403
145374
121639
114672
98693
201419
144387
130557
124957
89680
119624
131561
131374
110922
142865
140581
128868
96099
121439
126825
199497
114230
122270
144714
125181
115996
93712
117450
137264
200165
129130
127434
152705
136773
136785
130494
74449
202046
139455
200773
146958
141598
147648
148191
141623
125638
130757
134141
125513
137892
139737
105623
125672
128099
117031
202046
132273
