199942312
49
76
34
43
9
60
52
44
31
74
8
3
18
13
20
52
5
59
6
21
61
63
33
32
77
25
4
18
18
76
32
64
31
19
70
24
6
59
42
40
62
25
42
5
53
3
24
51
13
62
33
9
18
17
18
54
14
42
2
32
25
2
64
72
24
9
20
41
19
9
42
17
17
25
63
33
75
13
25
63
23
73
26
18
9
27
25
3
14
48
3
18
41
9
15
24
54
61
34
6
5
5
51
6
8
3
19
76
5
51
1
65
40
26
37
13
69
11
25
49
5
12
2
42
21
17
60
14
40
45
2
52
63
15
10
9
19
42
19
17
21
61
32
54
14
10
33
15
41
42
33
10
8
28
73
41
52
2
14
5
26
26
71
51
61
40
6
4
19
21
63
44
60
64
32
5
75
64
7
19
12
2
3
3
51
47
63
76
8
24
28
14
34
11
38
41
33
3
74
20
41
6
76
31
3
2
44
5
39
39
75
15
11
54
21
33
63
14
52
41
19
33
8
75
34
25
70
14
63
26
12
9
2
34
14
42
20
20
72
18
15
3
18
38
16
26
15
1
13
3
3
13
12
62
30
9
3
62
19
6
10
12
7
63
50
54
43
32
12
31
43
10
42
26
33
51
5
73
9
5
74
6
43
75
8
61
3
44
12
71
9
62
5
16
19
20
52
9
49
74
14
3
33
35
32
2
20
5
2
32
6
3
39
61
14
21
5
3
51
9
77
72
33
9
3
20
10
5
72
51
8
10
6
1
11
41
48
38
8
10
26
13
9
42
34
26
25
42
26
34
3
72
35
11
53
33
52
32
20
13
2
51
61
63
20
51
25
42
17
33
8
73
65
5
9
50
2
19
33
10
26
13
26
74
53
51
16
39
64
32
61
32
50
8
20
25
62
8
12
20
72
13
63
76
60
17
52
9
33
12
19
33
33
2
15
19
1
3
24
50
50
75
19
63
55
61
18
15
34
2
63
19
10
63
5
33
11
41
60
17
14
3
3
18
61
2
30
64
53
4
25
2
35
20
19
14
43
27
30
14
63
33
10
9
61
3
14
61
34
3
27
34
21
24
4
3
9
33
50
9
75
9
12
26
74
12
25
5
74
13
2
5
34
74
71
25
51
32
18
13
60
13
7
47
20
18
43
26
34
61
5
40
34
43
54
17
3
5
35
14
75
64
3
26
74
74
14
7
19
48
2
15
14
42
34
65
2
73
53
6
45
26
54
26
9
3
41
34
24
12
17
12
18
14
41
2
14
20
6
13
51
2
15
2
0
51
13
52
76
18
13
34
8
6
9
34
35
36
75
20
2
54
74
19
33
46
61
33
41
3
73
10
18
60
19
3
62
27
14
9
3
29
42
8
17
21
45
63
4
18
40
21
60
5
3
27
49
74
63
43
25
75
74
5
1
10
6
9
23
51
64
39
8
25
34
32
14
26
20
62
76
74
73
55
6
72
18
60
48
73
8
72
2
15
65
49
3
41
35
62
41
52
63
14
6
65
6
19
9
42
32
63
26
3
10
50
39
35
50
71
42
51
3
14
75
5
12
26
52
18
72
1
59
9
62
34
53
62
3
16
41
1
42
17
32
34
2
20
13
71
6
39
43
2
14
12
34
48
14
59
30
26
63
21
14
26
21
65
52
50
55
32
32
4
3
51
31
50
2
33
73
6
53
31
7
72
25
10
62
3
25
9
6
63
71
42
24
34
56
75
44
3
26
2
9
54
26
13
9
8
76
14
14
14
38
19
18
33
13
24
41
36
41
43
51
2
12
5
11
19
16
51
38
13
2
5
17
42
9
53
2
5
4
21
26
16
19
41
14
1
3
8
11
52
76
34
23
45
6
6
2
44
33
2
14
53
8
2
50
73
6
31
2
19
25
13
1
1
21
5
20
60
33
50
18
36
35
4
51
54
40
3
0
5
59
12
7
74
34
6
33
32
20
5
10
52
13
51
13
74
26
52
41
2
5
18
15
12
42
7
71
18
25
75
3
60
61
20
13
12
2
42
10
50
18
39
70
13
33
32
27
3
4
62
2
76
8
18
10
30
16
9
42
40
19
2
52
48
42
42
26
33
26
19
52
20
25
63
8
20
13
13
8
1
8
5
5
4
50
4
19
42
6
5
43
6
1
35
20
3
11
2
45
42
9
10
53
48
3
53
14
16
2
32
19
15
4
5
61
7
41
34
14
2
76
8
28
53
71
12
6
9
35
43
24
35
74
34
51
27
73
28
60
4
10
34
25
64
6
8
5
41
5
60
49
1
2
13
63
34
20
8
26
52
33
19
76
14
51
70
40
1
47
14
40
34
73
2
32
59
43
53
5
5
13
75
19
6
21
62
49
18
20
13
26
53
66
23
74
9
4
3
42
75
74
33
41
70
6
10
26
3
33
44
73
60
43
6
9
15
20
24
52
23
8
13
73
6
14
50
74
5
5
11
63
71
53
34
8
25
28
43
59
5
20
41
12
27
3
63
72
33
43
4
59
36
42
12
4
33
42
61
51
9
48
74
11
9
42
9
10
65
51
1
63
18
4
5
27
10
56
23
32
34
42
32
74
21
19
8
10
14
27
12
54
64
3
73
31
25
42
34
32
52
51
63
18
51
39
41
39
30
11
2
52
73
14
1
26
33
10
14
73
35
65
3
70
18
24
14
42
44
62
52
18
33
70
4
44
8
33
61
64
43
25
3
32
26
3
3
3
13
6
6
61
25
41
50
18
10
5
25
58
1
10
27
3
5
51
49
8
39
5
5
26
34
44
9
32
20
5
63
53
20
4
50
13
52
73
2
44
9
42
14
64
23
42
14
60
33
6
8
63
16
34
62
65
43
39
42
9
60
76
6
71
12
48
62
72
21
8
19
31
26
27
35
34
0
25
63
3
5
34
10
9
49
53
52
3
4
62
28
17
3
2
18
62
18
6
26
12
19
2
2
34
10
49
74
62
40
62
62
14
52
28
24
26
26
4
61
51
5
26
75
4
9
17
43
41
34
42
19
5
42
3
22
14
2
4
40
75
26
73
40
49
19
14
76
14
34
8
25
27
52
71
63
6
42
2
78
28
76
53
2
9
24
3
1
35
10
42
4
26
42
25
19
2
10
41
5
73
25
26
10
31
25
42
14
25
27
34
15
51
75
62
25
6
33
5
43
17
25
34
18
40
6
9
31
6
27
15
10
12
26
9
15
24
43
75
11
5
26
3
63
3
54
60
6
1
53
9
3
10
10
75
24
20
10
26
2
42
9
5
26
65
25
8
12
41
60
62
5
43
33
23
70
63
5
24
64
2
2
62
60
42
7
49
33
6
19
6
4
8
45
13
60
50
15
4
50
61
12
35
70
49
40
13
76
51
35
66
19
71
6
2
10
72
6
36
8
6
5
50
34
74
78
19
34
26
5
8
42
41
5
51
33
18
24
20
20
8
6
34
75
65
6
41
9
25
5
5
32
8
14
6
42
12
20
27
43
9
73
48
35
61
17
15
44
5
18
18
39
53
62
4
41
62
3
32
10
62
6
16
15
73
49
25
4
75
10
75
6
6
33
54
2
8
13
15
25
51
58
53
20
2
34
8
20
50
43
14
75
62
34
26
9
59
18
52
8
55
55
21
45
35
19
18
13
43
14
74
18
6
25
40
2
45
17
33
40
43
75
5
33
6
51
34
32
63
8
35
33
3
34
40
43
19
7
5
2
75
58
73
14
21
43
27
71
5
34
33
26
3
9
72
20
26
10
13
62
4
34
75
6
52
54
2
60
35
23
12
76
6
4
8
40
34
9
2
63
26
43
5
25
50
13
20
60
3
32
34
43
5
73
61
8
2
62
2
28
10
50
13
73
48
42
24
26
35
51
5
61
6
6
76
21
5
32
31
39
40
64
5
5
39
31
11
3
73
2
62
25
4
25
32
28
64
18
53
9
13
3
1
14
17
65
20
35
26
51
35
42
9
2
63
5
73
12
26
74
44
9
14
9
20
9
27
61
5
52
8
3
19
3
72
33
50
5
8
39
25
24
20
75
19
28
9
18
64
32
8
11
2
33
3
72
40
44
1
51
8
71
45
33
7
10
76
42
57
39
5
9
8
5
74
19
2
13
14
8
60
7
2
13
62
16
13
27
10
59
75
13
33
30
43
51
53
6
20
72
27
55
19
20
18
64
40
20
13
50
54
42
61
6
40
39
8
2
28
75
7
11
18
41
18
35
25
61
9
75
9
64
40
63
14
25
32
34
26
9
14
62
42
3
74
3
13
5
61
27
9
65
17
51
62
12
43
66
3
31
40
20
42
8
3
74
6
43
35
38
42
52
21
13
25
2
41
2
50
13
3
44
41
26
5
3
14
32
34
15
32
25
52
18
47
5
1
64
5
41
13
63
33
2
13
27
73
9
2
14
19
64
14
14
9
52
27
33
75
62
5
3
4
5
14
3
59
13
62
21
6
3
33
61
7
33
61
9
9
74
43
75
28
8
34
64
5
14
43
14
34
20
62
33
74
19
18
20
40
8
78845
78861
78851
78872
78869
78868
78845
78840
78857
78844
78845
78854
78856
78863
78849
78856
78861
78871
78849
78860
78861
78837
78852
78868
78834
78848
78841
78848
78855
78862
78842
78835
78850
78867
78839
78839
78838
78864
78856
78858
78846
78868
78850
78873
78844
78863
78855
78844
78865
78864
78839
78868
78857
78866
78852
78875
78867
78859
78853
78847
78862
78849
78851
78848
78847
78852
78844
78860
78859
78877
78853
78848
78843
78857
78863
78833
78843
78842
78852
78857
78876
78849
78846
78861
78877
78861
78849
78865
78864
78882
78856
78869
78872
78863
78850
78863
78850
78857
78875
78867
78868
78829
78868
78840
78863
78860
78863
78834
78849
78861
78844
78831
78863
78876
78841
78850
78854
78847
78852
78862
78836
78857
78859
78846
78850
78853
78857
78847
78859
78877
78846
78858
78864
78863
78861
78841
78853
78867
78856
78856
78863
78849
78857
78859
78868
78867
78877
78869
78832
78877
78833
78856
78852
78859
78877
78828
78873
78864
78867
78857
78857
78852
78846
78853
78855
78861
78831
78854
78860
78866
78852
78864
78853
78872
78852
78861
78854
78846
78875
78851
78858
78862
78874
78842
78852
78859
78868
78853
78852
78858
78846
78842
78855
78860
78871
78836
78854
78849
78847
78851
78870
78844
78840
78857
78853
78845
78833
78846
78853
78855
78886
78851
78860
78848
78864
78870
78863
78852
78877
78873
78845
78853
78872
78843
78859
78835
78818
78844
78860
78870
78863
78856
78870
78853
78855
78843
78853
78875
78862
78853
78859
78852
78843
78848
78850
78853
78864
78836
78849
78849
78876
78859
78857
78864
78870
78848
78865
78834
78858
78849
78863
78852
78832
78880
78860
78853
78835
78859
78854
78846
78859
78848
78856
78847
78852
78851
78851
78855
78839
78861
78848
78855
78836
78843
78842
78829
78850
78845
78861
78867
78873
78842
78842
78842
78833
78851
78867
78840
78858
78853
78847
78872
78869
78843
78844
78846
78859
78874
78852
78868
78835
78848
78860
78858
78834
78867
78832
78856
78848
78863
78849
78864
78857
78870
78849
78852
78864
78853
78831
78857
78855
78857
78863
78873
78841
78857
78861
78874
78856
78856
78855
78853
78837
78857
78829
78863
78870
78860
78854
78838
78856
78856
78852
78845
78850
78852
78888
78854
78853
78857
78851
78840
78849
78884
78855
78869
78875
78851
78859
78872
78860
78863
78853
78854
78824
78855
78854
78861
78851
78842
78870
78867
78861
78845
78869
78854
78848
78854
78858
78850
78854
78864
78861
78847
78838
78859
78840
78883
78855
78853
