51
63
33
89
53
35
91
90
33
53
33
64
33
33
41
61
29
87
73
87
60
85
50
43
35
53
31
61
87
54
48
75
88
77
32
62
35
36
85
87
76
75
37
33
34
83
73
88
76
41
54
44
75
44
42
89
43
35
34
51
45
51
85
73
86
42
35
63
63
77
61
87
74
65
33
54
86
64
62
43
73
44
42
35
34
54
75
61
86
48
33
53
87
75
33
41
33
40
88
60
36
87
72
34
55
87
64
43
58
86
83
50
50
74
53
76
51
85
41
44
51
53
52
42
33
63
52
42
63
89
64
64
63
85
34
75
43
86
87
88
33
35
53
85
43
72
53
65
32
61
34
43
52
34
53
35
43
53
89
33
86
78
42
81
30
75
62
42
64
61
88
61
56
43
41
65
34
44
71
51
76
52
71
81
33
75
88
87
32
60
41
63
42
41
35
88
84
50
40
75
53
33
40
64
34
33
42
43
62
32
90
71
35
85
73
63
53
43
87
33
33
64
53
89
45
33
72
87
76
50
64
73
74
71
53
47
44
87
51
66
53
89
61
42
75
74
42
39
44
64
88
34
59
35
36
52
52
87
88
73
60
62
31
63
52
60
75
40
61
91
52
87
42
74
51
50
58
71
33
64
89
85
44
34
33
41
42
65
62
34
53
74
89
64
65
76
61
74
64
52
88
44
49
63
51
60
33
74
49
45
88
50
53
42
88
64
89
90
43
76
70
87
36
35
52
90
34
76
32
62
74
50
88
50
75
52
34
74
63
44
85
63
40
34
85
42
51
62
64
76
36
86
74
34
33
63
34
83
32
63
51
34
32
44
88
33
88
76
75
44
36
74
41
52
88
62
43
74
42
75
85
53
34
52
72
52
64
48
51
52
51
51
50
63
43
43
75
33
42
91
89
38
41
87
55
63
75
74
31
89
61
87
33
51
62
50
49
44
54
50
43
33
31
34
63
36
74
61
41
64
89
85
74
54
62
53
42
86
42
85
35
43
87
33
43
87
32
31
44
33
90
87
51
43
45
60
32
51
51
50
54
75
61
89
73
38
33
60
80
44
63
52
84
42
75
51
85
45
73
78
52
71
36
41
41
75
73
62
44
76
35
37
76
65
51
61
50
41
61
42
72
87
36
76
43
41
49
29
38
63
66
35
89
60
57
42
34
40
64
39
29
77
77
60
75
51
65
87
87
87
81
33
84
63
85
65
84
44
35
74
50
45
75
64
85
66
43
63
75
43
33
36
70
31
32
47
43
63
88
44
44
83
75
35
72
33
88
73
60
89
34
52
34
62
74
53
86
62
45
62
60
75
44
35
74
70
53
74
63
62
77
36
43
33
84
50
62
53
76
41
75
42
75
88
64
61
88
31
41
51
30
52
87
48
34
52
74
63
87
49
73
33
65
61
59
41
39
52
86
40
53
73
61
62
63
40
41
85
84
52
42
40
63
34
88
87
35
32
33
49
73
33
36
76
64
53
84
30
63
52
85
80
54
53
89
40
73
44
85
73
34
43
32
42
41
75
87
33
49
42
33
85
60
38
50
43
36
35
73
45
76
87
61
51
33
63
43
53
49
88
53
63
44
42
49
60
90
84
35
63
49
73
51
52
61
89
75
40
87
75
75
90
84
62
52
73
62
51
35
35
74
75
76
41
39
89
76
89
40
34
52
53
86
35
74
75
60
44
40
53
52
36
85
42
34
72
61
62
52
53
62
64
61
72
52
32
64
84
61
62
87
40
33
35
34
51
35
75
73
66
32
62
43
40
35
87
44
62
41
65
32
77
62
52
53
65
34
76
53
51
33
35
74
77
75
42
34
83
30
53
45
40
53
71
49
61
62
31
51
43
41
84
88
42
83
87
73
52
75
85
53
90
40
44
33
50
48
88
87
35
76
53
64
42
85
85
33
73
84
73
33
89
53
53
32
33
41
34
86
74
71
78
61
61
70
87
65
63
40
76
61
51
87
43
33
32
50
33
73
88
53
63
53
52
43
46
44
74
33
41
63
77
32
48
53
53
89
31
51
32
86
88
74
88
71
42
36
90
33
86
35
42
45
52
32
85
53
39
90
52
44
52
51
33
69
57
36
32
36
88
43
49
60
59
40
34
35
64
33
42
40
35
74
87
62
48
34
61
72
53
75
75
42
73
86
39
43
35
77
64
51
42
40
53
74
35
34
75
54
89
70
40
61
54
87
84
33
47
42
50
32
86
64
74
53
42
34
42
68
87
75
90
64
42
53
72
52
42
63
44
33
51
75
35
33
51
30
87
35
74
51
39
61
85
28
82
60
73
65
58
50
86
34
53
72
75
39
86
74
73
45
54
89
53
87
64
74
89
84
50
82
61
63
63
36
71
34
87
52
72
63
82
86
75
84
30
42
86
42
51
43
51
43
52
76
41
40
35
86
35
35
86
50
85
51
61
39
41
75
32
88
71
31
53
36
37
32
34
44
51
41
74
90
60
61
53
76
41
49
62
74
42
44
38
61
72
30
41
37
35
34
51
89
36
63
42
64
61
72
53
87
77
91
41
54
54
50
75
43
50
28
61
86
75
62
73
75
35
87
42
76
73
39
66
64
62
38
41
49
62
75
49
33
32
71
84
70
89
41
53
61
77
52
43
32
39
87
52
51
74
60
51
28
62
42
35
77
35
85
84
59
85
74
44
63
30
33
43
75
89
53
61
62
50
86
35
50
41
52
73
51
72
87
77
36
52
52
55
32
35
85
89
58
86
34
52
41
74
60
90
66
82
61
30
74
51
63
59
36
73
62
75
67
50
30
57
65
42
75
51
90
60
64
76
86
63
34
73
64
88
74
71
75
51
36
40
77
33
75
41
52
54
83
41
76
87
73
51
34
73
76
61
76
53
72
44
44
33
87
77
74
51
86
62
64
53
34
86
40
33
60
86
41
87
42
75
41
35
70
52
49
34
75
74
86
50
75
62
37
51
40
64
87
42
71
72
85
63
73
34
72
74
73
54
88
41
88
71
75
40
75
53
42
36
76
42
65
87
53
53
88
53
75
52
40
60
53
64
42
62
42
41
53
74
34
87
63
51
66
60
34
59
71
41
74
62
86
63
66
84
88
75
34
47
59
85
70
77
32
74
33
73
63
35
48
75
34
61
63
86
53
87
35
40
44
47
34
63
52
89
36
54
41
54
87
63
62
51
53
42
51
73
65
54
74
36
85
50
40
42
33
44
45
60
60
52
43
53
85
63
79
71
63
32
64
60
34
62
42
72
36
42
40
72
58
63
53
55
53
78
51
41
43
63
66
73
50
66
34
42
61
43
78
63
75
32
43
43
51
45
44
32
88
36
54
72
74
88
75
41
34
34
32
85
50
86
74
49
88
30
76
65
43
62
32
88
41
63
43
53
51
87
41
33
54
34
74
62
64
55
75
75
62
87
43
25
42
73
63
34
87
35
54
33
50
64
86
31
62
77
77
62
62
88
33
87
73
88
32
52
77
31
73
74
76
41
86
63
31
51
74
52
73
63
74
76
52
77
88
31
51
62
65
54
76
52
52
89
41
54
58
38
88
33
34
74
39
76
33
73
51
52
35
73
74
33
42
49
52
62
64
51
63
35
40
53
51
47
75
63
76
88
60
52
52
82
30
36
35
51
74
76
43
29
84
87
34
62
35
34
39
36
35
34
60
51
46
36
88
35
49
53
87
42
42
83
43
34
33
89
62
63
58
52
36
74
66
88
87
86
65
53
74
76
42
87
59
88
42
72
39
36
43
88
83
43
33
40
63
32
43
62
43
49
43
75
55
35
44
52
54
51
73
88
40
42
52
61
65
52
40
38
43
77
32
76
76
75
33
61
30
75
43
53
65
33
76
86
74
43
72
42
52
42
73
53
42
52
75
76
72
31
74
35
84
84
51
86
34
40
36
41
61
51
73
35
61
52
31
43
84
41
42
63
54
77
89
51
31
69
32
82
75
61
51
42
87
77
53
72
72
54
33
72
62
75
34
85
72
41
43
86
76
52
73
43
87
69
84
50
74
71
87
72
54
89
32
40
34
52
33
74
74
64
42
87
75
50
51
35
62
91
60
85
44
35
60
76
86
60
45
32
86
44
89
65
61
35
51
61
31
85
53
44
69
88
71
88
54
43
86
43
65
73
51
59
51
37
76
52
51
62
31
51
74
84
87
74
87
34
87
59
44
61
50
44
75
44
86
73
76
88
71
71
44
52
42
82
34
75
35
75
34
49
41
75
55
53
31
60
36
61
42
86
87
91
52
88
83
44
62
44
83
55
64
73
35
43
91
43
28
32
42
30
85
52
64
53
43
54
41
34
66
54
35
65
88
43
64
34
60
65
74
52
44
34
77
64
59
42
71
34
89
41
44
90
40
70
62
32
52
42
62
51
89
66
33
44
62
85
88
62
32
77
35
62
60
90
43
77
76
51
62
76
42
34
87
77
87
62
62
87
53
66
76
43
64
55
72
62
78
53
88
44
40
62
86
62
71
73
88
35
61
53
41
75
85
70
75
53
90
75
73
53
65
31
44
89
32
33
53
71
75
85
31
64
31
34
54
51
76
34
39
34
34
49
36
40
76
75
63
51
86
66
34
50
42
52
35
33
60
73
64
54
86
77
61
44
89
42
73
74
70
88
30
33
43
60
40
50
86
84
72
35
87
35
43
63
88
70
88
61
64
32
52
63
63
44
75
41
74
69
53
49
77
33
54
49
85
33
77
88
63
42
50
52
41
87
87
40
76
33
52
62
32
90
73
63
33
62
29
49
32
35
63
43
53
85
40
52
42
33
43
65
53
74
62
76
64
34
42
88
35
41
73
32
45
69
85
31
32
34
84
62
62
82
86
44
65
43
76
52
75
33
88
86
71
86
34
52
64
33
41
85
74
75
64
32
33
43
51
64
53
61
90
64
89
87
54
43
63
62
52
53
51
71
74
53
39
50
50
30
36
76
75
45
63
52
38
43
63
86
84
59
33
70
34
59
47
75
56
73
71
33
75
53
73
35
85
63
74
33
31
44
35
38
62
50
75
32
35
89
34
75
46
51
54
87
75
62
43
52
34
52
51
33
88
54
87
62
44
42
34
73
34
48
64
48
65
65
33
41
61
42
42
42
35
31
39
83
52
42
43
78
88
32
76
34
44
54
85
34
73
49
35
53
86
41
53
52
81
33
63
62
51
52
71
50
50
40
75
73
51
33
44
41
35
72
71
49
88
83
43
35
42
33
52
64
63
41
61
43
88
82
55
44
51
87
73
72
54
43
44
73
82
90
43
53
61
31
30
32
88
42
51
91
34
52
43
33
51
34
30
88
87
61
61
43
33
42
89
44
55
35
85
64
33
65
32
45
61
90
81
52
31
33
35
85
53
41
60
60
88
88
63
33
52
54
74
88
88
86
85
64
42
60
43
60
35
34
50
89
48
71
34
52
41
53
52
63
61
53
84
34
42
39
51
52
36
50
54
42
63
88
37
75
75
86
75
49
74
64
84
34
39
75
36
43
72
32
62
43
90
63
35
65
88
52
62
33
62
82
62
33
43
51
35
75
54
52
43
54
34
35
86
44
64
36
42
62
36
36
86
64
76
61
33
66
63
73
65
34
42
53
60
35
75
34
60
63
64
65
53
61
71
53
76
62
35
77
33
33
34
33
88
41
65
52
34
89
85
73
54
48
43
60
44
48
50
51
72
52
51
53
35
54
86
63
43
86
73
52
65
33
54
32
74
33
89
43
84
35
44
41
36
42
59
41
54
72
43
51
41
87
49
60
33
85
34
88
53
42
89
34
37
34
83
52
54
86
89
86
75
74
30
42
32
76
31
64
45
49
53
52
39
35
87
62
63
35
76
86
45
51
72
43
86
33
63
87
60
65
72
36
74
86
53
55
31
45
46
86
50
64
87
64
75
52
34
34
88
43
88
87
88
84
75
36
40
73
73
64
40
54
61
31
74
46
42
75
42
44
76
63
64
55
42
75
65
59
72
42
56
43
73
73
88
49
40
63
59
53
75
63
40
43
52
88
42
87
53
32
64
59
34
42
58
55
39
42
89
65
54
74
73
85
45
53
61
70
61
63
44
55
75
76
86
49
75
44
89
75
42
86
88
42
36
76
50
87
41
60
50
88
64
82
31
36
89
35
34
77
50
40
89
53
34
84
73
53
64
54
53
43
74
53
36
89
70
42
49
73
72
43
89
52
87
44
51
75
73
60
44
87
53
43
60
87
62
73
87
89
60
64
59
50
52
88
84
30
50
74
86
89
33
33
87
74
62
60
51
72
52
86
34
88
39
52
51
41
63
74
88
35
31
34
77
88
59
44
40
43
73
63
39
42
86
78
73
33
75
43
90
52
39
42
88
53
62
34
30
64
35
60
32
76
53
32
85
84
70
75
88
87
74
41
35
60
31
41
74
86
76
42
48
63
74
51
84
64
88
63
50
88
88
76
49
34
41
45
75
66
87
91
34
35
74
36
42
85
35
90
87
76
31
84
41
33
41
63
63
64
35
45
42
75
63
88
43
41
42
43
74
80
44
50
89
51
81
85
72
40
73
55
55
36
60
89
65
41
52
50
74
65
73
52
42
28
51
74
43
53
40
73
34
34
36
34
61
61
38
65
88
44
72
39
60
61
44
41
33
83
42
43
75
86
53
41
88
76
52
62
43
75
64
64
34
87
76
61
32
85
87
86
88
63
65
88
44
75
88
32
86
53
86
88
49
76
76
63
34
76
70
85
61
52
77
49
45
54
88
75
34
33
64
63
41
77
88
47
148494
209864
207600
186809
189505
169202
200330
205268
110277
204049
182081
220630
168076
195682
134510
217217
204608
202412
223111
151866
199293
207508
162336
212328
215304
92233
158664
178366
162905
154222
141187
164614
148315
161910
182955
192288
155571
174107
194681
145393
151054
209781
169552
104724
212974
212788
50458
208896
179793
163683
171447
213308
183193
183436
210366
121538
131108
150684
217197
171009
178418
210711
130168
149100
110018
159221
189488
163365
120405
179082
200576
212030
193629
213285
162228
185656
145826
205622
69998
202340
188389
158716
157424
207684
178706
146982
224530
186824
169677
187758
186920
205820
135207
210639
200855
203379
181916
187535
217712
208105
209480
186453
181714
192820
184107
209580
197223
160927
155697
200668
127264
210052
159674
221716
215510
204088
210866
226375
184471
214578
134603
49696
143690
168037
161322
205118
143592
194964
173599
104681
180684
185978
154190
134287
159677
165533
205281
206370
156158
210882
93931
133592
156223
189070
183969
179636
214296
211417
194180
173340
201049
52437
199272
118716
167214
192224
189790
156073
147552
187907
211711
181103
159025
200494
110153
150934
205589
216517
133255
132756
189595
161242
167147
217821
180622
211907
218081
174399
214670
177149
213905
121538
203158
178215
190036
175168
214418
202143
198968
147677
200425
199204
202691
205603
183657
140474
187193
183850
169401
176492
166879
121881
194601
142793
157938
195429
185470
146710
154949
180874
183827
136078
195239
212295
152482
201548
155577
194927
191618
195126
215900
203771
177813
170424
210989
97645
187333
160940
95497
200171
186624
166613
195901
138276
143736
143263
56021
88930
45224
210575
184140
181321
90182
160625
191458
192133
191504
92372
164401
198248
191554
207985
186032
175334
153929
162558
105550
215439
156209
188841
200520
201551
49264
199135
178500
224420
63607
199367
176787
213295
136443
86813
209224
141159
91621
103425
137503
211781
108791
202151
127286
180503
214623
223599
187467
192980
143197
185324
213406
218861
113260
189103
96938
186853
203761
194685
211206
211335
205731
202361
180575
195844
177964
198292
165191
135915
164119
217704
148861
199554
219886
220027
196507
211146
163139
117820
175067
200685
179086
199200
105378
170600
178471
190778
185016
190415
199668
210955
219179
182493
204035
181763
202329
182249
186446
217729
158161
176641
