449909284
50
9
38
44
72
17
5
25
13
8
59
61
8
14
68
61
21
17
9
20
38
4
13
9
2
47
27
63
63
70
16
2
40
13
62
1
13
26
73
6
10
72
13
5
6
33
34
1
52
20
19
5
2
40
23
62
10
5
61
51
60
12
12
32
24
8
26
70
32
26
61
8
32
33
43
10
7
51
5
72
71
3
31
7
35
6
3
23
63
76
42
14
41
2
60
5
75
32
23
72
1
3
25
49
52
14
1
49
5
18
3
8
62
17
48
25
18
13
62
16
4
74
4
72
9
3
40
51
61
8
2
4
27
26
22
19
5
25
25
58
3
8
14
25
60
48
5
9
30
4
18
51
24
61
25
33
42
49
4
72
20
19
60
32
49
3
9
42
33
32
41
25
10
72
8
26
69
23
4
9
62
35
28
68
60
48
72
7
70
60
14
74
58
13
24
30
31
42
33
4
5
7
3
50
40
8
22
2
18
22
73
8
32
51
9
2
2
8
14
32
12
32
70
41
1
9
33
49
51
21
3
2
2
72
23
14
24
5
32
38
7
13
42
4
10
76
42
2
34
3
25
71
5
33
4
72
51
68
9
41
7
3
15
5
12
62
62
74
50
5
9
15
6
18
14
7
68
5
64
4
73
11
14
13
9
73
22
46
18
12
73
51
53
9
51
11
32
59
4
59
1
5
8
26
18
32
11
15
73
48
2
14
34
51
38
5
25
69
63
44
6
22
13
2
6
7
26
39
58
19
32
40
40
15
13
21
3
74
51
35
2
72
13
30
25
5
5
5
69
20
62
8
26
11
6
39
50
43
50
7
12
31
52
1
18
61
6
40
13
10
1
41
63
40
6
7
6
26
24
51
15
13
15
15
47
23
4
38
59
42
13
5
60
51
4
18
10
5
1
5
32
52
60
40
58
74
5
23
73
19
26
50
13
50
74
19
16
59
51
52
5
1
8
8
51
20
2
25
24
67
72
59
5
34
31
7
25
2
1
23
8
73
17
58
7
42
20
3
29
20
5
2
9
71
5
32
18
40
46
26
64
5
72
40
13
38
33
31
31
0
8
13
13
4
18
48
57
51
59
75
24
4
58
4
25
61
14
6
2
19
10
73
6
32
39
23
3
27
0
50
10
64
2
40
59
34
16
32
4
4
29
17
22
29
24
34
19
26
9
31
26
13
51
70
58
30
52
61
1
70
5
18
22
52
18
61
37
40
72
17
50
32
3
69
52
4
12
1
74
23
8
51
61
38
41
18
40
22
12
20
18
72
26
63
19
5
41
23
50
10
5
19
9
49
15
2
64
5
8
30
62
4
5
14
59
5
27
2
8
8
71
71
3
9
24
32
1
25
34
1
49
50
75
59
73
9
12
59
2
6
2
60
62
41
43
40
59
3
24
5
63
73
64
25
76
42
22
13
2
20
25
8
50
39
7
8
25
4
8
9
34
70
11
31
31
3
9
32
71
4
5
4
57
2
51
4
32
51
20
13
4
33
71
25
18
8
2
5
34
5
62
18
71
3
16
32
50
10
30
62
5
38
73
1
38
4
55
76
35
25
51
14
5
71
19
45
24
13
19
32
60
8
1
24
49
19
74
39
12
6
4
18
70
24
60
3
12
6
29
4
18
9
70
6
42
5
41
53
62
8
33
72
23
42
8
23
40
61
25
50
25
17
43
71
7
51
60
5
61
50
59
7
10
51
49
18
5
18
26
60
50
32
56
72
57
16
17
5
59
53
32
27
5
61
9
26
29
2
18
74
18
57
6
69
48
32
69
40
12
72
24
71
3
71
26
25
52
18
33
7
17
75
16
9
51
26
12
9
2
34
30
61
31
32
15
39
14
12
50
25
50
30
33
52
70
31
3
5
51
5
13
59
52
52
59
9
33
23
26
1
8
71
31
19
2
51
24
73
6
70
2
59
58
32
50
61
7
0
13
33
20
19
35
6
41
23
3
41
49
14
4
75
3
6
44
4
10
4
41
39
60
6
11
39
14
26
40
41
25
6
38
16
50
17
32
11
40
7
3
30
6
1
3
24
58
63
29
20
3
52
9
16
25
6
3
20
12
23
25
10
4
6
13
61
10
33
71
14
42
1
18
8
20
11
5
74
13
23
1
40
25
60
24
17
3
24
41
60
33
49
43
40
49
32
41
16
2
27
53
5
13
50
48
1
7
17
41
6
23
42
17
13
8
32
5
3
50
3
7
8
25
2
40
42
42
9
4
71
28
52
3
60
9
75
24
3
32
15
6
1
3
2
1
49
61
74
40
17
50
27
9
50
61
8
69
2
62
4
50
25
10
50
18
3
1
43
20
49
74
12
12
17
8
54
48
6
75
71
22
40
33
71
49
22
0
2
28
20
9
8
17
7
62
52
42
25
71
57
32
22
7
39
5
52
50
20
2
8
12
72
1
18
72
25
3
24
33
14
24
51
18
5
6
1
9
1
59
8
58
3
38
41
20
15
52
17
50
30
19
2
5
52
17
24
5
2
35
3
26
26
24
6
41
75
77
13
8
54
18
26
23
33
22
40
6
2
61
24
17
52
16
35
50
33
2
18
41
7
53
33
2
61
14
4
23
72
40
3
73
6
49
13
11
61
2
25
7
6
5
59
39
3
49
60
23
4
72
25
32
62
6
34
41
9
2
39
9
24
18
60
69
1
60
12
18
4
60
2
49
3
41
72
8
48
8
24
62
71
39
2
39
40
50
62
2
27
71
2
50
31
33
2
39
42
2
3
42
41
30
13
17
13
5
4
11
7
41
15
8
10
33
17
9
72
2
34
13
4
14
9
42
18
1
24
34
12
41
63
58
63
70
69
3
24
13
3
14
18
5
7
68
2
6
41
37
70
49
27
59
31
3
50
62
31
3
12
13
31
5
19
33
3
30
33
30
12
18
24
53
18
8
2
1
5
41
49
13
41
5
18
34
2
8
63
50
43
71
13
2
13
68
61
64
3
43
19
26
11
43
49
13
9
9
62
59
48
19
4
71
24
27
50
3
18
63
31
53
70
59
69
12
43
18
9
61
14
4
36
2
5
73
12
7
16
8
72
5
40
63
2
3
72
5
49
41
42
18
74
72
8
3
9
13
43
8
7
74
69
39
69
7
8
25
12
61
40
25
8
17
16
33
71
18
72
8
75
61
47
19
40
12
8
43
31
5
41
41
8
32
33
32
6
8
73
5
17
5
24
25
33
2
14
13
6
4
6
4
48
24
17
59
55
73
6
10
5
34
23
30
66
5
39
61
71
58
3
6
60
5
5
1
2
12
7
75
59
2
31
7
12
11
2
52
20
62
33
17
13
16
42
63
70
32
50
53
12
6
75
5
19
2
59
19
24
74
62
32
41
61
61
74
1
51
26
3
31
4
25
33
44
26
63
20
56
71
61
20
2
5
73
4
47
2
31
26
71
25
33
27
43
59
60
62
12
73
6
2
33
4
13
25
14
76
33
57
4
49
32
4
27
19
25
60
8
24
19
17
24
25
72
19
4
49
71
20
18
32
60
16
63
52
49
4
31
76
32
39
60
62
47
13
58
18
18
12
3
9
73
20
3
3
72
32
3
16
13
4
5
72
13
49
60
5
26
70
3
18
13
42
33
5
61
5
70
17
6
72
34
60
3
71
21
51
5
9
1
72
50
72
3
8
8
51
40
3
2
71
12
63
15
3
13
4
41
17
9
62
72
9
33
14
15
50
57
5
42
2
18
3
4
1
6
13
61
20
18
41
48
60
25
4
5
50
62
73
9
23
2
48
33
29
26
5
42
71
5
62
50
51
20
8
6
39
3
19
7
58
41
4
64
7
12
50
53
2
41
7
52
8
72
69
8
8
24
19
4
34
52
32
37
4
28
61
38
2
39
17
16
3
11
31
59
28
4
47
12
25
60
8
50
8
34
17
7
12
20
11
57
34
9
17
11
21
3
18
4
42
64
13
51
24
3
3
12
31
2
73
38
48
25
25
50
1
60
2
6
30
61
49
19
61
2
34
33
46
7
48
19
47
49
2
61
72
8
25
20
2
51
18
68
9
8
34
59
31
73
72
52
7
62
51
18
4
5
13
3
7
73
5
18
45
62
34
47
4
8
3
30
3
56
9
41
9
73
22
65
49
42
50
42
14
2
25
8
10
14
42
25
2
24
34
68
23
38
73
2
26
33
32
61
9
24
23
33
1
32
7
18
74
26
7
18
13
1
2
76
20
34
22
1
20
14
52
7
74
59
5
4
5
12
23
8
5
34
3
3
15
71
51
63
51
3
32
49
60
50
13
5
15
49
43
48
31
42
21
7
45
61
51
26
4
61
59
73
60
30
14
6
3
13
60
17
61
24
12
57
73
20
50
18
72
3
12
4
24
24
50
8
2
61
32
4
68
4
39
17
74
7
57
13
39
21
72
31
17
61
73
18
49
9
21
19
7
57
2
21
70
27
4
41
42
0
5
74
60
11
1
26
52
14
3
58
6
33
41
48
19
52
9
19
43
11
12
37
12
3
32
53
43
9
49
12
7
8
34
4
22
10
22
3
41
7
17
50
72
43
30
24
19
19
24
67
49
4
8
33
19
50
17
72
5
7
72
2
1
50
31
24
32
48
17
69
11
42
25
39
25
72
61
10
5
9
60
20
2
74
2
16
27
1
75
30
33
60
49
69
62
25
17
52
9
7
50
27
5
20
69
61
72
7
3
5
8
5
7
33
34
58
36
49
2
72
7
4
40
51
51
9
6
17
8
9
68
7
13
6
1
15
5
24
62
5
47
9
1
18
17
13
32
32
50
41
34
63
4
12
1
5
14
19
27
2
22
51
5
28
8
30
24
30
28
3
3
26
71
24
42
64
50
49
61
4
6
49
18
20
42
21
49
51
39
60
13
12
31
4
32
73
42
5
26
40
73
6
33
62
15
39
4
75
51
43
52
39
24
71
23
9
24
25
52
3
2
13
11
5
42
63
0
51
7
4
8
29
12
72
3
19
21
41
49
26
19
3
71
4
31
20
72
42
71
72
37
31
15
24
76
48
11
1
9
26
3
48
18
74
9
51
22
52
13
59
51
61
26
60
49
50
53
13
48
24
49
26
26
71
42
42
2
25
24
53
71
2
18
62
7
63
4
1
48
6
11
18
12
70
25
14
13
26
14
19
34
41
17
23
48
31
38
1
76
9
73
18
62
38
35
3
42
42
13
6
51
35
33
5
17
24
71
71
25
8
9
25
13
7
72
23
50
62
23
33
32
40
17
33
32
41
8
5
9
49
27
11
2
61
72
41
61
33
42
1
69
38
2
16
72
14
24
19
51
13
3
56
33
9
70
72
3
4
13
38
58
60
52
6
27
12
9
40
48
24
49
51
2
6
32
41
2
27
71
1
40
6
26
61
11
49
2
70
48
20
40
18
5
62
40
17
3
4
10
63
39
52
11
4
32
71
35
49
34
3
33
12
63
4
25
2
12
61
61
24
23
12
50
10
51
25
62
8
50
73
18
9
62
2
36
32
58
19
6
73
46
6
13
16
10
33
3
6
12
3
70
72
12
1
38
60
12
73
12
12
8
33
6
7
48
28
11
4
19
3
33
3
60
25
26
2
59
5
3
5
14
26
25
50
5
61
18
31
13
49
2
35
8
14
19
51
39
25
41
31
2
62
6
32
43
24
23
1
72
70
5
51
33
12
52
16
33
20
32
26
32
63
70
51
3
41
2
64
70
3
63
19
18
20
62
13
4
24
25
5
1
14
30
15
10
4
4
60
60
74
5
31
20
24
57
52
61
4
5
20
63
42
38
18
1
34
60
1
61
14
24
3
70
5
32
32
3
60
40
27
49
24
1
10
49
37
8
4
13
20
25
11
25
49
5
31
39
72
58
24
48
18
6
3
8
68
58
50
41
30
49
34
9
62
75
50
18
23
28
15
17
38
6
19
49
2
34
5
2
48
49
49
73
23
5
25
1
59
50
52
25
17
5
21
63
50
69
61
47
40
24
12
9
34
24
5
71
51
49
13
50
10
40
41
25
40
31
51
47
30
72
22
23
72
2
14
41
55
13
25
25
41
3
13
6
51
19
23
60
24
27
33
12
13
1
10
25
44
11
48
12
2
22
62
73
31
11
19
3
19
60
51
15
41
9
59
3
61
60
41
42
17
25
23
39
14
35
8
61
8
3
62
26
24
74
61
61
5
8
33
72
24
2
71
40
3
61
37
2
3
39
72
31
8
12
62
4
58
3
3
72
70
63
59
31
49
4
40
13
41
32
65
51
33
33
12
19
4
9
6
29
33
3
4
3
61
72
6
52
8
63
8
6
20
13
62
20
24
7
5
13
61
11
7
20
24
58
3
75
17
15
58
24
41
14
49
73
50
3
33
12
18
63
60
48
6
50
73
4
2
5
5
4
13
6
42
71
61
61
61
50
40
34
72
67
48
61
2
24
46
25
52
11
8
2
41
21
43
42
32
9
13
11
13
4
59
2
32
41
19
40
11
6
40
22
48
39
63
11
25
12
5
38
27
19
53
2
42
35
3
40
5
52
3
5
59
51
6
3
75
2
12
25
67
13
4
74
3
9
50
40
41
65
51
18
58
7
70
24
18
4
11
49
3
19
18
2
17
27
26
48
2
22
43
2
4
63
7
73
3
42
34
18
41
6
3
62
49
60
2
72
31
70
17
8
2
9
48
4
12
41
13
70
2
17
30
18
26
31
41
23
15
17
17
17
61
0
2
9
4
61
19
5
4
31
48
42
71
42
17
51
52
8
3
32
26
29
51
118076
118087
118099
118094
118106
118099
118086
118104
118105
118093
118091
118104
118095
118084
118116
118079
118122
118096
118100
118097
118079
118112
118084
118107
118086
118106
118096
118108
118088
118101
118105
118108
118096
118096
118095
118101
118107
118082
118097
118102
118104
118115
118079
118115
118095
118095
118088
118100
118105
118079
118087
118085
118083
118114
118093
118075
118087
118089
118079
118106
118082
118071
118102
118091
118076
118083
118117
118081
118085
118084
118114
118082
118077
118093
118102
118086
118099
118107
118099
118105
118087
118105
118086
118107
118098
118093
118091
118081
118081
118091
118109
118083
118086
118105
118089
118092
118082
118099
118100
118080
118085
118100
118092
118082
118095
118097
118107
118098
118078
118109
118095
118110
118107
118104
118077
118104
118099
118088
118088
118082
118100
118105
118092
118089
118091
118097
118115
118092
118100
118116
118089
118110
118081
118108
118103
118095
118097
118105
118095
118096
118080
118121
118109
118088
118099
118099
118101
118079
118110
118114
118087
118100
118092
118105
118118
118118
118090
118104
118116
118089
118091
118063
118098
118094
118066
118078
118086
118084
118098
118104
118091
118075
118102
118108
118077
118098
118108
118085
118110
118097
118100
118105
118098
118094
118083
118095
118089
118104
118101
118107
118094
118089
118112
118090
118093
118077
118090
118072
118089
118109
118092
118089
118076
118101
118100
118117
118098
118108
118091
118092
118082
118075
118090
118084
118094
118074
118106
118094
118087
118111
118092
118087
118084
118085
118093
118063
118098
118102
118117
118096
118082
118110
118104
118098
118085
118090
118108
118087
118106
118111
118123
118112
118091
118078
118095
118096
118115
118087
118092
118094
118082
118097
118098
118092
118111
118066
118070
118111
118111
118105
118083
118081
118071
118087
118090
118075
118113
118087
118103
118123
118102
118080
118081
118105
118081
118075
118065
118101
118111
118081
118095
118098
118106
118106
118118
118104
118093
118102
118094
118108
118119
118081
118083
118084
118061
118132
118083
118099
118109
118095
118093
118089
118097
118110
118087
118085
118105
118058
118108
118100
118099
118105
118109
118081
118107
118078
118093
118091
118087
118094
118086
118098
118075
118108
118068
118071
118066
118108
118089
118069
118098
118098
118098
118091
118106
118080
118114
118099
118093
118118
118092
118118
118106
118108
118077
118090
118091
118111
118069
118088
118085
118089
118085
118114
118116
118075
118100
118090
118108
118094
118121
118109
118092
118104
118087
118093
118090
118098
118082
118082
118117
118090
118091
118085
118126
118099
118087
118075
118102
118086
118101
118116
118081
118094
118099
118091
118081
118090
118101
118100
118103
118097
118085
118084
118095
118101
118094
118061
118098
118115
118103
118118
118109
118066
118109
118086
118091
118087
118070
118103
118097
118107
118081
118094
118103
118097
118089
118110
118113
118108
118094
118085
118076
118101
118095
118092
118094
118116
118113
118114
118080
118086
118110
118094
118088
118096
118085
118085
118093
118102
118119
118093
118079
118092
118095
118123
118106
118067
118088
118101
118093
118095
118081
118080
118089
118081
118072
118110
118084
118114
118111
118084
118113
118096
118096
118095
118084
118101
118089
118111
118122
118082
118071
118113
118106
118092
118086
118084
118115
118089
118099
118110
118101
118098
118100
118104
118078
118077
118084
