63
45
87
84
64
56
46
57
96
99
87
104
65
105
41
86
45
55
88
88
81
42
84
44
102
75
57
48
89
106
104
70
56
91
65
78
74
80
96
80
49
74
76
86
54
90
76
71
90
51
74
61
68
99
57
57
85
76
101
46
57
88
76
75
71
104
103
67
107
63
76
76
43
104
79
95
79
74
44
79
43
46
46
99
84
55
74
63
77
103
55
43
54
65
98
68
50
62
40
53
56
51
55
53
90
47
50
90
43
40
55
71
93
92
102
86
66
103
43
102
69
106
106
43
86
42
48
53
91
65
74
62
52
36
60
96
75
52
91
51
39
71
45
87
71
75
59
88
44
44
64
41
100
47
52
44
101
65
31
77
57
91
58
106
48
107
64
107
104
66
61
61
54
87
54
37
102
72
65
82
77
57
64
53
62
42
42
83
41
39
56
99
32
65
81
74
76
39
79
61
77
47
57
72
108
44
43
103
49
67
53
70
40
47
104
36
77
103
91
107
59
39
43
70
44
63
39
74
77
52
76
68
93
73
74
88
47
94
61
39
78
75
63
80
67
60
53
102
68
87
38
105
103
102
44
36
91
58
47
102
93
105
45
107
65
67
95
87
89
104
54
102
79
63
66
50
84
39
47
90
62
40
65
86
102
53
104
90
53
61
38
66
62
55
60
78
49
55
45
95
66
86
64
72
51
46
100
61
74
72
48
30
94
78
38
46
46
71
49
76
87
50
61
100
51
48
66
57
39
103
92
55
79
41
42
47
56
100
62
102
65
88
109
84
69
46
56
88
75
86
51
90
64
45
39
63
66
81
47
55
89
59
90
53
53
87
57
54
55
51
42
89
52
40
80
61
47
77
72
93
66
49
103
66
62
41
58
79
60
58
53
94
106
99
51
38
41
98
105
49
47
79
37
76
104
34
63
101
73
66
104
67
77
45
75
40
94
48
35
45
67
47
68
103
69
94
44
56
82
46
95
42
42
94
71
56
91
45
64
45
91
58
87
48
105
91
53
93
59
76
44
51
93
37
52
51
46
24
99
62
79
88
48
52
56
65
70
80
104
64
86
41
72
46
63
67
56
93
53
45
55
99
51
55
65
42
76
71
65
64
62
49
78
38
105
107
105
73
54
57
52
87
61
75
43
95
82
54
41
39
56
66
75
103
72
63
104
87
39
60
67
45
58
69
65
73
85
64
99
104
77
65
78
43
32
52
95
76
36
72
58
36
77
66
45
43
43
73
102
42
62
72
44
50
60
102
90
57
94
58
78
61
102
75
74
91
101
87
45
47
76
62
67
44
79
81
57
53
66
78
100
57
77
87
51
75
105
36
56
44
50
63
46
62
45
102
96
63
85
74
53
108
72
102
49
100
67
89
46
44
87
105
100
91
56
66
94
31
103
70
41
55
74
81
80
61
107
64
99
104
43
104
46
46
66
70
55
86
58
39
98
45
102
52
100
43
83
50
85
44
44
41
92
88
66
106
79
88
59
39
79
72
42
44
65
40
79
56
78
105
63
85
104
78
72
60
79
75
92
107
77
50
44
58
45
93
66
65
81
101
44
82
79
94
91
108
63
55
62
102
31
42
73
61
45
69
64
77
54
66
92
47
57
102
58
76
38
50
39
106
58
86
107
90
104
108
57
99
55
50
85
63
73
76
46
53
105
44
66
58
44
53
87
58
48
45
92
69
56
106
90
45
74
102
80
42
53
68
51
66
103
44
41
81
68
45
52
75
56
46
58
67
102
110
64
59
77
75
78
51
73
74
51
103
66
65
85
90
83
91
75
65
61
103
50
85
109
77
41
76
94
62
41
48
47
89
49
45
62
42
96
61
41
90
50
78
56
102
66
109
58
102
36
91
68
68
78
44
43
75
65
90
46
79
45
81
47
69
51
78
54
77
68
57
51
89
104
106
56
56
82
62
40
64
89
79
103
74
92
99
39
87
49
72
88
71
86
77
87
48
69
87
91
68
74
103
103
45
45
68
46
73
48
74
77
41
95
71
66
64
64
40
58
62
45
66
58
48
92
72
64
81
68
98
94
45
79
54
102
55
64
43
49
63
65
52
49
56
78
100
45
53
46
41
76
86
52
50
41
36
67
65
67
103
96
57
34
99
56
105
51
38
74
67
60
100
44
40
66
105
81
79
55
62
62
39
99
45
67
72
86
56
75
79
62
41
68
92
39
106
64
98
106
44
52
63
90
40
56
55
99
52
50
89
43
53
47
37
104
91
79
107
66
46
79
54
78
47
65
89
91
65
54
50
80
100
88
56
66
50
70
88
80
54
102
98
41
89
36
91
90
57
50
89
75
71
59
87
103
87
68
47
67
63
74
51
64
107
93
79
78
53
69
47
65
57
92
42
65
48
45
64
55
49
66
51
51
50
44
87
88
106
106
50
44
45
42
63
80
98
76
79
63
75
55
43
57
102
61
64
105
46
38
72
58
50
93
60
58
75
66
43
74
87
97
51
38
105
92
81
55
40
91
77
40
56
88
88
90
51
44
67
42
53
77
74
71
41
107
50
56
81
57
105
108
89
46
55
77
74
95
80
51
103
68
53
56
43
57
51
54
93
65
50
48
69
97
60
96
66
57
76
66
70
88
59
44
44
98
47
48
54
99
91
93
43
103
52
61
42
107
102
66
44
41
63
66
57
54
66
99
105
65
59
102
77
47
89
70
90
88
56
61
101
89
53
46
65
61
72
68
77
32
89
79
102
93
44
75
58
95
73
72
42
78
75
60
44
46
51
79
57
55
83
89
48
71
44
65
92
47
97
43
49
40
57
42
105
62
102
45
77
75
77
54
41
81
55
105
40
66
72
68
54
76
97
35
75
80
38
64
41
43
75
38
95
48
58
54
92
71
88
79
55
45
48
38
55
81
67
53
80
43
55
106
45
63
79
78
58
53
40
94
45
64
79
59
49
101
54
105
68
84
104
40
93
79
67
47
77
66
75
39
55
45
66
93
90
46
95
82
34
47
90
67
91
78
98
67
75
73
66
97
44
53
89
98
63
105
49
53
90
69
99
83
57
80
61
103
88
56
82
84
92
98
63
65
80
67
93
71
88
105
56
44
70
37
106
88
37
55
47
39
78
61
85
58
44
59
87
54
55
66
99
89
46
92
43
71
68
73
92
41
38
49
103
85
54
44
81
56
90
74
55
86
65
83
76
83
59
99
55
54
44
76
57
40
50
86
78
65
87
103
77
67
43
62
44
101
80
52
56
68
108
53
43
88
50
72
107
46
85
42
41
54
76
68
52
75
75
100
42
86
54
103
91
100
85
45
41
42
56
90
46
107
74
77
84
64
73
85
70
103
81
92
75
64
57
56
68
76
46
55
91
75
98
45
47
38
99
57
85
81
91
54
41
64
49
87
59
77
87
49
91
85
84
106
77
66
96
55
80
50
36
68
98
78
109
45
91
48
84
32
56
65
43
59
105
60
94
55
62
66
79
88
105
54
42
42
88
86
77
46
55
44
85
44
107
97
26
54
47
79
75
67
65
48
50
46
46
41
40
61
45
47
53
46
68
61
46
51
88
83
64
99
77
78
53
64
47
72
64
101
60
57
46
61
100
48
87
106
38
56
107
41
41
42
71
55
76
92
46
56
73
104
101
50
69
99
49
99
60
51
38
47
45
48
43
46
56
96
97
78
55
59
43
41
57
101
62
77
45
66
90
43
32
88
73
75
62
87
50
79
62
61
47
68
49
67
53
91
76
97
105
62
68
64
50
52
77
42
73
68
42
57
89
46
78
66
85
56
103
77
86
61
87
82
102
49
67
74
49
52
42
64
67
42
71
46
86
55
89
92
75
59
79
53
62
36
93
84
41
89
64
50
55
55
106
55
84
100
85
66
36
78
76
71
27
63
75
79
105
94
99
108
86
62
77
90
73
67
92
87
48
78
66
45
54
97
103
54
66
86
79
101
88
84
100
106
67
95
106
42
40
41
62
58
82
57
63
69
46
97
70
79
47
103
78
69
64
61
83
57
42
62
74
43
48
64
86
67
76
41
101
105
86
43
69
44
80
76
43
106
101
73
56
47
78
54
98
98
48
69
75
45
55
74
97
79
79
86
98
43
47
104
103
106
65
62
63
60
90
40
67
46
90
65
43
65
82
78
63
45
62
92
45
106
77
50
71
83
57
88
54
95
65
71
99
101
100
41
92
70
92
66
61
56
66
90
40
72
73
62
55
50
46
29
76
108
47
44
50
103
89
90
45
50
103
103
43
105
86
71
41
100
104
98
51
90
45
57
94
69
88
55
90
95
84
56
52
84
55
77
93
36
78
102
53
74
57
64
54
66
63
65
80
106
55
72
60
49
48
63
52
55
41
42
49
62
34
107
63
77
61
45
92
102
85
56
54
78
89
69
105
91
46
63
55
56
93
109
91
66
56
92
65
102
42
76
109
100
54
44
41
51
102
101
106
63
42
100
69
65
45
28
92
43
90
73
85
87
99
46
37
104
62
55
65
102
89
63
108
79
84
102
60
54
72
57
92
76
103
66
54
47
83
46
47
66
78
88
42
39
73
74
100
55
90
63
89
66
95
64
103
105
46
54
100
31
42
107
63
49
66
47
87
100
72
65
57
86
64
78
61
71
49
55
85
58
56
53
52
55
78
51
61
86
78
92
109
51
99
40
78
106
42
88
45
92
69
104
70
45
57
57
47
47
42
43
103
95
66
99
78
75
35
46
46
101
45
106
108
62
52
64
41
52
91
65
74
97
62
43
84
45
88
62
63
53
88
43
74
92
53
64
78
49
86
94
87
95
47
45
40
56
103
99
100
89
92
101
47
60
97
56
65
93
83
101
93
43
89
73
90
44
105
72
73
42
65
49
72
77
73
88
74
102
41
80
63
46
85
67
78
87
88
48
64
53
73
65
41
64
78
47
66
64
48
77
51
76
40
92
61
36
67
42
50
58
86
53
52
65
106
66
98
80
54
62
101
109
44
45
68
51
57
38
53
54
79
78
100
88
49
84
38
45
45
79
55
105
62
42
53
65
104
92
67
63
77
79
43
67
102
104
45
58
87
50
75
72
63
48
56
87
88
53
50
36
53
64
104
88
106
36
99
57
53
97
89
103
49
54
48
53
56
95
92
44
94
68
104
54
69
102
59
86
65
46
53
91
42
101
50
53
109
43
63
100
47
99
80
84
89
98
55
104
101
93
78
75
102
87
55
91
90
44
67
73
42
41
76
45
98
106
84
87
72
67
41
99
82
66
73
81
94
67
54
52
102
64
65
59
106
81
107
102
53
56
92
66
87
47
103
65
60
59
108
105
53
50
89
57
100
98
100
77
55
107
78
45
99
45
64
70
45
88
55
48
54
72
86
91
78
51
61
76
39
44
79
80
42
56
52
44
74
57
52
52
56
47
104
47
85
102
73
87
70
87
64
87
89
94
102
90
104
88
47
51
83
47
46
78
90
69
48
99
74
99
56
59
56
68
41
62
102
90
75
71
75
89
40
100
45
67
104
49
49
91
84
107
101
53
57
75
42
44
58
60
87
107
48
85
48
43
87
70
80
93
102
70
76
74
88
58
66
42
68
55
60
99
84
53
78
53
44
76
53
62
103
75
42
53
67
37
44
76
74
100
89
74
48
102
67
106
98
57
62
54
98
62
106
67
54
50
73
86
106
41
96
80
62
40
67
66
40
48
65
47
54
73
44
63
72
105
88
52
40
87
51
85
95
50
44
48
56
100
53
102
72
71
55
107
68
89
55
41
45
48
46
63
80
101
69
46
56
80
70
101
108
103
102
102
43
57
105
60
62
63
83
85
67
67
88
99
99
45
75
65
76
75
51
83
75
67
64
52
76
56
50
89
101
72
61
58
59
88
45
52
59
61
109
64
48
62
54
51
72
47
45
106
84
63
79
75
107
44
50
73
79
57
88
67
87
56
53
107
67
59
100
104
43
59
100
67
55
50
71
98
40
71
45
80
91
50
44
41
57
55
62
66
54
49
67
93
67
66
43
43
78
75
105
88
75
40
67
103
50
86
109
100
52
67
64
73
56
64
60
45
86
40
84
94
62
61
56
83
104
96
52
49
76
80
87
64
52
76
64
41
103
64
90
41
85
101
78
39
70
41
46
41
90
45
96
43
58
72
82
78
45
45
48
31
44
76
74
80
48
55
63
88
92
62
94
46
92
87
74
65
43
77
75
108
57
65
53
66
44
61
62
55
66
75
63
88
54
46
96
104
81
104
99
38
78
64
89
104
75
44
88
73
43
70
80
100
75
69
52
43
63
62
56
63
64
103
88
85
45
86
74
41
103
84
105
104
78
93
84
104
75
38
100
87
45
105
54
78
59
101
72
64
66
105
46
66
88
91
64
75
73
66
105
66
42
89
35
58
91
35
81
60
62
62
66
57
76
94
41
94
88
108
80
80
54
61
47
49
64
64
52
63
43
67
93
41
66
73
42
58
56
69
106
47
103
85
74
41
87
77
39
52
45
51
66
52
63
68
79
58
57
59
63
55
42
54
65
85
90
37
81
46
55
95
46
79
104
81
52
79
62
106
92
46
44
91
71
86
87
67
89
53
88
80
65
41
101
76
58
65
64
89
40
46
37
93
51
65
92
103
37
85
91
49
34
104
47
53
91
77
57
89
48
66
57
62
60
106
78
66
65
42
85
92
89
43
67
53
75
55
70
64
63
77
44
75
51
105
56
47
101
54
92
102
23
44
103
55
106
88
102
72
55
25
57
58
77
66
105
54
52
66
42
54
101
98
93
54
52
80
63
45
38
42
76
48
76
42
83
92
85
87
57
100
58
52
52
88
58
42
45
90
69
88
41
73
49
65
84
87
86
40
49
86
89
97
63
56
50
74
101
57
72
38
72
105
50
55
102
55
76
54
54
48
97
52
61
88
44
59
68
53
82
78
103
65
67
90
102
92
61
38
51
85
67
87
108
41
68
77
79
81
48
55
54
102
45
43
52
52
106
105
81
84
64
93
77
90
33
55
90
61
72
66
52
61
74
90
49
67
98
40
36
61
78
74
103
102
56
96
46
90
94
107
66
69
56
104
103
35
94
77
75
62
43
76
79
101
100
54
76
85
56
91
81
42
46
95
76
102
68
53
51
77
41
61
58
69
73
41
106
44
60
43
66
65
102
86
87
43
38
74
63
85
87
57
49
44
95
45
78
57
106
76
82
91
54
93
58
64
42
64
99
103
70
57
58
33
41
107
78
56
50
43
75
106
84
66
51
89
108
69
47
68
99
44
70
55
56
93
92
90
65
89
96
84
89
82
64
76
90
88
60
56
31
75
54
101
42
92
86
85
70
69
102
56
59
88
56
41
79
78
73
39
109
59
74
44
64
94
65
67
76
94
104
56
79
74
48
63
29
77
55
45
107
98
91
64
69
78
52
100
46
50
77
63
79
56
65
66
53
73
60
67
78
102
85
94
56
53
76
65
87
102
50
66
58
92
102
54
90
89
78
44
43
80
102
79
53
52
78
71
65
54
41
74
92
62
65
40
98
71
100
63
46
73
83
42
42
57
50
46
39
44
95
65
89
66
48
57
58
104
86
62
102
67
62
93
42
77
58
83
58
56
64
37
41
48
72
76
73
102
53
107
58
55
84
91
44
50
92
104
52
59
55
94
44
45
48
51
100
88
86
61
42
104
33
65
60
90
98
78
46
99
73
91
91
53
93
67
79
65
73
45
45
42
73
68
71
75
53
43
75
77
74
48
67
61
103
66
41
48
75
42
69
106
78
56
45
64
59
68
56
48
95
70
103
46
88
55
89
45
98
67
49
87
66
65
102
44
70
47
51
44
105
100
54
101
48
43
90
55
86
89
103
53
89
101
41
61
76
42
89
43
61
65
103
64
67
53
91
73
44
73
64
81
56
40
84
105
86
67
41
85
86
41
66
67
85
65
46
55
65
60
53
52
101
89
98
60
55
47
87
44
108
78
96
56
79
79
77
99
67
51
78
87
78
45
44
72
67
87
89
73
84
55
60
48
43
72
46
90
101
43
74
74
106
54
78
86
99
65
99
88
45
59
81
78
100
85
73
62
75
63
89
91
47
74
66
103
41
43
105
104
43
38
76
48
95
53
63
77
74
89
86
74
73
103
79
45
39
101
44
80
75
61
103
68
45
75
53
85
104
58
61
74
94
47
89
104
49
74
105
42
64
46
106
44
97
89
80
62
90
75
50
100
56
77
59
69
75
46
83
64
105
65
88
87
41
63
102
72
52
83
37
62
93
105
77
67
69
46
48
37
45
87
80
62
49
91
105
106
98
82
89
43
64
55
56
69
43
96
64
66
91
55
81
58
55
53
53
68
54
71
84
42
78
101
52
46
43
39
71
88
41
101
86
90
63
86
89
63
46
51
88
59
77
45
53
45
53
90
81
99
102
89
50
78
52
85
53
45
82
77
87
78
107
67
76
100
43
47
99
67
40
42
90
77
67
69
94
76
97
40
65
72
53
89
98
39
75
105
44
53
41
72
65
48
99
36
39
73
89
76
77
64
98
73
43
82
62
51
100
66
48
45
55
76
84
62
55
77
73
97
20
94
105
83
69
100
62
66
51
42
42
53
44
75
85
47
63
64
91
76
74
108
89
58
86
79
105
89
64
106
47
70
65
45
92
95
77
37
37
66
77
41
89
61
45
41
105
89
56
106
48
55
100
97
102
104
55
48
84
77
103
49
65
90
56
73
101
90
42
71
103
41
63
84
34
46
65
74
86
85
91
67
71
45
48
44
53
47
34
101
57
42
41
62
38
104
48
56
61
53
46
87
44
56
90
50
56
65
79
88
89
94
98
58
67
45
72
99
54
62
60
58
44
53
72
48
66
88
94
47
101
104
72
77
100
103
76
43
43
47
102
31
67
44
65
79
96
92
86
48
49
55
54
45
44
80
47
92
72
69
91
56
58
75
99
69
96
100
52
107
43
89
90
103
62
103
57
50
58
69
41
73
66
55
78
52
77
67
42
61
45
91
75
78
52
71
65
92
34
93
99
64
92
62
57
81
57
197895
263763
401687
274798
283335
293736
248994
280203
216641
188528
212052
235894
237653
289508
278577
401734
300722
132275
244405
272216
269014
291932
265130
184956
255342
208640
262891
150142
281772
277666
237311
299114
183479
269645
174415
189378
202577
192615
289504
266512
269274
161239
298161
264965
250251
203638
276187
271863
248395
269824
241337
398161
197533
280280
253981
265033
265352
276870
255959
192929
275932
262719
278856
282454
250566
251084
286289
194752
219262
47893
400786
301176
280762
253854
268873
169324
284078
270105
289026
261222
398133
291881
268420
267636
270684
400833
181551
273395
253091
247642
133617
250678
247627
275831
288238
297439
226341
167692
398149
180512
241488
259136
297539
196767
265003
274829
281832
231730
260844
237813
260437
398173
279956
211187
279493
165929
74430
287330
400854
271939
242662
285924
399942
179239
398134
277135
279364
204988
278717
224322
235046
198741
277892
141656
246075
400850
205212
287762
292887
271844
176338
169923
265736
230665
198544
292901
175589
296193
277540
263986
273880
240612
284742
210881
251359
272987
289513
284996
245988
226634
252412
93804
191787
244543
274280
272815
399899
238280
246899
170105
242753
228615
243008
220501
258041
294960
223383
266515
251756
186709
249987
273629
264519
259845
194637
398141
201554
258392
236175
250921
215586
399018
202584
281845
202409
158233
226679
270143
398154
272614
275779
132227
398107
228280
273403
399977
299534
245220
278848
399040
280332
217363
275352
132813
250437
239619
73311
262570
276798
272292
257720
70476
287461
207463
269350
222038
178584
175780
227498
260445
259158
291321
227210
178572
37361
98190
221324
266413
102503
166551
222544
246847
282879
237976
234241
255983
262963
257422
239747
399947
208085
206116
280806
287368
239368
282916
398137
288535
256647
400894
401694
252082
149967
214446
278831
224994
247697
293364
131770
291325
283192
242893
186660
211208
265572
175524
283337
220205
244962
284351
291382
279165
197830
230434
218375
273021
251592
294144
204787
127163
290851
399936
250465
255548
228553
264218
401740
254999
270656
233809
271098
199049
212871
280033
270910
249680
247898
261731
294317
279610
254069
249791
267990
218145
222689
171214
195932
263646
281515
220092
399058
399967
247301
246855
265025
212919
256261
280878
242103
251207
218816
286363
136389
255199
267108
191234
271049
247755
162488
232680
265934
174403
241495
297229
251974
229684
271110
400822
257123
287638
238612
248449
285186
250426
225848
270915
226463
236392
225661
190515
274227
270362
151527
286976
277843
280940
281637
155744
401757
400808
184994
239914
232257
399910
399023
246380
290415
192834
258137
399050
399964
244831
205303
261242
192918
136834
235530
59451
