799874659
25
40
40
60
7
5
39
5
11
7
38
30
49
14
2
60
17
8
13
2
2
16
60
70
12
49
2
61
48
49
8
6
9
59
38
8
13
51
18
57
33
18
49
60
71
60
12
56
4
11
30
20
70
40
22
42
68
31
12
25
18
72
68
3
49
14
16
39
70
12
39
4
38
24
18
71
24
50
56
25
16
50
6
49
3
41
5
8
72
48
7
61
7
51
3
52
4
69
59
19
4
33
5
25
10
42
4
2
68
70
37
70
31
41
21
19
6
48
4
70
12
5
16
39
48
41
31
9
70
18
41
42
32
13
6
46
25
59
5
31
22
70
7
40
5
17
41
31
50
32
31
9
6
30
18
37
1
41
48
16
47
3
23
23
7
38
3
2
47
23
7
25
7
12
70
49
75
20
49
49
21
14
13
38
13
18
29
74
74
8
37
30
7
2
12
42
69
38
29
18
10
7
30
48
49
48
17
24
60
5
38
23
70
22
47
42
7
2
7
2
32
75
42
5
20
71
5
31
67
4
27
23
49
23
4
4
7
16
29
10
31
12
13
18
26
40
23
6
38
38
16
48
23
3
47
32
72
72
47
1
26
18
36
17
29
4
49
42
61
13
20
31
71
48
3
30
8
11
59
2
18
71
39
0
25
8
3
2
23
46
2
32
27
15
25
12
7
17
71
18
3
2
49
6
60
17
18
24
25
17
3
23
19
3
60
42
10
38
60
13
10
31
30
8
25
59
72
2
10
48
49
24
18
60
71
38
49
5
23
71
10
1
12
36
5
74
57
45
22
19
33
30
7
58
73
46
13
69
68
59
1
22
57
60
29
48
17
24
4
4
7
22
16
11
14
13
3
18
0
2
60
12
52
13
50
30
11
20
2
50
8
10
41
41
17
11
2
59
12
50
4
2
17
38
68
57
4
4
67
6
25
1
37
12
4
4
17
39
8
18
18
32
17
8
25
16
30
4
6
10
69
63
49
33
4
12
11
10
8
6
24
13
18
13
12
16
17
17
36
38
60
1
5
60
1
8
18
12
3
29
12
60
39
51
48
19
73
5
6
24
73
12
5
24
17
72
16
16
9
26
4
52
50
2
40
5
12
72
33
59
30
11
2
74
15
26
24
38
41
55
8
59
73
18
8
17
22
17
70
70
8
11
38
25
5
5
24
7
11
11
49
28
10
67
30
2
24
31
11
7
42
31
39
59
48
61
6
5
13
72
70
5
4
72
25
71
7
25
68
18
9
32
18
4
19
17
53
16
48
38
7
66
33
2
11
17
17
47
29
2
6
32
18
33
8
10
48
40
57
31
15
40
23
31
30
30
8
30
32
8
17
48
47
57
38
41
70
40
52
39
50
51
6
35
24
17
3
13
58
28
61
8
37
70
11
15
22
1
9
68
58
32
16
13
39
13
33
3
11
2
57
2
49
2
14
52
23
10
39
32
4
9
25
11
42
70
16
61
58
47
47
1
7
41
69
68
1
2
5
17
14
17
12
35
24
7
40
1
25
12
48
22
24
54
1
73
50
49
3
30
72
60
72
41
40
2
72
70
2
60
42
11
3
32
52
33
12
30
2
59
15
50
38
75
12
31
51
58
17
5
2
5
30
13
68
58
14
59
7
9
17
2
4
62
26
1
2
2
59
29
9
18
56
71
5
49
10
2
3
69
21
50
50
30
23
12
8
32
71
38
1
0
68
69
2
58
6
17
50
61
39
23
58
68
55
56
4
19
7
26
40
57
17
5
9
19
48
34
9
26
46
17
4
48
50
23
16
1
73
60
11
48
17
41
19
5
15
39
9
12
71
62
9
60
49
24
50
24
41
69
14
8
20
4
13
40
16
3
3
12
16
5
31
9
3
61
12
57
56
4
49
62
49
40
2
6
1
22
7
42
23
74
38
43
2
32
3
30
3
50
12
5
17
12
48
64
70
32
18
22
2
4
14
18
71
14
17
42
2
38
17
33
11
6
3
27
24
1
3
40
71
51
25
29
39
59
49
18
7
22
2
32
20
14
13
5
73
2
38
51
1
11
12
49
60
50
5
42
24
13
48
9
2
2
24
60
51
11
17
21
7
7
72
4
33
59
14
59
68
16
7
49
22
3
1
3
2
48
10
30
28
14
41
56
4
60
58
70
11
11
18
12
49
7
73
8
2
32
43
11
17
7
12
10
26
3
9
1
12
3
4
70
50
48
46
13
4
1
40
30
7
2
8
12
8
19
31
37
2
2
41
38
57
59
39
25
47
69
11
32
61
29
5
2
32
2
2
31
51
5
48
5
40
74
60
24
29
72
12
14
8
73
23
40
3
12
8
56
7
24
4
18
12
21
8
4
40
30
67
9
23
1
3
24
1
50
4
23
59
23
69
47
3
2
30
2
71
39
38
2
8
48
10
9
41
33
11
70
31
8
73
72
52
11
12
31
12
20
45
2
8
11
1
57
40
57
6
3
25
17
8
17
36
5
32
41
7
24
1
33
27
8
32
12
47
22
39
31
5
29
72
7
22
18
3
30
4
30
59
16
60
70
3
8
22
50
23
2
28
3
68
17
31
6
19
24
2
34
4
1
7
58
11
3
32
63
70
7
40
25
12
37
46
58
73
11
67
5
41
6
72
24
9
38
16
16
24
17
52
70
17
32
41
51
74
41
69
5
48
17
4
3
23
29
4
6
50
3
13
48
3
2
8
39
32
32
57
8
1
34
33
38
47
45
26
15
3
30
12
11
7
25
3
2
35
41
71
3
32
50
0
19
24
68
24
9
48
24
39
33
24
3
17
4
9
32
40
24
71
27
69
72
40
8
19
6
48
40
39
13
7
40
16
12
5
74
30
17
33
63
5
24
31
2
70
5
20
65
57
70
30
60
48
28
17
31
49
69
38
29
38
12
39
4
12
2
4
32
41
73
68
23
37
31
4
60
9
61
58
25
22
33
32
23
7
48
24
31
25
49
59
18
8
62
39
38
4
6
11
48
5
71
5
4
32
57
73
39
8
71
50
60
10
31
18
4
1
32
60
1
3
3
2
53
59
61
61
53
26
8
68
41
59
1
50
33
68
7
60
70
40
5
24
11
24
9
25
39
41
8
24
58
31
50
5
5
12
6
4
9
21
51
2
24
58
8
36
6
72
56
2
71
11
2
24
34
28
17
31
73
74
68
14
30
11
2
39
40
13
52
72
4
23
62
59
31
9
5
50
25
32
10
14
73
11
31
7
40
4
36
1
46
38
3
37
31
23
9
7
16
30
27
2
12
32
6
44
31
8
46
50
40
70
9
4
40
43
12
69
60
56
1
3
41
72
2
74
48
21
27
17
48
17
52
4
50
10
4
24
49
37
59
1
58
1
47
58
58
55
61
55
23
61
4
32
70
10
70
33
19
41
12
22
8
49
49
20
17
31
29
73
42
52
3
60
21
12
2
7
5
2
40
32
46
4
1
23
10
71
17
32
6
5
5
51
2
60
39
9
47
68
32
48
24
51
50
47
2
2
72
55
39
6
8
55
7
61
16
9
34
47
9
4
71
11
15
14
24
42
10
4
33
59
40
71
29
23
31
13
18
23
73
8
6
1
17
6
40
11
71
23
18
40
24
40
69
7
51
51
19
51
5
10
12
49
12
31
68
39
39
38
24
32
5
2
48
23
12
4
16
47
9
48
56
2
16
17
3
69
19
28
39
3
32
7
0
13
4
48
37
30
25
47
32
6
32
73
46
49
53
7
40
18
68
62
9
63
39
73
6
11
24
3
41
30
69
31
41
57
46
2
12
31
24
48
43
3
60
32
57
2
2
32
3
6
74
61
3
55
5
16
61
49
71
72
3
1
40
57
2
1
47
33
1
59
59
3
72
1
49
68
33
62
38
2
22
4
3
12
76
73
37
1
22
42
23
13
11
1
18
33
62
10
6
60
51
3
11
4
52
2
47
49
71
58
43
6
59
4
5
6
42
9
73
31
73
68
3
61
59
41
3
48
37
40
28
49
73
40
1
10
58
9
22
39
38
30
1
5
59
5
12
11
31
7
11
11
39
1
40
1
49
18
59
7
61
9
3
18
34
70
9
8
72
30
37
36
15
25
38
69
11
41
59
31
32
35
48
17
3
58
16
30
32
8
52
11
22
68
12
59
40
0
32
3
5
12
53
1
2
13
44
49
51
2
52
44
23
2
71
17
31
7
17
38
48
59
59
74
50
17
11
51
3
16
51
74
17
4
18
5
42
9
71
26
70
38
74
17
4
75
4
5
23
61
3
12
29
19
38
14
8
17
13
70
17
23
17
59
7
7
19
5
57
49
72
40
48
1
15
25
72
12
5
31
4
52
59
60
33
6
71
12
3
26
1
5
24
61
23
60
4
43
1
70
69
1
9
6
3
50
31
59
37
16
32
1
29
72
3
62
2
3
50
18
55
6
12
19
25
19
73
59
6
12
13
21
71
62
6
32
27
3
12
70
59
2
16
2
20
41
6
16
8
41
9
14
39
11
7
74
72
29
40
22
4
30
32
9
4
60
5
42
28
71
9
9
5
40
31
51
13
39
41
14
47
8
2
25
59
57
71
24
42
32
47
40
8
9
41
7
28
18
17
31
61
1
12
31
13
22
38
69
22
60
3
73
14
48
38
46
8
70
40
25
49
7
29
7
23
50
38
8
3
48
6
5
1
24
40
19
73
19
17
70
3
4
33
47
27
32
3
2
13
3
20
39
5
12
30
7
49
12
7
10
8
59
12
9
19
50
60
11
31
26
39
41
10
70
58
60
52
11
50
12
42
58
41
69
66
1
3
3
11
11
8
5
68
1
70
5
2
47
71
62
1
16
50
29
1
23
6
12
1
40
21
42
31
4
59
10
17
32
48
4
57
7
8
8
4
11
63
3
3
11
6
41
26
39
50
50
24
20
7
7
9
47
2
62
29
72
5
14
59
40
26
9
50
18
25
4
10
8
23
17
8
74
31
14
70
24
30
74
60
21
31
31
46
30
68
40
8
2
40
12
58
62
12
13
50
3
12
29
2
16
70
60
12
33
25
6
2
24
39
6
24
32
3
39
3
12
8
23
68
62
17
18
58
50
12
48
18
51
3
56
69
12
4
50
60
17
25
31
3
71
8
48
3
33
9
26
17
3
60
1
28
17
2
51
23
46
69
59
18
71
13
4
19
58
13
11
12
24
32
18
7
13
48
1
62
31
33
18
17
48
4
3
7
50
16
2
4
12
26
10
12
17
41
29
37
12
2
5
42
13
8
20
56
31
12
7
69
28
41
6
30
12
26
10
70
60
21
36
74
58
41
52
2
2
22
24
6
12
11
3
5
10
10
48
60
7
3
39
13
21
3
39
53
8
41
1
5
47
19
26
1
41
12
40
31
46
32
31
32
17
70
11
67
6
8
51
68
41
8
31
19
73
17
59
3
58
73
8
68
8
1
13
5
21
57
8
72
3
2
4
47
7
39
71
25
11
48
59
2
24
8
1
12
50
22
39
7
2
2
6
52
4
25
11
71
1
39
10
39
40
26
7
71
72
68
11
5
26
41
19
2
17
41
48
62
3
46
68
48
60
72
32
1
33
23
17
3
50
17
61
8
22
49
2
1
4
61
48
17
3
18
38
57
30
4
22
6
32
25
25
71
25
3
41
29
69
49
8
23
8
7
13
26
8
5
5
2
22
50
46
2
14
50
41
23
23
32
16
62
61
17
40
11
11
21
61
47
11
18
72
11
6
49
6
6
39
19
25
2
64
17
10
4
63
7
49
24
70
60
25
69
50
61
18
40
4
19
42
48
69
8
68
60
60
31
59
7
11
12
9
2
48
39
23
23
16
18
40
59
3
69
49
12
17
1
38
51
58
41
72
41
59
33
32
2
2
72
5
51
71
5
39
48
31
70
25
4
39
71
50
7
11
39
61
27
5
2
8
71
2
3
5
2
59
24
2
1
19
61
9
1
50
26
33
14
25
40
48
45
59
25
1
39
39
32
26
61
73
71
19
61
40
34
10
59
17
68
4
22
24
12
71
29
51
50
31
1
4
24
2
60
17
51
7
14
9
52
6
12
48
47
3
38
2
24
25
25
16
46
38
30
2
48
24
8
4
50
39
31
40
14
23
60
74
71
71
10
7
22
59
48
42
0
70
40
40
3
30
31
72
4
59
58
2
33
12
41
3
21
10
25
21
62
15
40
7
70
70
2
8
8
13
59
42
3
12
30
4
31
49
30
14
42
32
34
9
59
70
31
7
4
40
2
42
61
13
17
50
50
41
0
3
52
49
3
23
23
31
3
7
26
3
46
2
2
9
27
50
60
39
12
8
3
23
39
61
31
2
75
36
27
3
33
1
8
17
47
32
16
16
73
39
18
25
20
68
9
16
32
8
6
33
13
71
28
19
25
32
2
57
5
73
30
60
17
11
24
17
60
38
41
27
8
31
4
18
42
56
26
33
59
41
4
1
56
8
6
13
7
2
7
30
18
5
17
49
73
41
5
4
51
11
39
7
63
23
35
30
2
71
40
47
31
4
5
4
23
48
41
10
1
1
18
32
48
19
7
31
6
61
7
40
21
12
24
35
23
22
16
2
41
6
42
40
7
10
48
37
42
6
51
3
24
73
18
18
50
16
23
5
1
6
6
71
57
33
23
22
2
2
16
50
32
28
38
72
33
18
22
69
46
18
12
48
47
43
12
11
40
41
30
13
31
56
46
24
49
51
6
39
4
49
1
19
50
50
32
37
39
5
24
41
62
10
3
42
30
13
40
72
5
2
11
73
49
68
12
30
32
7
12
61
22
37
13
12
47
46
71
1
5
72
4
57
20
58
13
17
60
34
70
31
71
8
60
25
9
4
70
3
0
41
12
32
73
36
26
38
23
48
57
8
14
53
70
1
0
4
9
49
58
47
70
17
47
7
39
4
5
10
60
12
26
59
63
57
6
52
12
7
21
19
12
63
13
13
4
60
1
5
24
17
24
5
61
51
25
50
8
3
36
71
0
57
13
7
4
32
17
51
30
17
18
7
71
49
32
40
51
3
70
2
4
60
4
32
23
16
49
40
12
36
26
3
3
5
18
11
11
31
63
47
52
10
26
20
4
58
40
16
70
53
51
11
5
70
30
3
42
7
10
23
25
57
1
39
60
2
0
60
2
8
28
59
40
5
23
25
2
24
39
61
16
23
34
61
31
39
56
30
0
5
72
4
58
29
11
59
1
12
2
32
4
47
22
17
30
3
36
50
41
72
48
6
23
50
2
51
17
11
70
41
6
3
21
30
37
30
58
33
5
3
50
69
20
40
8
25
71
17
2
75
11
31
32
23
12
20
14
42
41
32
39
41
25
12
12
21
71
33
5
6
50
24
59
59
33
47
49
14
42
1
30
35
72
73
1
33
10
22
25
11
69
40
9
48
18
30
49
59
2
49
51
17
48
6
15
56
49
16
72
17
71
11
4
1
4
17
3
20
71
51
23
24
12
10
4
12
25
3
72
31
24
49
72
16
12
38
8
12
2
46
2
30
9
48
17
4
47
5
39
1
1
4
33
15
40
32
2
4
14
40
3
8
10
60
14
12
61
50
71
62
38
8
59
69
3
5
7
20
2
59
5
48
17
5
3
8
5
56
8
3
12
31
59
30
74
2
25
7
61
1
24
69
5
1
24
22
63
23
31
8
0
72
4
50
7
40
38
32
5
23
6
14
65
24
18
3
38
40
76
12
16
26
71
26
7
25
50
1
70
59
48
11
70
33
10
10
40
4
9
57
6
29
19
33
41
0
8
60
17
32
4
5
23
58
5
50
1
4
41
12
19
32
13
7
12
50
2
38
32
17
71
37
17
10
0
61
30
48
51
71
28
28
4
46
38
45
19
12
7
4
31
2
11
38
1
12
17
37
42
72
10
11
23
32
1
62
12
73
24
2
6
33
8
35
13
34
7
30
42
6
11
16
5
27
50
24
16
25
38
18
58
23
68
23
11
6
29
48
40
35
72
4
52
56
58
72
18
59
48
12
59
51
22
38
32
18
12
31
5
73
27
48
8
26
72
17
70
38
28
1
25
73
7
41
68
1
50
49
41
39
4
23
47
11
15
24
51
33
2
17
62
43
18
36
62
37
11
75
5
12
3
40
70
3
70
35
22
57
26
49
29
16
8
59
12
17
46
59
39
15
4
5
5
41
48
41
9
40
14
5
23
29
1
37
32
19
30
2
9
15
43
56
4
47
22
15
40
25
24
33
49
38
31
59
7
17
57
6
58
71
24
9
45
13
2
37
60
41
7
70
23
47
32
50
24
7
71
32
71
19
40
25
3
11
24
50
17
2
30
57
4
29
13
43
11
11
3
69
30
18
38
32
10
2
73
7
28
4
15
12
8
2
40
13
12
59
8
61
1
3
9
4
24
13
30
11
7
71
60
50
3
11
2
16
14
25
39
6
22
2
17
59
58
13
8
39
25
36
59
50
14
11
3
48
8
69
0
14
17
3
24
73
62
7
3
59
66
71
12
12
33
4
9
50
18
25
60
52
2
26
48
10
42
69
10
3
47
11
9
21
11
41
42
17
3
4
4
62
2
1
4
19
1
59
32
7
64
5
17
69
59
4
18
36
48
21
10
70
18
55
29
5
58
31
48
4
70
13
15
38
18
67
8
71
57
38
4
46
69
18
5
7
47
48
72
30
4
39
58
18
29
58
71
46
16
16
16
16
72
16
32
14
70
50
24
57
31
1
30
1
41
47
59
12
59
68
48
10
49
60
12
22
66
40
3
51
48
5
42
24
28
60
62
16
68
48
30
16
13
11
62
37
16
17
57
14
50
7
2
40
14
51
1
26
40
62
31
4
12
51
38
11
24
16
68
50
7
12
12
49
17
55
48
43
31
16
39
1
24
32
59
30
2
17
2
18
7
48
10
32
12
3
19
18
70
14
71
33
32
24
62
32
13
1
17
72
37
6
8
26
2
2
39
6
1
49
47
5
50
23
9
6
52
17
74
18
73
6
5
7
1
66
50
59
1
42
63
71
8
2
49
71
6
157870
157860
157854
157882
157854
157911
157888
157849
157859
157855
157851
157848
157860
157876
157859
157880
157872
157855
157841
157870
157864
157833
157849
157845
157851
157864
157857
157869
157862
157856
157835
157842
157843
157863
157835
157836
157843
157853
157839
157867
157829
157864
157857
157865
157853
157847
157841
157839
157840
157858
157859
157865
157855
157841
157864
157853
157884
157851
157843
157870
157876
157850
157877
157869
157874
157854
157852
157871
157863
157852
157867
157857
157868
157863
157864
157846
157872
157853
157840
157865
157861
157863
157867
157867
157856
157863
157841
157862
157858
157868
157839
157847
157847
157862
157819
157834
157851
157863
157846
157850
157857
157853
157850
157849
157856
157846
157838
157852
157867
157853
157867
157867
157884
157845
157864
157845
157853
157865
157843
157860
157861
157839
157825
157873
157839
157856
157858
157869
157849
157836
157815
157850
157841
157862
157866
157861
157853
157843
157855
157836
157857
157855
157847
157856
157844
157847
157883
157862
157840
157856
157848
157827
157874
157863
157867
157854
157873
157852
157855
157869
157835
157853
157838
157857
157839
157845
157858
157836
157851
157846
157866
157844
157836
157856
157866
157859
157872
157862
157857
157838
157868
157841
157848
157854
157854
157873
157843
157881
157854
157855
157859
157855
157860
157866
157856
157841
157851
157832
157870
157862
157863
157867
157842
157835
157861
157829
157834
157857
157848
157857
157845
157858
157863
157867
157872
157879
157856
157860
157875
157860
157865
157888
157872
157851
157833
157850
157869
157854
157848
157857
157869
157851
157858
157867
157866
157886
157837
157879
157834
157836
157849
157864
157851
157846
157845
157854
157857
157869
157851
157847
157848
157876
157847
157872
157849
157839
157852
157857
157891
157853
157894
157879
157860
157840
157859
157847
157856
157850
157850
157874
157862
157827
157852
157865
157841
157844
157852
157851
157858
157849
157867
157865
157864
157850
157870
157862
157861
157851
157861
157858
157847
157849
157853
157846
157866
157865
157852
157848
157849
157858
157843
157885
157867
157863
157860
157847
157849
157860
157827
157876
157845
157839
157872
157849
157851
157848
157848
157833
157868
157854
157840
157846
157869
157864
157858
157850
157841
157860
157833
157836
157868
157873
157870
157846
157841
157853
157855
157847
157829
157868
157863
157882
157862
157855
157853
157862
157835
157855
157867
157863
157865
157854
157857
157861
157819
157869
157870
157855
157865
157859
157862
157871
157866
157841
157852
157855
157885
157846
157847
157817
157859
157873
157861
157865
157864
157861
157863
157868
157866
157880
157862
157876
157847
157875
157843
157851
157853
157855
157858
157857
157830
157875
157868
157852
157844
157881
157821
157837
157872
157871
157885
157855
157845
157833
157874
157834
157867
157888
157874
157851
157866
157879
157857
157863
157821
157833
157860
157849
157837
157857
157875
157851
157857
157875
157875
157872
157847
157867
157856
157843
157866
157861
157833
157870
157849
157846
157863
157873
157858
157848
157879
157858
157846
157840
157844
157860
157858
157869
157864
157865
157848
157877
157856
157857
157843
157859
157852
157859
157843
157850
157852
157840
157869
157842
157845
157842
157839
157868
157856
157854
157864
157844
157869
157865
157850
157849
157799
157848
157877
157880
157875
157861
157883
157838
157874
157833
157832
157887
157842
157837
157856
157843
157855
157835
157867
157867
157832
157841
157851
157858
157858
157885
157856
157868
157862
157879
157860
157867
157855
157850
157856
157831
157854
157838
157879
157863
157846
157855
157852
157862
157873
157865
157855
157853
157856
157849
157868
157856
157864
157868
157849
157871
157868
157864
157860
157844
157871
157849
157854
157855
157863
157866
157831
157848
157858
157860
157841
157848
157849
157853
157853
157868
157876
157878
157841
157871
157853
157859
157886
157881
157848
157859
157851
157859
157860
