56
88
66
85
41
51
78
85
60
91
70
65
67
76
94
106
92
46
104
59
67
74
75
78
34
91
52
45
45
94
49
77
46
68
70
38
77
58
46
70
80
60
86
75
88
76
71
66
44
58
86
57
44
80
95
65
47
105
78
107
108
42
97
82
45
65
79
55
106
72
66
55
45
41
62
72
44
60
45
37
54
100
98
94
72
60
66
86
52
58
69
60
52
43
88
56
37
70
75
71
41
44
46
72
75
45
32
98
54
45
42
84
46
108
30
93
53
56
83
86
42
48
73
78
100
54
108
86
47
70
81
102
63
102
87
92
40
79
45
90
89
64
68
59
77
53
74
46
63
42
61
41
69
46
45
84
106
101
89
91
74
46
62
42
65
51
70
47
79
45
60
55
93
68
97
63
106
77
63
85
49
75
76
55
83
91
47
66
40
65
83
51
58
74
39
89
105
91
65
79
53
50
73
71
63
100
72
30
82
73
79
64
73
52
70
40
103
63
77
86
106
48
99
76
63
47
75
80
45
71
44
47
61
70
49
53
103
76
83
101
49
103
39
75
54
46
47
82
94
99
74
43
87
57
31
87
78
76
73
65
37
78
103
77
37
44
90
68
92
101
62
57
84
58
59
44
49
107
102
71
79
58
92
42
73
95
40
75
99
72
93
84
43
84
104
93
79
84
58
106
87
41
86
66
77
56
86
98
37
41
45
71
76
102
62
101
89
101
76
78
41
53
100
72
62
79
86
78
104
66
104
92
53
95
41
65
54
56
45
88
77
79
48
72
74
59
57
103
59
98
65
53
106
98
63
38
76
52
68
103
96
90
79
107
50
76
65
67
59
61
80
44
81
40
88
39
86
93
98
64
52
102
69
95
44
99
107
53
66
67
94
65
98
96
102
40
70
63
46
41
51
102
50
67
73
107
79
55
87
93
53
44
53
102
89
66
87
102
65
78
105
52
79
58
59
39
105
101
46
47
47
55
104
54
64
91
88
81
41
42
54
84
41
79
41
94
29
89
78
72
45
77
98
100
76
102
75
54
107
77
106
80
68
47
83
76
91
45
53
74
90
76
89
103
106
42
79
101
86
37
83
72
82
104
53
65
95
50
77
65
76
92
76
71
78
43
78
108
63
103
73
69
63
97
39
68
87
86
63
43
41
86
82
55
101
80
74
30
60
92
77
72
70
50
64
77
88
78
82
61
58
44
79
82
89
92
105
102
43
57
71
37
86
56
68
93
46
48
26
65
78
80
76
32
47
76
59
99
68
47
73
55
91
100
52
57
56
97
59
21
88
71
55
39
98
71
35
73
44
49
39
38
86
80
85
67
66
50
78
51
75
48
59
39
52
82
77
68
92
82
103
77
66
88
45
53
36
90
51
105
63
69
100
79
56
59
81
73
58
85
104
97
79
101
46
84
90
88
47
50
42
90
52
75
41
109
49
51
89
84
54
92
78
106
97
87
68
42
94
53
64
90
73
82
106
74
75
58
42
88
65
51
51
42
44
90
42
85
68
84
45
58
41
90
100
85
51
82
53
106
90
103
50
86
68
65
69
83
31
56
50
93
89
73
65
104
96
102
45
39
106
84
105
40
65
58
67
65
81
78
49
76
80
86
69
105
40
86
52
47
48
51
47
57
64
70
51
96
60
91
51
50
90
51
43
46
107
74
57
59
62
70
60
52
91
103
82
43
47
61
52
46
57
46
61
101
63
70
41
71
59
94
48
89
79
37
56
70
53
86
41
81
104
73
57
77
62
75
44
64
80
50
95
81
54
48
54
47
56
102
77
31
38
41
85
52
73
53
75
42
75
106
92
61
52
74
67
85
100
107
75
73
60
44
50
61
53
73
61
43
38
103
62
68
41
78
45
45
41
104
74
80
44
41
45
92
74
90
44
101
52
69
81
48
44
76
46
75
54
78
74
66
93
91
63
79
72
84
106
38
90
71
68
90
45
82
52
77
63
60
38
77
82
89
73
77
77
47
34
105
44
53
65
91
49
81
94
98
77
44
39
65
104
48
48
64
53
47
64
80
89
45
65
48
66
53
38
42
51
67
109
85
91
67
48
65
57
107
84
80
66
44
76
63
96
86
42
100
45
46
79
98
91
42
56
60
65
94
68
43
65
58
55
66
38
42
108
90
62
59
66
39
55
46
54
93
107
42
55
77
43
38
59
42
78
43
103
76
39
47
44
56
74
91
104
78
46
42
92
73
86
101
89
79
46
49
63
44
43
73
53
49
104
100
41
36
85
39
32
75
69
54
42
103
68
83
51
44
45
56
82
103
101
55
100
89
49
88
42
38
50
86
45
50
46
99
46
66
97
107
55
105
47
46
91
68
34
106
68
62
64
64
100
72
55
76
87
54
57
41
101
51
42
57
55
43
107
100
76
109
99
88
62
73
100
48
81
56
101
88
108
91
102
34
66
53
74
45
51
39
93
75
51
44
44
55
55
40
74
47
80
66
73
59
103
42
48
35
83
80
71
91
94
45
37
47
84
67
83
52
72
89
79
100
82
65
62
65
105
69
79
54
62
44
47
67
101
45
42
55
70
92
53
106
76
38
33
44
67
48
74
47
67
63
52
75
103
89
56
41
47
77
102
70
94
87
53
45
88
76
66
54
104
53
68
85
98
99
71
68
52
73
90
102
67
57
45
102
68
67
99
53
88
46
89
65
59
74
48
71
60
64
46
49
30
89
92
108
57
88
60
49
43
91
102
61
105
60
76
66
62
100
107
40
42
85
47
88
69
106
41
86
98
103
59
104
100
67
74
81
80
73
98
45
79
80
104
34
44
98
41
66
47
86
86
44
82
74
83
105
78
77
80
46
97
76
46
100
66
53
93
80
50
61
80
46
75
78
48
92
41
93
61
61
50
89
90
92
72
73
47
64
66
77
79
44
69
56
76
43
80
86
85
106
78
87
44
44
67
76
105
45
90
63
106
104
65
101
102
87
64
77
55
55
65
40
73
44
105
108
83
43
42
71
85
44
40
102
61
67
63
72
89
42
54
90
63
38
55
66
49
97
104
43
72
50
69
46
93
105
75
63
47
65
75
64
45
59
100
105
69
37
77
63
53
82
101
70
47
62
98
65
93
101
73
105
70
53
34
61
76
90
101
85
75
54
87
39
80
46
56
37
55
47
107
36
48
76
57
106
105
46
46
46
80
47
97
50
46
76
43
63
66
75
42
102
104
96
66
86
34
75
52
59
86
71
91
102
80
46
86
101
52
102
92
48
37
95
52
32
90
41
87
51
64
63
91
60
83
49
100
70
43
45
54
38
91
93
52
89
55
88
108
54
106
43
61
78
87
46
48
61
66
57
52
30
82
91
42
101
41
99
88
49
94
74
56
85
76
58
65
58
51
98
66
62
84
35
56
46
75
93
45
43
65
39
89
90
50
65
105
64
92
100
64
42
105
45
82
78
54
75
102
54
38
67
81
86
32
56
102
40
58
69
63
104
85
54
49
70
66
100
48
64
88
71
57
62
59
54
97
76
56
44
62
80
55
101
102
49
78
95
92
51
35
67
43
43
91
87
37
96
84
68
47
55
38
50
65
85
88
60
104
59
42
33
50
82
66
95
79
60
63
44
102
65
70
42
87
76
60
37
103
89
54
78
47
44
101
71
58
62
106
83
41
65
86
28
107
62
32
79
97
70
83
41
102
74
53
78
91
103
54
78
69
44
59
62
76
67
43
41
74
51
94
78
75
95
92
69
101
90
66
59
68
90
52
92
53
81
56
54
106
43
62
86
85
46
94
66
87
93
65
43
68
76
86
43
77
64
104
64
82
100
103
59
63
46
72
106
96
55
105
72
53
93
79
91
52
89
66
62
57
47
76
42
82
94
80
38
77
66
53
86
104
55
77
94
73
63
103
73
104
54
88
77
56
49
98
52
72
56
52
36
90
66
106
53
76
49
88
55
104
37
45
68
109
79
44
76
77
56
91
76
98
46
53
67
71
63
38
51
57
40
46
60
30
56
85
104
74
49
61
93
57
76
57
102
86
42
56
104
41
63
37
77
54
63
95
44
62
90
62
49
103
49
61
55
51
88
96
99
59
61
48
78
85
103
45
62
88
89
43
102
76
102
41
64
43
90
42
55
86
70
102
45
88
43
52
48
100
53
55
64
46
52
105
62
91
67
59
47
86
102
65
38
47
45
42
71
59
84
83
45
45
43
55
59
56
55
89
59
48
72
104
82
46
89
65
92
53
47
63
62
76
107
98
78
54
82
82
67
88
87
100
26
67
88
92
86
92
39
105
45
71
55
78
56
76
55
80
46
53
65
81
46
62
54
107
99
68
99
90
48
57
87
86
81
53
63
49
67
87
42
87
69
91
92
47
54
78
41
40
88
105
98
102
84
86
91
66
80
76
41
88
46
29
88
71
77
42
59
75
66
42
43
73
54
32
37
89
93
105
58
66
40
97
94
44
106
101
57
48
90
54
67
89
48
102
109
67
46
63
76
43
69
104
45
81
88
67
53
68
41
54
59
107
82
102
59
102
41
62
73
64
64
107
102
31
32
20
85
62
58
53
74
69
48
44
95
67
102
50
78
57
88
52
59
70
91
89
74
47
64
50
40
87
78
92
103
45
92
55
69
45
45
45
68
51
61
67
84
65
68
65
40
47
49
54
69
91
89
68
76
77
63
52
101
58
81
38
61
55
40
54
87
91
51
71
43
63
103
30
47
76
73
102
73
39
48
41
62
50
69
82
79
72
87
63
78
57
88
92
44
71
47
52
53
41
102
65
57
79
46
55
51
48
58
85
75
91
38
60
93
42
58
44
51
52
104
33
55
55
78
71
54
101
56
31
79
73
43
62
88
43
65
95
75
52
43
85
73
74
90
89
49
47
51
63
103
52
45
96
76
99
40
92
49
67
90
101
44
52
104
74
43
80
62
48
64
75
71
64
65
73
42
106
86
72
50
104
44
93
78
54
73
100
32
76
54
101
62
55
66
62
39
91
74
81
87
57
86
69
65
88
55
104
105
42
56
38
62
77
99
79
95
56
100
64
56
56
42
92
91
94
51
52
66
36
38
73
109
80
75
75
107
101
49
52
62
79
46
68
68
53
62
104
105
90
62
86
48
56
67
67
38
66
50
60
42
65
91
90
92
48
68
64
52
105
42
86
67
57
93
45
27
40
54
43
66
74
78
53
95
35
48
72
48
59
44
74
66
64
89
77
41
76
75
62
72
44
100
98
37
89
89
61
61
80
75
80
64
77
41
40
99
41
104
56
40
53
70
52
103
98
45
90
57
78
52
69
53
79
77
91
56
108
43
51
55
39
64
103
44
54
91
38
55
104
44
74
41
73
62
46
77
74
106
48
44
68
94
62
86
75
44
63
53
35
81
97
91
70
56
46
86
50
87
74
43
52
64
37
37
90
39
80
48
100
83
42
85
37
50
64
70
45
49
92
68
101
55
91
43
38
96
78
73
68
57
57
44
52
48
92
94
107
101
107
40
85
74
66
101
67
105
75
96
52
72
46
60
43
77
42
98
81
107
66
91
108
74
68
66
57
77
103
64
57
56
40
103
41
51
39
82
78
88
47
99
95
18
98
46
103
52
43
102
74
37
62
77
75
92
32
53
104
43
73
77
66
85
80
54
75
64
43
45
86
106
66
104
70
102
65
76
51
57
48
57
88
72
46
58
39
93
65
91
107
89
54
100
60
25
80
75
47
67
45
62
62
88
46
50
60
76
59
76
34
74
44
57
54
48
88
42
82
66
94
76
56
58
82
103
38
100
84
54
64
46
37
42
102
59
67
79
42
70
58
67
100
97
101
82
82
101
49
89
46
45
64
72
49
62
68
61
65
79
63
43
75
43
94
65
91
71
59
103
78
99
69
68
49
44
85
80
44
51
72
81
53
103
51
53
81
107
97
104
76
65
75
45
84
56
54
52
69
75
73
85
63
89
44
74
37
92
69
98
108
106
59
47
68
63
78
66
86
79
95
47
90
46
64
39
77
62
105
49
54
64
42
66
59
77
99
40
63
54
90
72
41
44
52
96
63
95
88
63
75
57
33
81
59
54
105
30
53
54
37
30
46
77
42
78
86
106
91
65
47
89
56
55
81
97
55
91
83
73
78
85
49
73
57
47
65
74
45
60
78
54
78
46
68
101
39
67
44
84
110
41
54
39
56
58
109
44
45
55
45
86
61
102
70
57
63
51
68
44
45
42
107
78
41
59
53
43
92
53
102
102
53
49
105
46
77
77
90
46
43
86
48
88
70
78
45
92
85
88
70
54
81
75
41
101
36
44
46
72
29
56
63
100
74
92
77
40
87
47
63
53
53
80
33
55
85
91
105
80
105
82
97
96
85
105
54
101
89
94
106
57
55
77
108
77
74
54
100
39
40
45
65
45
49
96
78
52
46
78
105
63
64
53
56
61
43
50
74
61
84
88
79
103
43
76
50
36
64
103
86
56
63
86
61
80
44
88
58
81
89
77
62
41
85
89
92
95
77
65
78
98
89
91
93
89
65
107
71
58
66
51
54
56
76
77
85
76
39
88
44
49
79
43
43
44
98
77
50
75
78
44
64
55
52
66
89
54
75
51
58
48
84
54
95
37
77
72
86
101
77
90
57
62
38
40
62
56
89
100
66
101
101
74
88
66
78
92
52
43
69
52
55
75
65
55
98
65
87
93
89
64
51
54
63
58
104
99
61
78
60
63
42
77
55
71
103
64
77
64
63
63
106
106
87
35
42
52
56
44
78
99
78
93
42
79
86
84
83
96
43
54
41
39
61
45
85
67
49
106
42
48
85
91
90
42
62
54
45
91
48
62
108
30
72
53
45
99
105
70
55
66
41
52
42
49
78
60
65
40
96
39
43
51
40
53
76
60
44
60
89
91
65
70
39
80
52
44
44
104
45
104
104
48
56
47
76
92
51
93
57
44
44
53
106
51
81
43
65
38
70
99
39
52
41
46
85
79
105
83
59
66
45
83
63
63
53
76
48
82
63
47
49
52
78
46
43
63
75
102
90
84
56
81
51
36
39
68
54
57
40
56
48
45
66
74
86
68
42
49
65
99
103
51
53
51
69
67
69
74
65
37
72
46
48
71
83
86
45
51
79
38
77
52
100
52
44
50
95
90
65
77
107
96
104
66
57
87
47
52
50
52
85
106
89
93
105
69
53
89
90
65
72
81
76
65
76
65
61
81
55
47
44
73
46
61
98
43
50
63
51
41
90
48
65
60
83
83
87
59
83
46
45
77
43
89
61
104
64
91
95
77
43
92
43
49
98
64
78
33
101
95
42
47
105
78
51
75
93
88
84
55
75
107
70
101
55
69
79
105
77
62
55
65
78
45
90
42
42
46
46
69
30
87
77
77
79
65
92
69
54
76
61
53
70
72
42
57
64
44
97
102
76
64
102
57
48
55
40
28
90
77
46
40
58
74
88
70
67
66
93
55
91
84
71
28
44
80
66
46
85
92
55
79
58
91
83
63
42
82
37
76
46
74
40
101
41
90
68
43
87
78
75
87
33
74
49
73
69
54
51
78
54
44
90
86
86
48
86
79
77
46
98
44
45
94
68
102
54
42
66
68
55
42
44
63
48
65
99
87
79
52
57
84
91
89
56
48
87
63
80
94
92
57
47
107
104
52
91
37
104
90
67
105
73
58
39
36
55
88
40
44
92
100
53
49
48
52
52
42
67
82
41
92
82
76
108
53
87
88
94
63
66
92
98
53
86
87
67
83
102
45
92
85
106
90
87
63
106
94
89
51
61
72
67
105
76
79
76
44
45
88
94
22
65
47
89
90
51
66
70
108
44
59
76
43
41
41
75
62
44
54
37
45
55
51
47
53
103
90
39
103
64
78
76
105
103
102
103
104
86
54
103
47
44
43
56
94
43
60
80
80
53
65
76
88
61
44
62
91
43
90
30
91
77
39
50
93
90
90
54
71
65
46
106
81
44
80
56
56
65
88
43
40
78
49
68
64
53
62
62
102
65
80
53
47
46
66
43
51
52
58
52
58
89
86
72
85
83
39
54
91
90
85
95
65
58
78
69
66
50
103
78
104
49
68
66
75
47
73
95
63
58
95
40
63
65
101
53
92
39
104
65
86
45
49
58
44
44
67
62
64
39
92
103
46
73
44
89
76
73
66
86
87
75
61
78
81
84
55
59
93
48
37
86
65
43
57
65
48
60
53
58
53
76
76
52
40
41
62
98
67
48
52
75
102
62
56
97
88
34
53
69
92
87
65
83
102
90
51
101
53
38
51
63
58
63
47
84
67
73
60
58
47
64
90
63
42
85
97
102
100
106
56
67
75
30
92
48
103
38
87
45
76
89
65
69
80
67
76
41
62
75
83
59
62
77
66
91
87
73
54
89
84
71
45
42
72
50
40
104
88
55
42
31
50
67
38
63
38
45
69
36
83
84
50
76
62
102
43
51
69
106
62
47
83
77
66
61
90
77
37
56
72
66
65
82
90
79
53
88
83
72
77
94
102
43
100
79
85
108
108
86
56
75
35
43
96
104
101
76
77
77
78
56
79
40
56
99
76
50
64
80
45
71
45
107
67
81
68
79
79
53
48
53
79
80
88
82
57
48
96
48
45
58
79
51
48
45
57
45
54
42
36
55
71
44
53
53
55
91
64
45
73
64
81
87
57
87
104
54
33
76
49
49
82
100
59
107
80
106
62
81
62
37
75
72
98
105
42
43
70
34
83
109
92
91
66
90
91
70
52
57
76
76
106
50
42
76
93
56
57
102
56
65
59
101
43
79
91
39
37
54
67
103
79
73
81
73
60
66
76
52
72
95
64
100
86
44
100
94
66
79
79
80
59
51
92
30
73
55
92
105
46
102
68
70
105
45
56
85
65
77
55
58
102
106
87
90
71
100
46
64
42
60
75
62
76
75
71
91
101
59
89
43
64
99
47
72
78
107
44
40
56
47
46
96
52
50
80
78
39
68
100
65
71
44
63
67
83
41
94
93
96
75
71
91
46
76
55
76
106
36
104
102
75
68
77
95
102
62
67
49
94
53
64
66
77
65
48
48
63
104
72
61
52
48
76
94
100
63
46
54
92
92
48
97
83
70
45
47
44
104
101
68
88
55
71
57
75
103
76
86
91
77
88
76
104
106
89
106
63
105
102
103
73
78
74
88
56
47
57
69
54
61
43
94
75
76
81
52
91
47
80
91
40
70
43
100
79
90
87
47
41
79
92
42
67
89
94
98
75
64
59
94
72
107
55
80
73
46
58
89
103
53
72
97
46
53
56
63
41
47
106
88
77
48
89
46
60
57
103
86
74
73
91
59
41
40
94
84
67
52
61
55
67
74
59
82
77
65
64
56
72
57
76
64
39
88
47
46
89
45
74
53
86
52
44
102
75
85
83
87
55
80
63
91
57
95
49
65
92
81
62
46
45
61
64
91
46
65
102
85
41
57
44
73
88
102
87
101
75
68
97
96
80
45
43
65
102
86
75
55
75
77
47
101
91
73
101
51
41
60
87
51
52
62
103
57
73
65
54
85
105
68
91
63
54
61
65
95
106
67
94
63
61
56
54
72
89
53
68
69
75
59
100
55
85
63
43
43
88
92
99
40
58
92
47
42
78
98
69
75
40
56
101
102
44
86
102
52
106
84
94
42
91
51
72
89
65
43
41
90
68
65
56
87
46
43
92
37
39
54
71
40
84
42
60
101
46
55
53
91
43
52
62
99
55
77
55
53
101
49
89
65
85
46
30
42
96
90
80
79
61
78
44
51
64
84
56
70
45
45
86
43
104
86
40
66
55
40
56
79
57
48
45
54
80
65
75
88
101
84
64
38
46
88
93
92
93
102
49
51
42
66
64
102
92
78
91
102
44
68
53
41
103
77
41
48
55
88
53
55
53
40
89
36
70
63
60
68
105
52
36
59
75
39
35
56
87
70
50
76
56
66
91
44
83
100
89
76
68
61
74
98
88
66
52
65
50
63
63
46
60
52
83
54
104
86
55
80
101
73
99
55
72
101
86
45
49
44
43
61
55
83
41
102
49
104
76
42
76
48
102
60
85
74
73
71
87
77
88
45
41
63
90
75
107
38
76
105
40
51
74
82
53
29
88
86
56
55
74
70
66
101
90
101
71
53
76
59
102
74
34
80
45
102
81
65
41
105
81
67
45
45
59
53
99
86
44
76
42
60
76
67
53
56
63
38
47
49
62
50
67
43
101
61
61
99
99
90
75
66
40
44
37
52
92
59
49
107
107
60
90
49
102
63
62
67
103
79
41
52
74
104
66
35
81
36
88
92
93
106
82
36
84
51
36
78
52
55
102
80
102
47
79
101
55
44
98
71
66
44
55
79
85
50
39
45
67
90
78
40
61
76
46
88
66
93
42
87
75
89
60
77
79
96
55
53
33
96
68
86
88
109
67
67
80
57
56
56
32
75
105
75
76
74
64
50
108
72
46
51
66
107
77
104
77
102
54
99
74
52
67
57
67
72
67
36
102
54
63
64
101
39
55
34
101
53
40
75
61
54
36
104
87
56
58
74
85
39
95
61
100
58
78
100
106
71
44
65
55
66
64
63
74
69
92
78
44
42
63
57
45
89
57
47
105
92
51
75
53
68
93
63
91
101
71
67
64
65
92
75
105
64
61
63
58
48
99
80
56
45
51
64
87
48
106
39
45
75
54
96
48
35
97
38
105
92
55
70
47
89
81
50
45
44
48
41
43
95
76
76
59
63
63
54
89
55
80
90
51
84
42
54
88
80
88
57
43
45
77
44
86
85
109
65
94
72
53
105
41
94
98
86
101
44
51
92
45
86
100
64
54
81
64
44
45
105
70
30
47
48
93
44
46
72
89
53
72
76
72
74
85
48
48
88
104
100
79
39
38
54
58
89
32
65
109
61
94
76
61
66
62
47
74
79
72
94
52
105
66
67
87
41
48
52
58
39
65
95
74
75
63
54
91
77
90
64
65
99
51
98
103
94
102
60
103
78
46
52
65
39
72
56
108
93
54
101
47
79
108
45
75
55
70
63
56
46
102
48
81
67
57
74
44
44
98
63
105
86
104
78
105
85
63
64
72
39
47
67
34
53
77
31
61
89
58
86
49
55
98
61
62
89
76
62
78
104
56
58
100
68
75
47
84
83
73
80
72
54
64
84
81
101
50
42
103
64
80
84
65
69
41
64
52
41
54
80
79
46
56
56
49
90
105
66
106
80
100
103
101
80
81
90
76
64
94
46
38
65
42
80
65
57
78
65
76
78
56
73
76
50
55
52
71
37
63
73
97
107
54
132448
323527
498243
313383
301432
209282
350279
305506
324204
260037
330345
363759
302548
359077
322748
329306
320075
346763
288502
326214
367167
341539
324341
325246
314830
265988
501248
369665
240841
331993
266615
299805
315166
216176
347803
294957
246826
327168
186332
274381
500209
300071
326562
301709
332350
362634
347774
230393
497227
501173
342023
218872
305063
497252
333870
500274
351360
141244
318593
327496
500263
348023
301987
319002
125993
499263
292838
137279
366928
500267
264623
230440
61565
291556
333075
272675
293683
293454
273808
302283
304368
311835
326064
268889
335047
145165
500202
288569
252990
501274
233460
500228
338209
274943
344252
278043
328896
329636
316688
311152
377844
499248
324362
295899
348780
303313
261759
268481
497240
339267
337274
368027
322232
293852
354259
500185
500189
307622
197052
323471
365519
498221
326137
347861
281959
341695
203242
252576
498221
501195
318516
281219
342124
366500
300657
497235
260198
113128
240350
316579
372305
332102
275345
364990
352501
266575
334424
263238
296279
313083
334928
282375
292371
497194
306271
500212
219587
275560
327694
356466
367457
497179
347878
501238
306382
246398
236950
226520
296951
358610
164022
234564
352717
500217
347930
335991
218347
291005
360580
319067
501256
220839
332314
229636
209052
497228
337298
208555
295377
346175
306014
288473
254892
250014
211718
317992
296508
355064
361505
349880
322952
326475
321664
500199
303016
499255
262462
319936
314817
374239
336248
324648
498252
280598
249473
243152
248407
319617
316740
236379
330477
275090
348020
156831
333786
357619
499249
334710
345289
361287
347741
347610
351388
322884
258932
499186
260057
342554
498258
247841
363566
289999
140278
501273
362444
364840
332279
501257
309907
329039
370070
324045
345602
501199
231177
277455
192375
500215
239114
293698
354928
330581
376387
324167
501238
291372
351409
323185
293968
333320
237209
241342
333326
340164
295414
350599
346379
300484
355177
322967
188538
355528
306404
77758
268939
340376
329163
308981
329054
212590
309844
329589
330329
329220
357117
241526
289321
332552
341230
308924
306486
341303
363972
322992
337499
263915
239844
305144
218744
337432
232083
280449
243626
270626
341129
295735
501263
285575
194665
129307
337601
250501
372855
296189
226994
336066
204353
341626
356657
362360
270283
289270
325563
282028
500255
305355
273011
250227
274145
234898
498251
303546
294094
199282
271503
322304
347264
314043
336367
277924
300622
297470
501226
323381
269899
374613
498240
221628
284717
282700
497231
278076
498214
365680
154280
281285
342222
501220
333983
368641
203243
299533
299126
500221
309410
209418
369263
277961
332065
351867
195869
355068
334286
355353
367224
234387
248232
350717
328105
178680
201703
499281
290716
220623
368552
197427
500257
290733
498288
497226
316488
254726
312858
335978
239725
242392
278390
351129
283577
277597
371134
217988
342404
294538
500222
500214
332285
311739
309538
305137
331717
320303
353331
343439
297792
364607
349261
272021
497243
249711
228709
349554
253771
338625
344899
