1249838707
22
32
72
55
57
38
2
68
68
1
57
48
32
70
28
6
11
74
38
22
4
16
40
9
46
28
70
16
49
28
3
9
60
72
12
1
59
17
6
49
58
32
19
48
48
69
20
4
41
4
12
4
67
12
71
2
47
7
36
11
42
21
68
1
56
25
2
5
38
30
68
4
31
3
23
57
13
3
68
27
70
66
4
49
59
60
40
11
13
13
55
26
5
1
35
2
50
17
24
7
60
5
18
50
58
19
28
5
8
17
3
38
3
17
59
2
56
26
66
18
7
16
3
24
48
70
12
60
18
11
11
6
7
10
15
2
39
17
41
41
69
60
57
43
66
57
70
50
41
29
16
39
9
12
23
15
6
2
57
24
57
70
32
30
8
48
42
70
17
30
19
28
1
10
37
62
58
7
15
30
4
11
22
46
31
11
48
35
2
15
12
13
44
6
1
6
57
18
69
61
10
61
4
13
2
50
51
58
60
11
13
17
61
48
32
38
70
1
30
16
17
5
21
2
61
4
39
1
6
16
1
9
46
15
14
22
23
3
37
4
4
8
3
68
26
51
6
8
29
68
1
23
37
15
1
56
51
33
6
31
52
16
11
39
30
2
37
68
10
23
67
2
5
12
37
14
3
29
7
3
12
12
57
5
39
19
22
12
48
4
3
11
28
5
4
29
24
56
4
70
31
30
4
23
62
17
15
5
39
57
68
39
73
24
31
74
50
17
3
71
22
38
54
12
50
11
47
25
59
56
0
4
51
16
1
47
8
50
12
70
49
71
57
7
29
21
22
24
22
57
9
14
7
68
57
46
10
23
8
7
50
22
48
4
3
30
45
4
19
17
58
30
7
4
22
9
16
58
70
41
32
58
2
2
11
8
17
11
28
4
69
10
29
7
56
71
67
3
5
2
4
15
10
28
48
70
70
61
7
68
25
18
6
50
5
59
69
17
5
23
71
5
22
2
2
17
8
10
59
8
2
39
40
16
24
58
23
7
25
61
4
46
69
4
9
31
47
19
14
29
59
60
24
70
2
12
49
40
7
58
37
6
46
5
48
1
49
23
55
28
4
3
8
70
3
21
11
41
7
17
57
23
28
3
17
10
22
31
74
15
30
44
56
6
12
11
3
68
66
8
68
57
6
60
70
1
55
7
55
5
2
3
23
38
57
72
6
8
12
70
14
71
13
69
49
57
47
16
1
48
4
60
33
55
38
49
10
47
4
14
49
1
15
18
4
71
33
12
5
71
58
2
71
47
58
57
16
48
13
12
56
57
2
20
59
29
8
4
69
23
1
7
1
3
11
68
6
69
58
47
7
8
40
2
4
11
30
2
8
1
18
12
4
8
38
1
1
41
12
2
64
37
3
49
66
56
1
4
2
66
10
60
19
47
16
38
47
1
13
26
70
1
2
2
45
48
6
7
2
60
2
7
49
70
6
69
5
24
3
10
17
12
58
13
68
70
58
30
58
7
21
7
5
51
49
43
12
55
24
60
1
32
8
10
25
18
15
2
48
38
23
2
4
72
26
4
22
29
46
37
12
8
31
28
59
2
17
69
8
57
70
8
61
5
7
8
66
13
61
40
12
71
23
4
15
3
34
6
54
28
47
9
17
48
67
47
30
11
9
6
42
4
31
34
4
50
7
57
49
1
59
40
2
58
2
45
2
5
12
2
61
16
18
50
32
0
12
51
18
56
3
31
39
69
8
9
47
46
75
60
56
6
5
12
38
68
69
39
55
4
39
24
10
36
29
60
23
25
13
6
13
25
47
29
40
59
51
57
30
37
58
12
47
9
39
4
6
26
11
2
48
40
22
70
25
7
11
30
12
69
19
71
12
12
60
36
71
11
48
38
16
29
3
47
3
3
11
19
18
30
23
60
38
2
31
41
24
47
18
3
23
48
13
58
74
13
31
5
32
70
8
38
69
3
1
17
67
38
23
7
1
12
1
12
8
48
7
2
58
7
18
3
39
47
21
4
5
69
9
4
12
23
37
29
57
3
31
1
10
6
68
1
22
55
38
11
36
4
32
70
3
49
17
2
12
11
37
13
23
18
8
1
47
61
41
24
3
50
27
16
29
38
3
67
17
2
4
16
13
37
18
28
60
68
55
2
38
9
9
9
58
29
58
21
3
12
60
2
14
8
29
18
12
60
68
32
4
71
7
4
2
26
19
1
3
1
21
1
59
15
60
2
49
2
57
25
1
5
58
17
28
71
39
31
16
62
1
1
7
4
12
7
1
62
48
28
4
7
40
38
12
7
41
23
52
23
21
1
1
18
7
6
11
67
8
22
9
48
22
39
57
38
33
12
23
13
59
15
69
65
36
25
49
3
7
22
8
46
45
6
2
69
71
24
23
28
45
72
1
45
56
30
2
48
59
38
30
1
29
49
29
12
11
61
3
0
50
23
3
72
7
24
13
18
54
1
17
24
66
24
13
2
39
70
32
11
1
51
36
18
3
57
22
29
8
4
4
39
25
39
23
49
3
16
8
36
8
1
65
56
2
48
4
13
61
37
12
8
2
32
10
38
39
17
33
31
58
48
1
37
5
58
25
59
3
7
67
52
3
18
11
3
8
5
31
62
70
37
3
26
70
12
58
57
23
58
31
2
18
9
50
11
40
7
25
23
1
66
28
48
17
37
58
68
33
8
7
38
7
2
40
2
53
60
23
22
56
1
57
55
23
16
58
68
31
28
58
24
2
23
23
32
11
12
4
65
10
49
8
4
59
35
44
7
32
40
58
2
5
32
49
38
20
49
70
3
50
20
68
24
31
1
12
2
18
11
21
4
60
8
41
1
2
70
25
23
1
9
69
40
8
24
29
60
47
71
1
26
8
23
46
39
42
1
3
49
26
2
31
2
23
54
62
50
1
12
70
6
18
8
37
25
68
16
7
31
3
39
38
69
23
2
55
37
12
23
57
72
59
72
47
11
8
8
38
3
7
71
2
8
3
4
49
18
67
11
16
25
22
6
41
39
62
13
8
40
7
11
23
30
18
40
17
58
48
46
7
39
36
4
23
41
7
25
22
29
70
18
9
24
41
59
47
6
19
51
40
41
16
17
60
16
39
2
23
56
39
60
25
20
8
31
39
39
7
59
17
37
59
4
7
10
15
67
71
3
10
47
35
5
71
13
18
67
8
59
17
13
48
16
7
17
18
10
3
42
38
28
11
16
2
73
40
60
3
21
11
1
58
3
11
33
31
7
2
1
2
30
46
40
3
13
25
26
8
4
12
39
3
8
68
5
1
2
19
22
30
61
67
13
65
4
68
47
13
29
2
12
3
59
49
7
68
58
3
17
39
13
23
54
1
31
4
1
2
60
2
32
3
29
12
38
8
44
16
30
1
69
18
12
24
11
41
37
52
70
11
2
7
24
66
12
17
5
60
7
12
18
11
50
48
9
21
15
59
31
70
1
49
48
7
7
59
30
61
5
23
8
67
12
58
47
48
47
49
13
18
23
38
57
12
68
23
28
48
45
23
1
49
24
69
2
69
24
1
70
19
16
11
55
57
7
67
24
18
5
13
30
25
29
17
35
1
11
17
37
49
14
45
59
56
23
32
25
10
20
15
8
38
70
57
70
8
4
39
1
8
3
51
4
19
4
50
46
12
26
72
16
7
27
67
5
17
23
60
17
1
15
39
45
23
8
40
2
33
1
47
38
7
32
57
40
59
4
41
24
31
8
6
6
7
49
17
60
18
51
69
1
62
12
9
37
5
25
11
45
29
3
13
5
11
22
68
8
51
36
31
4
38
9
70
10
12
48
67
5
29
2
8
40
9
28
28
59
22
39
24
11
4
38
8
11
70
10
8
27
41
69
7
55
31
16
2
1
27
54
38
30
21
4
17
25
31
1
31
10
24
71
16
7
30
9
2
30
3
46
8
9
4
54
70
47
11
67
38
21
1
3
4
8
59
75
7
3
23
58
57
2
38
3
17
32
16
4
12
1
48
30
46
39
7
1
1
48
49
22
46
31
8
1
24
2
32
32
29
50
3
4
18
59
4
8
17
1
5
17
7
24
68
17
24
3
31
72
2
69
58
3
49
11
49
22
48
12
66
71
28
32
40
33
32
70
17
58
2
2
51
7
44
31
31
7
11
11
31
17
3
4
39
21
6
30
8
4
3
16
22
32
7
59
49
60
50
50
27
31
60
33
24
16
15
17
1
14
10
25
1
10
60
28
40
49
26
8
7
47
22
1
39
23
29
46
17
1
23
0
56
44
18
49
2
5
23
51
17
69
31
4
16
38
13
2
9
57
11
65
10
34
57
46
4
53
70
16
50
47
57
11
2
58
33
16
32
1
7
57
18
23
48
7
18
39
1
18
11
7
17
5
69
61
36
4
17
0
1
5
39
19
31
30
9
24
49
57
17
16
15
11
13
59
2
45
39
16
23
17
68
58
6
45
30
21
36
1
15
21
67
12
59
25
9
70
12
59
33
75
12
51
61
6
6
72
3
24
14
69
40
46
59
9
23
2
17
49
37
13
8
24
3
57
16
17
17
56
48
16
17
8
4
24
49
46
49
1
28
0
48
7
68
37
11
69
6
11
1
69
25
59
69
4
42
3
8
17
47
69
2
23
5
31
19
56
57
2
39
42
71
7
17
30
36
2
15
36
51
55
33
18
39
15
6
6
17
69
38
3
56
12
31
57
67
6
37
51
1
74
25
40
58
17
61
2
41
29
39
68
22
69
0
2
49
70
71
37
14
39
67
1
42
25
25
3
47
49
31
69
16
31
49
7
21
61
45
46
12
21
41
49
19
9
32
12
10
45
10
18
4
17
61
2
70
14
38
69
4
70
30
29
11
71
58
32
2
17
5
67
12
13
7
39
58
71
8
2
59
22
8
4
16
59
13
27
30
11
47
46
16
41
39
16
31
7
12
49
60
49
2
3
18
58
11
38
23
1
18
6
7
2
50
2
36
11
55
21
38
23
11
29
24
4
47
2
68
6
23
57
48
49
3
58
29
40
68
1
69
1
2
57
13
5
8
56
17
58
50
23
19
71
40
31
4
50
5
8
28
71
37
71
1
4
17
12
4
18
10
39
32
48
2
39
1
2
12
14
17
48
31
37
17
23
12
5
13
2
16
25
30
8
72
41
56
8
40
59
24
30
13
1
50
4
1
69
4
56
57
58
6
1
71
24
8
13
32
39
68
1
5
19
46
34
39
24
71
48
4
33
72
4
50
2
39
47
12
11
23
59
23
7
74
38
31
2
38
9
12
30
70
5
49
2
3
48
72
39
68
5
47
59
2
10
4
24
37
70
1
22
6
16
38
38
57
22
69
70
32
35
1
37
7
25
18
7
60
41
24
30
6
71
2
71
35
48
56
1
1
21
49
24
11
1
44
1
57
22
30
7
28
48
61
23
9
38
40
16
6
30
45
13
4
19
1
8
14
10
24
31
10
0
36
72
33
4
38
30
39
30
24
5
2
7
14
46
5
10
30
1
74
71
6
2
16
70
70
19
6
11
73
3
8
1
35
71
32
31
5
15
8
1
26
4
56
72
7
22
39
18
29
2
38
6
17
1
67
6
1
26
1
6
1
1
32
38
19
10
2
25
58
9
2
29
41
69
12
47
23
69
32
49
30
59
22
66
21
3
50
62
2
30
45
67
23
16
4
49
17
16
13
16
3
12
56
3
59
10
47
49
30
2
6
25
36
4
28
17
11
60
4
3
31
2
1
50
31
5
37
16
30
68
16
17
5
30
15
25
8
40
49
22
4
4
30
13
5
48
18
57
7
3
23
50
3
12
17
22
1
58
33
48
56
59
7
2
48
6
16
12
25
3
15
75
3
7
60
12
28
4
33
48
8
38
59
29
11
5
38
6
3
13
49
69
7
1
7
12
11
25
24
18
23
12
2
5
32
2
33
69
29
5
58
1
24
11
19
1
32
29
48
40
33
25
16
39
16
47
14
24
9
71
22
61
2
41
18
34
58
36
39
39
51
21
3
38
15
40
30
69
13
11
70
2
6
18
39
7
24
36
68
4
1
16
56
68
71
70
71
24
48
70
5
18
11
32
40
47
29
57
12
23
3
1
48
3
25
65
3
3
24
60
23
3
3
35
4
38
71
70
19
17
39
12
1
17
8
1
7
18
65
22
2
5
6
6
40
7
12
22
56
4
59
1
17
39
30
58
28
4
69
13
12
3
58
4
4
31
30
30
18
17
40
18
24
47
37
31
68
16
69
17
38
50
24
5
48
39
17
37
23
4
31
70
1
3
20
58
7
7
2
23
16
59
71
2
57
3
2
8
39
56
40
11
49
37
38
60
40
40
55
13
56
14
23
49
23
2
6
32
29
5
49
12
69
32
33
53
22
38
2
28
2
11
59
72
1
16
48
33
49
72
13
68
46
44
1
49
31
73
50
56
31
32
1
22
33
52
59
11
4
39
39
16
47
4
10
40
39
2
58
47
15
8
4
27
33
39
60
68
3
9
68
12
31
4
31
13
33
42
30
46
60
58
3
33
1
16
8
3
40
48
11
14
56
47
2
60
69
7
15
75
4
41
7
50
39
67
13
58
2
29
3
3
2
11
2
50
16
12
17
39
18
57
4
5
11
9
8
3
4
71
6
17
23
21
18
12
18
11
6
29
30
14
12
25
39
39
46
22
41
15
29
7
13
7
60
49
69
17
60
2
49
4
38
29
31
10
46
39
49
71
66
50
17
17
12
39
12
32
24
69
30
3
4
5
11
3
39
12
71
31
18
2
11
4
22
41
4
13
40
17
48
30
1
1
72
16
70
48
29
23
49
71
58
2
71
49
6
17
21
51
6
54
4
30
14
32
50
29
31
26
1
8
7
47
12
70
68
47
2
60
38
52
7
39
59
30
46
68
45
56
3
47
9
16
51
69
36
45
5
16
40
11
13
29
9
21
31
69
57
49
20
59
38
13
68
17
68
4
26
37
26
23
21
17
12
24
11
4
59
9
17
12
48
22
10
10
8
60
14
1
24
8
2
13
29
8
4
48
40
33
47
20
46
49
32
71
28
13
7
30
2
23
69
15
1
59
59
22
69
2
47
1
3
39
22
1
18
59
15
22
21
18
39
7
3
71
10
17
3
60
40
47
32
10
58
70
47
5
1
38
60
70
10
12
2
24
5
56
48
0
31
60
11
24
18
17
57
2
47
13
48
41
3
41
35
67
5
49
38
69
1
3
60
25
1
38
12
29
69
71
8
58
71
11
30
40
62
30
1
16
1
26
41
57
28
71
10
9
13
14
23
1
16
17
8
49
2
28
5
59
7
22
2
45
2
16
48
1
45
10
9
47
30
41
3
1
48
47
68
13
32
73
5
12
0
3
69
67
12
14
39
5
31
70
70
17
58
2
46
1
58
60
6
49
4
23
17
21
5
6
12
21
11
6
38
29
4
13
72
2
24
67
24
3
4
8
4
4
71
70
9
8
2
30
3
13
26
69
67
41
6
2
49
9
1
7
22
2
1
38
48
2
2
18
13
19
1
5
70
32
40
5
9
58
47
3
9
1
59
7
70
10
8
22
61
11
5
17
30
37
71
7
40
10
5
59
48
19
17
31
2
3
17
15
59
30
49
7
13
49
6
40
2
37
48
12
37
38
36
6
4
59
71
2
58
71
72
17
61
70
31
4
32
14
7
18
2
68
58
6
59
40
1
6
29
34
21
25
4
17
18
59
21
22
46
3
50
23
16
69
23
59
58
59
55
4
22
3
9
71
47
17
17
70
7
40
38
3
37
8
4
8
46
32
4
8
68
49
40
18
38
1
26
12
17
17
23
72
2
1
47
46
2
7
34
48
13
29
49
12
58
3
3
49
71
5
51
71
71
2
8
69
18
40
6
31
7
5
5
17
3
10
4
49
37
4
73
21
11
19
18
49
7
68
8
25
23
49
15
37
19
14
10
2
22
48
23
6
4
1
31
6
66
71
57
60
7
55
38
16
60
29
39
39
42
31
12
6
30
19
11
58
18
71
11
60
2
21
2
1
20
32
6
39
73
16
12
36
22
9
24
7
52
13
5
69
59
3
37
1
2
13
31
7
30
28
59
5
31
10
49
22
31
5
12
7
7
15
18
34
28
5
30
39
58
48
38
60
3
7
37
13
72
1
60
1
61
48
45
10
25
10
30
38
4
62
17
10
4
39
4
2
60
48
31
31
49
13
7
12
40
15
73
20
35
38
39
71
38
24
11
16
31
70
4
6
51
50
6
57
22
49
4
5
13
68
30
8
14
6
6
2
22
33
16
58
32
49
38
4
16
32
25
8
22
17
58
39
50
21
11
4
16
38
44
15
61
18
46
23
23
10
23
70
39
16
13
30
25
49
13
70
10
58
58
23
69
7
6
5
1
35
4
32
40
2
32
57
11
3
59
59
66
5
5
3
60
69
1
47
3
37
68
3
1
2
21
31
25
1
16
69
17
2
70
19
2
9
11
57
54
2
24
62
7
2
33
58
31
49
47
47
17
2
56
47
15
31
9
4
68
9
26
1
24
18
57
6
11
5
39
10
8
3
38
73
70
21
39
18
25
29
17
23
23
5
8
18
12
57
69
31
13
2
59
68
11
22
3
2
6
11
60
4
18
56
29
52
30
12
2
29
33
7
5
71
10
71
7
23
57
22
4
25
56
21
6
17
8
22
21
8
57
49
32
11
38
70
46
30
57
38
32
60
51
69
15
70
1
49
11
40
40
48
58
12
6
57
1
16
51
11
18
5
38
2
2
2
22
47
67
10
7
23
23
21
17
19
66
11
39
16
29
10
39
11
1
5
56
47
40
67
68
21
70
38
26
5
12
40
20
2
17
8
31
29
58
7
1
59
12
48
56
9
30
29
1
40
46
13
71
11
13
17
4
25
1
59
5
2
1
45
4
7
4
60
10
38
2
33
7
2
69
35
31
16
18
5
4
70
17
24
13
3
13
57
72
23
1
47
60
7
11
18
39
18
32
69
2
5
31
2
70
30
67
11
40
67
8
2
16
31
18
14
42
47
22
57
3
28
48
2
7
32
58
39
32
18
47
12
18
51
61
7
11
4
2
40
7
36
60
22
3
2
4
2
24
24
12
68
49
46
39
1
1
8
49
4
16
5
18
70
39
38
59
30
9
3
33
49
16
17
33
3
47
20
30
38
58
21
48
10
17
29
38
5
38
49
17
7
55
17
38
5
70
2
7
31
47
10
12
26
4
71
41
13
25
38
22
17
3
7
2
45
38
61
14
27
17
7
1
1
1
25
8
2
2
14
4
17
45
48
17
38
24
51
10
12
50
17
39
30
47
57
31
24
25
6
12
7
2
1
23
26
18
58
59
11
31
57
57
24
17
58
30
18
12
37
13
1
9
11
4
12
31
57
48
7
39
38
33
39
59
6
48
31
50
10
24
47
56
40
10
3
4
69
0
12
32
1
12
55
1
7
7
72
11
71
18
17
41
68
50
5
16
29
17
58
29
66
15
3
25
12
22
68
70
7
70
67
16
32
47
9
62
12
38
12
11
8
60
30
11
51
1
13
56
11
36
9
15
60
37
18
8
30
3
29
46
38
6
5
31
10
49
12
23
31
47
40
6
17
23
24
5
16
6
56
32
27
32
49
71
30
7
32
45
48
21
18
12
42
48
40
11
23
5
59
3
8
6
31
67
50
3
22
8
38
62
47
37
37
3
40
4
32
57
23
2
48
12
60
38
38
27
15
4
7
24
30
68
29
10
5
58
38
1
39
19
49
2
67
37
2
71
56
28
71
0
4
13
24
46
26
30
4
32
38
22
23
11
60
12
11
37
12
58
74
29
13
2
8
1
51
57
18
9
15
1
5
5
8
19
2
5
10
17
48
38
23
4
9
1
40
48
47
60
69
17
7
21
4
40
3
23
50
72
46
3
55
11
69
5
47
8
1
40
13
10
48
31
10
59
38
25
18
5
48
50
18
48
58
7
8
2
69
31
12
15
1
58
41
17
2
2
17
27
38
55
47
48
24
10
1
38
57
4
29
39
21
3
10
21
14
37
17
24
39
32
31
31
17
25
29
1
50
15
60
15
17
14
17
2
58
10
22
21
30
8
23
9
20
5
68
14
3
24
73
3
9
57
18
55
11
21
69
71
25
7
23
49
55
37
16
10
10
21
22
57
4
71
12
18
30
5
70
49
70
71
2
34
7
11
57
11
46
70
26
12
2
30
71
71
2
22
7
33
40
12
70
38
4
22
6
48
38
74
8
37
21
24
19
10
24
24
12
30
56
30
1
7
65
4
2
7
35
22
38
3
23
23
73
4
50
3
11
7
35
3
72
8
12
50
23
22
72
30
51
4
71
10
59
11
39
59
58
58
50
59
12
69
6
25
2
4
40
19
17
61
48
3
40
24
69
23
70
24
40
38
32
34
1
58
2
13
57
23
1
5
23
4
24
67
58
59
17
48
49
33
50
29
40
70
28
73
39
3
49
70
12
16
13
28
24
8
1
17
16
3
3
69
13
56
67
17
29
39
22
56
2
32
6
56
8
18
2
38
4
3
9
68
58
13
69
50
57
40
3
60
60
2
41
70
22
59
47
73
47
1
10
4
4
37
48
12
61
60
21
5
29
17
46
70
28
38
11
17
4
5
1
47
54
38
2
1
21
6
66
1
12
50
39
22
32
49
41
59
0
70
30
12
38
39
0
16
58
17
49
60
23
21
7
56
7
32
2
66
12
38
68
12
59
2
2
48
3
58
10
70
16
39
24
4
7
59
2
70
56
5
71
8
71
31
7
66
47
25
49
4
8
70
18
16
30
1
7
12
67
59
6
47
2
40
69
71
30
71
30
12
12
50
55
1
30
29
16
2
18
32
24
40
58
47
37
69
10
67
4
38
51
49
46
6
24
53
2
48
60
12
5
48
30
49
15
17
31
8
30
9
16
28
18
38
6
1
36
18
12
37
1
40
14
57
69
22
71
50
69
2
31
17
23
14
18
5
6
74
7
17
25
28
67
29
68
70
2
46
3
20
68
24
12
71
41
13
58
2
41
2
73
18
58
23
2
3
1
31
14
45
8
1
22
1
3
2
41
48
12
5
12
46
1
40
69
29
58
40
17
36
17
49
68
25
3
6
70
22
4
17
34
18
12
19
4
4
24
22
20
59
39
72
4
23
38
19
60
8
10
39
11
17
40
13
6
23
17
39
2
15
15
7
0
29
30
71
38
25
10
68
16
48
39
23
45
39
5
8
22
70
2
38
8
34
70
30
19
14
24
48
4
23
6
7
17
5
5
5
58
68
5
70
50
197690
197672
197664
197703
197673
197682
197677
197686
197675
197697
197696
197698
197691
197686
197686
197709
197684
197687
197707
197661
197691
197683
197714
197681
197678
197681
197688
197688
197719
197702
197676
197686
197689
197684
197701
197701
197681
197691
197682
197686
197684
197705
197699
197698
197666
197690
197689
197687
197696
197675
197714
197706
197679
197708
197675
197699
197684
197696
197695
197682
197667
197692
197673
197686
197679
197687
197697
197713
197693
197688
197704
197687
197673
197716
197675
197676
197686
197666
197696
197688
197674
197707
197684
197688
197662
197687
197670
197702
197701
197702
197695
197708
197705
197697
197694
197679
197682
197690
197682
197699
197672
197706
197674
197689
197684
197694
197675
197696
197708
197670
197694
197689
197673
197681
197698
197677
197713
197703
197689
197692
197674
197668
197690
197709
197697
197695
197710
197708
197694
197679
197698
197689
197673
197691
197693
197699
197701
197706
197690
197692
197677
197683
197681
197676
197699
197679
197670
197706
197678
197691
197710
197696
197665
197687
197666
197693
197682
197705
197668
197671
197688
197687
197689
197671
197721
197686
197704
197673
197701
197706
197712
197692
197706
197688
197686
197693
197666
197698
197696
197704
197683
197683
197685
197668
197688
197680
197702
197698
197695
197697
197677
197681
197654
197675
197687
197710
197688
197719
197679
197684
197721
197670
197699
197684
197711
197665
197674
197688
197668
197681
197708
197703
197688
197674
197705
197730
197676
197692
197675
197701
197686
197689
197701
197718
197691
197699
197702
197667
197685
197696
197682
197665
197683
197700
197694
197679
197694
197681
197688
197688
197687
197702
197645
197682
197679
197711
197691
197693
197687
197694
197682
197660
197680
197690
197685
197674
197685
197673
197717
197659
197687
197718
197689
197687
197670
197676
197688
197659
197697
197668
197696
197677
197699
197672
197694
197672
197704
197701
197678
197699
197682
197678
197680
197704
197697
197704
197707
197685
197691
197683
197694
197686
197673
197678
197688
197685
197651
197697
197673
197685
197696
197681
197665
197695
197686
197725
197691
197685
197696
197672
197683
197676
197685
197701
197684
197690
197698
197708
197679
197681
197699
197689
197666
197689
197709
197689
197684
197688
197664
197686
197688
197686
197688
197680
197659
197693
197696
197685
197709
197692
197662
197690
197712
197709
197660
197688
197698
197695
197675
197716
197704
197686
197700
197677
197686
197710
197699
197705
197682
197700
197699
197676
197662
197703
197672
197680
197689
197697
197695
197708
197692
197722
197684
197703
197716
197689
197693
197678
197693
197727
197697
197687
197696
197695
197699
197689
197728
197690
197714
197680
197666
197701
197693
197679
197703
197691
197699
197705
197674
197712
197711
197704
197679
197672
197669
197675
197648
197688
197714
197698
197698
197707
197692
197694
197684
197699
197702
197687
197677
197674
197675
197680
197699
197685
197676
197683
197687
197685
197690
197701
197671
197684
197697
197702
197699
197712
197698
197684
197684
197720
197688
197703
197698
197680
197677
197709
197684
197711
197699
197697
197702
197680
197672
197694
197691
197708
197698
197706
197714
197695
197703
197703
197705
197674
197682
197690
197665
197688
197683
197689
197701
197690
197693
197695
197701
197684
197716
197705
197679
197670
197691
197684
197695
197705
197687
197680
197690
197665
197708
197705
197690
197707
197687
197688
197679
197693
197690
197683
197689
197696
197689
197684
197671
197675
197671
197685
197710
197671
197681
197689
197696
197695
197705
197706
197655
197692
197702
197694
197679
197685
197679
197663
197683
197688
197688
197699
197689
197679
197703
197699
197711
197678
197682
197706
197690
197693
197689
197696
197672
197708
197681
197679
197701
197677
197713
197721
197687
197688
197670
197676
197715
197691
197717
197679
197695
197700
197693
197714
197671
197684
197695
197698
197687
197718
197680
197690
197691
197691
197680
197694
197695
197699
197699
197699
197678
197694
197694
197711
197671
197690
197686
197696
197686
197665
197680
197712
197683
197706
197695
197665
197705
197693
197687
197670
197687
197684
197679
197676
197692
197691
197713
197709
197704
197701
197683
197679
197688
197695
197691
197670
197679
197672
197697
197716
197677
197698
197710
197661
197693
197724
197721
197681
197670
197701
197688
197696
197700
197694
197680
197681
197674
197691
