78
88
34
74
61
92
64
40
74
37
38
65
61
47
60
59
94
39
46
58
100
101
62
54
80
85
67
72
58
93
95
56
78
97
67
42
98
38
51
79
62
35
36
67
81
71
62
35
69
37
55
90
84
93
61
45
67
37
41
99
55
97
47
36
33
55
56
40
39
70
75
73
36
37
39
36
45
67
66
41
67
55
87
47
80
67
88
49
39
57
54
67
61
69
75
36
84
47
90
94
71
66
69
44
41
68
58
43
65
84
47
73
81
39
103
39
90
42
64
36
49
70
36
89
86
87
62
63
37
82
51
91
73
78
48
92
92
67
99
73
65
53
42
58
40
38
88
58
36
91
57
35
96
34
92
44
90
65
94
92
71
87
64
43
49
95
91
76
35
65
61
90
53
63
62
37
65
71
55
63
78
76
45
79
66
46
64
34
37
99
60
43
50
64
44
70
53
67
69
45
36
68
71
89
50
81
53
55
38
55
46
55
48
100
35
64
37
89
70
85
97
71
48
98
45
75
70
98
49
44
92
43
63
92
53
53
35
39
64
95
47
75
49
84
82
50
48
74
38
49
45
35
39
96
90
79
40
78
102
44
50
59
49
42
36
79
64
56
46
61
46
68
67
34
51
71
68
95
78
61
94
55
93
37
46
82
39
92
60
45
39
49
67
52
55
62
96
80
34
97
66
79
72
76
91
67
37
72
80
53
97
91
46
99
38
64
48
76
44
77
48
63
99
60
80
87
46
67
81
54
90
41
66
57
63
50
55
40
45
44
50
53
36
65
65
38
42
54
47
66
54
68
43
55
95
38
73
39
66
56
89
90
47
36
66
82
77
58
61
78
33
72
47
69
56
46
57
91
88
45
79
74
47
64
77
63
46
48
46
40
38
86
56
83
48
37
53
67
75
50
83
37
88
48
100
81
54
61
68
82
53
76
44
98
56
42
89
52
40
87
51
81
92
85
90
43
80
56
39
57
57
65
92
68
36
58
98
78
89
53
45
42
48
91
40
40
46
100
63
93
37
35
70
50
44
34
35
68
51
94
70
94
58
52
82
46
100
47
88
39
84
79
75
64
89
43
54
44
58
79
46
71
66
83
58
96
35
69
47
60
91
84
47
62
88
47
72
85
44
68
76
88
56
50
77
99
73
51
93
35
35
48
91
51
64
89
47
57
41
77
84
97
78
56
46
73
79
70
92
82
61
61
67
46
44
92
43
77
72
41
83
67
73
97
92
94
47
35
47
39
46
58
49
67
46
48
86
56
53
55
99
75
82
37
87
67
93
88
40
40
47
45
52
65
84
44
100
54
49
44
98
35
35
55
78
39
92
92
60
84
71
64
43
37
83
98
79
75
55
77
56
82
76
38
63
43
44
88
73
78
61
76
66
54
50
67
42
75
49
71
78
47
39
54
65
93
38
66
91
41
71
81
77
45
75
61
62
76
86
83
81
76
84
52
55
42
36
38
43
81
40
73
79
64
71
95
72
48
38
68
34
63
46
91
64
106
39
65
78
48
68
47
38
59
96
39
52
62
56
47
54
78
57
55
61
76
97
83
45
95
72
38
92
59
82
97
89
89
49
78
43
50
84
65
38
36
90
50
39
70
91
93
55
101
74
49
98
80
41
51
51
59
91
42
59
47
37
57
53
89
82
65
57
37
96
44
37
76
68
43
74
34
63
63
76
35
51
38
35
75
44
72
60
54
55
49
57
45
32
71
40
44
49
102
63
59
36
67
93
86
89
67
89
60
100
70
43
49
42
54
89
54
84
50
83
55
80
86
81
99
35
40
66
75
51
99
55
36
75
57
80
69
87
42
97
48
36
51
65
67
48
50
57
88
34
73
44
47
89
45
37
44
48
91
46
90
42
34
44
84
73
90
49
38
64
92
63
92
83
78
99
92
67
80
58
82
75
53
45
39
95
69
84
42
90
38
68
87
91
83
72
65
77
41
46
38
88
88
67
67
48
42
35
82
86
50
65
53
80
37
91
72
43
89
47
77
39
76
48
92
51
76
95
85
69
93
84
46
45
79
72
98
51
39
90
52
78
40
67
93
93
57
89
50
93
67
69
60
71
45
38
84
57
80
47
40
65
57
32
87
35
51
84
89
81
86
51
40
52
44
46
79
64
95
72
94
62
94
40
79
37
42
44
35
81
92
84
47
78
36
80
56
75
84
56
45
69
56
41
38
56
70
79
99
65
61
40
45
66
43
59
82
41
53
68
81
90
94
41
44
48
56
64
106
59
42
62
54
53
65
96229
61313
50857
69090
81194
55049
96896
96275
97779
85837
64263
72484
67292
62088
85656
60033
48222
74054
78483
63669
65482
84381
97799
69849
78626
98233
74023
67888
79136
57522
68749
75988
88854
92509
86375
60834
93575
86546
62743
87514
97250
97653
73445
93939
69003
97006
75715
87415
94429
89294
71189
43649
83195
96857
59863
75273
81430
52898
96418
81386
97640
74645
51508
79179
97292
54719
59858
74731
79443
79919
75959
57443
72782
68036
66447
79580
84895
72231
63231
79957
87795
81053
75657
97176
86079
75846
74024
93088
82817
81197
58742
85711
90369
68484
73875
62169
97569
55741
57918
86332
64477
90760
94968
63001
84373
67397
61453
40995
73627
87385
89675
57069
63769
97501
68172
67578
95297
73219
52606
88690
94612
93761
62440
44882
75766
85741
85644
80515
25610
78550
86971
96366
86113
59917
69262
96292
79640
90153
63237
68526
92925
98180
97634
57487
83513
81227
70815
70921
69555
71348
96467
75637
97145
75910
66517
69816
94019
90895
59758
97133
73057
96286
79492
81435
92625
54477
85309
67817
83995
88584
66432
69943
70065
66012
65120
95081
97482
86541
78605
84134
71222
74003
78765
60101
84993
53590
97760
98024
93827
82974
98031
81511
93419
96706
85646
51697
95224
