93
41
58
92
91
40
67
79
59
44
65
81
38
62
67
77
63
98
91
80
33
59
70
90
39
55
45
52
65
46
92
36
35
41
71
75
85
56
57
55
63
84
70
59
72
63
57
74
61
46
98
46
46
56
65
68
56
43
77
54
38
99
54
72
46
89
68
46
77
94
34
90
36
37
64
65
39
38
49
97
45
47
47
64
69
35
47
57
34
62
106
41
91
48
92
86
43
52
83
61
49
83
70
65
69
45
91
46
47
48
42
45
90
72
78
47
55
105
36
98
57
37
90
62
63
45
75
33
61
57
93
44
35
68
40
52
98
43
46
59
66
89
85
39
90
35
46
85
78
45
50
70
52
34
40
103
67
46
68
83
34
82
44
42
95
86
74
46
87
79
59
65
38
50
79
80
94
96
101
39
50
73
64
88
64
78
37
60
42
95
71
75
69
72
82
77
58
44
70
38
91
98
46
60
63
52
59
60
48
36
41
37
62
61
42
66
60
45
48
43
58
53
91
94
97
38
79
79
71
38
91
36
53
79
61
62
69
74
96
90
53
101
95
77
44
57
39
56
71
93
75
90
94
83
36
51
95
88
88
63
55
55
85
95
61
42
94
54
36
97
93
70
101
70
51
48
67
48
44
58
44
101
80
84
50
45
39
45
47
102
64
85
37
74
91
83
40
92
76
72
43
112
84
39
45
68
75
82
112
46
55
70
41
32
63
77
56
41
38
58
39
70
48
36
85
37
93
71
81
96
64
39
94
61
60
85
95
61
55
44
81
80
45
39
54
56
36
60
94
44
67
67
38
90
89
38
52
78
33
60
67
43
92
50
57
91
103
81
94
38
47
66
43
90
83
47
102
45
57
60
112
94
68
77
76
96
52
60
35
70
79
57
103
37
48
60
62
56
80
34
66
40
68
49
37
81
56
92
98
64
82
88
46
78
61
99
75
50
87
94
99
56
67
47
55
45
88
54
49
51
82
47
96
77
45
36
86
69
36
77
41
89
57
86
94
56
86
93
45
92
64
101
59
63
54
53
55
72
34
43
37
75
71
50
85
80
50
59
91
52
42
39
77
48
46
56
92
71
41
76
88
35
71
66
91
35
66
36
80
35
58
57
62
91
49
42
76
45
72
90
57
96
93
50
47
78
43
96
52
64
36
47
58
36
65
47
104
70
72
44
91
35
80
58
45
65
46
99
54
99
37
63
37
67
80
83
55
79
84
77
63
88
81
92
67
91
92
88
44
76
96
46
40
98
98
38
59
79
65
36
57
100
75
49
82
52
68
35
56
91
59
36
39
92
48
69
96
76
43
88
56
91
54
47
71
72
39
72
67
71
79
67
87
34
68
57
56
41
33
83
40
112
39
110
82
39
54
90
92
91
40
87
79
56
54
57
41
55
96
38
35
50
63
50
47
35
75
93
45
95
52
67
60
54
51
65
69
76
39
79
93
87
58
36
101
79
57
44
66
90
81
90
47
56
72
52
45
79
42
49
66
56
55
54
68
80
46
40
68
85
88
84
53
80
45
90
57
35
37
74
36
43
69
103
67
63
68
98
66
62
90
43
47
93
47
36
87
89
64
74
37
64
64
79
79
47
50
61
96
64
43
69
70
84
80
73
91
65
66
38
37
83
63
63
66
40
80
47
66
85
39
78
81
40
97
70
44
83
49
51
89
35
65
80
90
84
55
53
99
61
38
48
47
73
79
66
87
51
77
79
93
75
49
88
77
47
52
61
91
102
90
45
82
75
57
57
42
54
90
70
63
80
87
48
81
54
72
56
89
58
77
85
39
39
79
99
55
41
94
52
60
103
47
95
52
69
52
37
45
97
89
48
43
48
89
55
38
72
47
85
74
78
97
83
97
73
35
50
42
34
48
81
84
47
89
57
64
77
101
47
47
76
44
96
46
38
45
83
49
92
117
94
83
60
105
81
41
95
93
36
64
40
96
67
91
54
80
78
45
40
98
80
83
57
68
36
95
96
38
95
46
37
82
84
56
73
64
41
45
55
80
68
34
34
71
34
69
46
48
54
57
79
67
48
41
56
79
49
56
69
35
46
67
71
36
56
97
77
45
66
38
38
47
86
41
55
57
59
69
87
36
72
78
78
101
39
97
76
57
46
39
47
92
49
64
81
50
64
55
73
56
85
65
76
95
95
83
72
40
78
42
41
68
54
36
43
91
62
46
88
83
77
49
96
87
54
69
93
42
46
104
46
96
73
53
61
60
65
68
75
55
94
43
46
57
63
82
76
61
44
87471
92978
97588
76801
79617
80999
73098
95033
88201
83679
94564
98229
96848
81755
96882
91256
97695
50097
89288
69906
94275
62747
59473
95756
68975
65657
50924
85504
81915
50789
98200
98009
70077
84299
60366
57504
71210
70357
51980
67782
59656
90475
98160
76013
68967
60043
80374
64372
65196
82927
77852
92105
57117
56534
91330
57609
97232
72477
78432
70536
75648
98185
96341
75952
62429
56456
96365
74848
72450
75653
93866
67046
76123
65868
62458
76938
89484
50232
96008
96305
56754
62025
49359
82135
82716
83031
76449
65843
59835
75594
63291
60231
75614
83055
72197
90927
67551
66620
67504
79951
74095
79011
96841
82019
83124
68747
71483
41978
97019
42959
70885
74630
79603
29913
71558
55160
97620
64491
94575
68248
76617
89175
88042
77297
76219
68804
82338
91181
96035
90329
75226
91976
91536
75989
79525
78647
41721
73877
98010
82710
77467
83709
95564
49240
58125
92730
71416
96790
82820
72573
68062
75508
94642
89416
62614
82507
12338
58625
68386
70493
86450
81909
68446
96780
95072
94939
62577
88547
82333
96766
97304
39971
75826
89063
85934
91958
83999
96323
74645
85464
55975
64082
69931
88603
76727
75847
92843
75532
96613
77540
66966
89016
95802
64108
69064
65681
80599
