17803
18533
18159
17409
17751
18527
17214
18141
18343
17601
18158
17623
18721
18552
18945
17413
17228
17577
18527
18694
17413
17564
17999
18521
18545
17400
18354
17384
18378
18159
17415
18907
17410
17594
17365
18126
17764
18370
17220
18352
18338
17616
17400
17244
18945
18201
17957
17774
18918
17970
17954
17991
18542
18346
17970
17802
17758
17391
17222
18917
17397
18919
17969
17561
18156
18548
18557
17607
17783
17191
18165
18172
17585
17238
17422
18162
18955
18361
18756
18156
17788
18933
17967
18332
18930
17216
17781
17984
18352
17774
17587
17604
17218
17761
18743
17595
17747
18937
18545
18544
18532
18735
17956
18359
17173
18481
17360
18555
18941
18756
17961
17776
18725
17405
17971
18143
18345
17989
18569
17414
17400
18754
17390
17774
17781
17981
17418
18145
17793
17991
18325
18918
18547
17801
18923
18751
17796
17375
17585
17426
18736
17604
17984
18945
17992
17770
18905
18176
17945
18150
18152
17569
17566
18920
18338
17797
18745
18572
17243
17604
17395
18343
18007
18360
17407
17587
17219
18929
17219
18696
17224
18691
18553
17948
18163
18512
17212
18361
17229
18900
17585
17735
17219
18372
18008
17623
17593
17966
18744
17219
17593
