76
110
57
94
87
81
57
60
71
91
108
86
86
71
44
56
44
58
60
82
101
94
49
53
49
55
66
60
80
69
77
78
100
100
44
65
82
96
81
106
94
36
68
96
58
57
69
91
69
95
60
77
46
104
79
91
107
94
44
48
84
98
55
70
89
71
80
78
60
79
78
52
91
80
57
95
111
96
107
81
40
88
50
52
107
82
66
76
71
106
91
102
33
109
44
91
57
66
45
69
66
45
59
91
77
108
51
55
79
111
63
96
80
94
59
54
57
66
53
41
68
61
53
68
110
66
47
83
47
48
72
70
68
67
106
86
48
88
47
80
90
91
46
63
69
81
49
66
51
71
105
95
72
92
49
111
68
50
84
109
70
50
52
59
70
83
50
83
104
44
70
46
91
51
58
41
59
97
108
47
81
86
58
70
58
105
107
96
79
105
104
107
72
82
93
96
71
59
81
69
77
81
105
78
108
57
110
64
56
44
85
68
104
51
47
83
49
56
77
82
103
86
62
94
103
79
64
64
58
61
58
66
58
60
48
112
99
80
50
57
81
53
105
104
112
112
60
80
64
84
50
109
70
107
68
57
83
90
108
97
48
67
51
63
97
46
56
69
59
58
82
81
46
83
111
84
112
81
46
46
104
46
82
90
84
93
60
47
64
60
70
109
67
63
58
60
60
65
57
50
63
52
88
92
47
60
46
92
105
92
90
95
104
98
93
90
77
66
55
94
100
68
80
68
92
79
66
80
75
43
102
95
64
88
43
44
69
60
58
79
81
91
54
63
110
45
64
76
109
105
111
106
73
92
97
53
98
80
90
47
48
48
70
81
106
80
47
52
67
108
99
55
89
82
111
66
105
92
91
52
90
80
68
66
54
105
94
105
55
99
83
72
48
106
72
48
91
46
103
91
77
87
89
55
109
110
45
71
93
61
46
50
67
55
43
98
73
79
48
46
98
105
92
59
109
58
52
104
60
108
87
47
58
89
108
83
71
94
52
105
45
70
94
43
95
65
81
70
88
71
55
59
95
79
70
52
91
112
100
57
53
78
81
66
79
94
58
56
106
58
51
73
109
110
106
45
62
85
47
69
87
83
43
67
103
105
80
61
97
79
46
57
97
108
105
67
90
48
64
67
84
68
80
113
72
84
41
72
96
81
81
79
78
98
104
76
81
96
109
43
73
69
111
80
48
89
43
45
85
48
48
66
81
106
97
94
82
92
58
55
96
57
106
63
97
97
81
81
48
103
101
94
104
108
83
59
108
44
61
90
84
84
49
77
59
44
71
67
93
108
98
65
107
66
53
75
47
104
45
75
71
76
68
71
73
68
106
71
57
93
83
69
94
71
67
68
96
95
51
68
63
57
97
83
76
54
80
81
71
69
110
78
82
45
71
69
67
57
111
68
70
92
80
80
106
62
42
83
45
60
60
38
61
58
79
94
48
57
58
65
60
54
83
78
61
53
95
48
48
52
107
56
69
71
49
113
51
79
57
45
94
69
44
47
71
101
79
42
95
55
58
53
60
65
111
59
95
57
46
78
47
104
59
107
97
81
66
92
89
46
110
109
110
68
50
94
76
48
70
93
81
81
94
95
106
110
67
106
109
103
48
92
106
114
47
56
47
107
92
55
109
60
61
66
77
47
78
53
61
69
60
48
105
82
56
69
48
57
59
105
46
110
45
44
58
94
47
105
58
60
46
92
46
65
66
44
84
96
104
69
99
56
60
108
101
78
91
45
63
57
97
105
81
55
50
96
64
43
76
90
67
107
51
111
60
108
46
59
68
50
57
77
94
81
110
56
98
61
109
61
48
81
67
99
112
97
51
89
111
65
110
95
56
45
59
106
103
105
94
81
80
44
57
58
57
69
90
47
91
55
45
76
104
108
108
109
70
60
47
79
110
47
47
67
65
48
70
89
80
111
66
97
47
56
54
79
46
58
52
95
80
71
81
78
43
44
66
72
95
44
53
69
67
58
43
56
110
79
81
110
43
48
73
108
93
78
69
96
81
93
107
55
85
70
112
70
60
70
47
108
64
89
59
59
48
51
83
84
47
111
95
61
80
46
52
70
103
100
66
65
59
92
79
76
56
108
90
62
101
45
54
83
70
78
96
95
57
73
64
44
48
73
104
78
49
109
47
45
56
72
67
60
50
97
69
48
94
60
83
89
60
93
71
94
81
58
70
90
49
73
79
112
64
56
53
82
42
68
46
98
95
104
100
29
94
76
112
107
84
66
72
74
109
49
68
80
50
44
65
39
79499
79042
87707
76046
64977
78675
86091
74459
80769
69872
65562
74640
82815
46568
73181
63952
90581
96538
97268
87551
93653
65119
56395
101538
81993
91580
70668
81761
95646
97957
61577
61200
77816
74241
73538
83910
66558
99829
63650
47561
50773
78191
99356
98062
76892
69036
76286
72364
77187
100907
100072
63144
80938
96321
66219
79114
100196
101124
85538
64917
57956
80280
56675
100387
77335
68002
89884
88324
72991
61587
72243
100022
60382
92786
71209
89744
101954
89549
100962
95174
69259
55598
72077
93818
75818
88947
69694
101605
59054
66626
101164
75295
99989
101149
100725
78003
58933
86807
90166
89076
95633
53918
69172
99256
82908
100602
45495
71010
71346
96970
70318
93306
77171
99648
50630
73308
78796
71772
58082
68636
90690
101075
86107
74551
85889
39161
72236
82654
84902
78797
101980
84983
102091
101449
100631
81112
62432
85172
94573
94041
92390
74818
49740
77347
74235
81268
65837
90310
71881
62724
74992
75070
79900
90728
66561
79644
69385
70408
76256
89998
90662
77571
76634
80236
79706
71460
58150
101128
81838
87944
101168
100591
90752
85389
80891
96130
65599
76655
52283
76022
102010
75714
90015
66660
74562
100587
91464
91412
88001
76044
80300
57037
