17
13
31
10
8
12
24
25
26
10
21
43
30
38
24
40
20
39
8
25
41
27
12
11
10
8
27
41
44
13
21
35
42
39
8
22
38
10
16
30
38
24
41
10
23
34
31
34
17
14
32
7
41
26
16
27
35
42
15
31
43
20
31
27
17
27
31
33
11
14
13
32
23
20
7
42
13
9
21
15
38
32
35
20
21
33
31
10
31
26
8
9
9
45
16
33
33
24
23
17
25
6
14
25
28
35
25
8
43
28
19
22
19
35
34
13
8
10
42
19
41
42
21
42
44
8
13
34
30
24
18
40
33
39
13
9
11
31
7
25
9
33
14
8
12
34
8
27
17
7
22
40
31
42
29
6
26
42
42
34
16
13
21
32
32
18
13
14
42
19
26
16
26
11
13
24
41
40
12
44
18
44
18
8
34
24
41
12
24
10
13
28
17
5
7
41
13
24
31
17
33
14
8
18
28
41
20
9
16
7
12
36
27
4
22
50
14
27
9
34
42
42
21
9
15
44
12
43
15
38
44
8
23
20
32
13
8
43
42
11
42
42
7
34
8
41
41
25
18
33
9
18
34
41
26
28
34
42
20
12
25
39
12
41
14
32
9
32
35
18
25
31
23
8
18
32
15
20
29
43
41
13
12
10
24
13
21
32
20
32
10
6
41
13
41
7
33
40
8
32
11
7
15
31
27
33
13
7
43
21
27
40
6
26
9
31
41
9
12
14
12
19
25
36
20
22
7
19
36
21
15
42
6
7
9
8
12
11
42
32
32
43
24
33
34
35
19
24
34
18
24
15
40
27
41
19
32
34
7
14
15
9
10
33
24
18
31
24
44
10
14
6
44
36
34
12
33
10
33
41
40
19
31
10
41
30
33
40
24
7
15
25
26
13
6
31
38
24
15
27
25
35
40
13
25
10
12
9
27
33
7
12
13
32
21
45
40
13
30
39
26
17
33
18
25
12
22
41
16
19
44
16
13
17
8
7
13
20
17
32
42
12
31
27
19
20
39
27
18
13
11
27
20
43
21
17
14
7
43
8
41
33
9
26
13
25
34
17
31
7
7
41
27
9
27
10
42
10
26
31
41
19
40
9
14
12
20
35
13
35
12
45
15
34
9
42
41
20
39
12
24
23
33
42
31
8
14
11
10
31
20
26
9
26
26
19
10
42
22
11
30
9
13
41
33
9
9
22
9
12
39
29
32
42
7
12
31
12
48
15
32
28
32
10
11
19
25
19
34
26
12
18
34
25
8
41
14
32
15
33
9
18
14
18
17
9
35
8
45
34
25
14
26
20
22
27
10
6
25
16
18
23
42
11
34
7
26
24
19
32
8
14
15
6
13
23
20
38
14
27
41
19
8
12
7
11
31
19
13
9
13
25
25
20
35
41
39
25
32
23
8
34
41
42
21
9
37
26
15
13
13
29
42
28
9
31
7
24
39
15
24
34
29
8
34
34
43
9
23
6
8
13
25
15
19
33
8
9
41
24
9
8
7
8
26
24
27
39
14
32
8
24
36
18
30
25
24
20
9
7
12
8
10
13
39
11
9
19
13
35
13
21
26
25
13
17
17
14
36
33
7
39
32
42
14
35
20
29
8
27
9
6
28
41
39
43
10
33
19
25
19
32
14
15
44
9
10
28
25
30
33
39
41
18
25
14
8
25
19
37
19
9
19
10
26
8
21
27
8
11
9
35
13
18
40
12
32
42
14
17
35
25
23
13
35
26
29
9
30
9
18
12
43
25
40
35
21
10
32
43
29
9
25
16
43
18
13
9
8
39
35
9
17
26
7
15
10
10
41
9
20
43
11
24
35
8
25
33
12
42
26
7
15
13
27
34
23
16
32
32
15
38
8
11
19
20
32
10
7
26
39
28
13
37
19
40
30
39
41
41
33
9
40
34
41
26
33
17
9
21
6
14
42
27
9
14
17
9
19
8
32
8
34
31
8
8
15
31
25
24
14
34
18
33
28
9
42
32
19
8
26
35
13
31
42
14
32
43
18
12
33
12
14
43
9
7
14
8
38
16
34
14
10
9
33
8
31
5
19
20
29
41
33
27
18
16
20
6
14
42
15
8
26
34
32
6
19
27
28
26
39
19
9
13
12
37
28
27
5
21
9
8
18
20
18
26
32
21
12
34
23
43
13
33
27
9
14
34
28
41
14
37
12
36
14
8
42
24
10
42
9
36
21
29
32
7
43
41
10
39
45
31
39
29
20
11
40
39
37
44
42
7
20
18
9
33
10
19
27
33
28560
90790
84635
93944
52307
37986
69956
20995
25442
37262
58354
93812
63722
60582
16076
81518
90940
54167
46372
31521
24138
43224
39547
99521
35994
77078
26938
30338
76767
20737
73499
90034
35406
36719
14933
72880
55481
45285
43440
21348
83118
83564
28933
82679
54099
47643
42889
60934
91665
35967
65982
36444
5833
27318
31160
18875
100922
8575
14064
35594
64978
30857
71688
38214
63584
92443
96373
36451
29405
35703
82668
33904
26893
68444
75508
37402
7957
10085
49584
23741
95446
27863
13888
49281
35796
33986
42230
80620
71449
51682
85515
68568
29048
83730
17466
6229
46608
98422
60263
86341
29654
86152
11555
14546
18735
20085
57148
59995
5069
62740
69338
34208
56564
79486
47405
41491
14858
29398
75925
67237
29711
24570
61283
22158
77793
90338
8546
25262
93085
75702
42898
62877
23343
27858
71700
93529
74027
12747
16001
14786
5045
26494
18874
22249
17925
54384
90294
46515
26065
72951
100242
18121
52359
85619
9702
20638
40700
69707
13362
88937
67291
95211
16787
22445
37173
6656
69449
40398
71315
78255
15806
54433
39690
77968
57304
80685
16565
60083
42422
102132
60065
62968
33116
35817
97691
97140
81247
37176
58935
96937
4461
68180
77296
43039
44232
64345
79013
93258
29607
83078
39021
41531
91240
