47
45
43
97
50
64
42
46
56
46
70
83
59
90
57
54
92
66
92
46
81
51
52
94
45
77
82
44
55
73
44
84
100
71
69
58
44
38
55
39
92
93
67
58
96
48
81
101
91
67
76
94
56
97
70
99
61
78
39
37
54
66
34
64
78
47
55
61
98
83
38
96
36
47
44
57
65
77
51
35
82
48
56
79
56
77
81
74
49
64
82
78
44
80
49
71
70
94
87
90
36
43
64
35
70
77
79
40
73
62
100
76
51
37
44
82
68
57
63
67
56
81
96
96
74
52
101
44
47
35
87
79
54
54
40
79
49
37
50
82
77
88
43
49
57
56
43
42
64
61
34
77
40
46
37
59
46
83
42
77
42
53
54
77
59
37
47
79
60
63
50
91
70
59
78
55
37
80
50
38
66
64
66
45
49
40
66
79
72
40
68
63
55
40
55
80
48
37
46
95
38
46
65
95
52
66
46
38
63
50
37
67
81
34
86
94
40
91
67
73
61
55
50
57
73
35
81
36
38
97
92
56
36
48
62
76
79
55
42
65
71
48
100
67
77
88
77
37
85
47
74
44
44
66
46
64
87
46
54
77
62
56
54
81
83
70
54
88
59
78
47
51
81
35
34
71
102
38
56
73
98
69
36
43
100
56
52
52
38
44
68
83
59
59
76
34
82
54
88
50
65
47
60
85
77
97
58
117
53
60
45
35
63
37
57
35
59
36
57
92
38
80
66
80
89
75
50
77
91
76
37
67
47
39
45
95
82
89
36
65
78
43
99
89
79
67
59
90
83
59
67
36
90
94
80
97
48
45
45
85
102
91
94
35
53
35
37
38
72
79
45
68
48
91
80
34
81
65
93
58
67
92
38
89
53
39
62
76
56
84
66
40
97
38
54
55
69
49
45
38
57
66
89
79
81
66
41
70
73
47
96
44
82
58
67
68
50
66
54
96
88
66
79
59
99
50
96
89
83
80
79
57
35
92
47
60
52
93
102
80
39
82
39
71
71
79
45
91
37
81
57
105
57
72
45
57
73
97
88
39
84
94
36
92
54
91
41
69
38
38
50
77
91
37
91
53
45
104
61
71
66
88
37
62
67
89
58
95
49
40
57
101
39
47
95
53
74
69
67
67
69
81
68
48
48
81
37
65
43
96
56
91
78
37
45
78
35
54
68
35
36
65
89
91
83
75
60
93
74
37
55
42
93
61
79
45
38
66
62
37
101
55
81
97
43
77
97
39
48
91
78
47
50
94
97
48
56
68
34
56
99
60
78
88
33
97
66
41
72
37
35
95
91
93
39
38
64
49
95
64
40
99
90
108
66
57
38
39
66
93
49
60
41
45
76
89
62
82
93
41
53
79
56
67
71
60
56
64
81
37
102
64
47
96
87
102
84
90
96
37
99
65
39
49
79
67
57
58
82
73
80
66
68
86
40
50
95
87
71
94
44
100
64
57
36
69
36
77
89
37
50
85
79
81
50
85
91
69
56
48
67
105
66
58
39
57
58
44
65
89
70
99
78
86
57
83
79
44
75
106
99
82
53
77
93
49
95
81
45
79
62
37
77
42
81
64
40
55
61
49
37
71
52
83
47
50
91
33
47
82
54
80
91
78
78
50
69
54
43
55
94
65
78
54
44
50
64
51
69
75
91
50
51
75
66
35
87
80
44
46
66
75
63
40
69
37
38
52
37
38
60
39
37
79
57
57
57
61
57
36
68
37
41
73
44
68
55
93
54
93
86
82
40
78
50
41
37
68
56
92
53
38
94
68
68
93
41
78
60
90
76
43
51
92
55
82
86
56
37
92
54
80
65
47
93
50
37
56
81
85
82
71
44
72
81
37
48
92
52
36
68
83
34
64
48
39
39
40
63
71
90
34
89
82
74
55
79
50
76
55
37
95
75
72
93
42
46
77
47
87
62
64
65
81
46
56
48
81
37
89
95
35
93
81
78
52
84
57
89
102
74
93
35
56
39
93
37
69
79
91
75
48
63
63
64
104
89
33
95
61
34
78
62
66
99
69
59
105
72
68
57
58
57
93
46
33
77
69
49
57
66
95
90
82
59
57
79
29
53
77
55
47
48
41
45
93
91
45
36
67
74
57
65
97
55
87
95
53
96
46
39
71
80
53
37
39
37
59
98
44
37
89
52
92
67
38
69
55
81
36
57
39
72
48
57
45
53
49
44
54
100
59
34
38
59
36
66
79
56
58
48
49
36
81
67
98
80
58
51
60
46
34
50
78
56
35
49
55
53
53
65
57
67
56
67
51
56
78
56
58
52
80
92
61
43
66
41
63
57
66
44
43
82
61
64
45
81
64
38
59
38
40
65
50
66
66
80
77
90
65
78
71
48
86
36
46
38
44
67
92
54
60
56
81
55
82
86
90
71
90
38
39
91
86
59
60
76
75
61
70
58
92
86
36
41
80
79
68
57
97
91
91
72
52
77
53
30
44
96
73
61
68
43
90
91
50
46
54
58
44
74
37
90
43
75
60
55
38
72
42
64
43
56
46
72
44
65
93
75
78
69
38
67
77
82
79
79
55
54
47
37
62
68
56
89
54
73
87
49
43
71
75
79
78
41
37
88
45
45
35
65
42
45
52
46
36
66
32
82
45
93
79
64
69
91
49
66
45
92
93
65
66
40
68
89
45
39
82
67
67
55
78
44
66
68
89
92
78
38
53
82
72
96
48
64
63
39
72
42
39
68
50
100
52
47
64
35
68
67
69
49
43
54
65
66
54
83
79
76
48
84
56
70
39
90
44
94
90
84
36
83
64
56
45
91
92
33
51
105
39
52
40
81
93
65
104
92
43
85
90
82
57
41
100
71
62
62
44
95
89
33
88
38
75
76
59
44
81
42
41
54
40
34
43
36
35
76
94
45
67
36
88
78
49
40
66
68
42
101
71
78
62
45
44
35
52
60
34
87
76
96
36
79
36
89
58
81
50
79
88
50
89
50
59
52
54
55
68
89
84
91
54
55
78
56
82
57
77
32
66
54
84
38
40
35
39
64
40
37
60
43
69
43
44
95
88
92
97
58
59
91
56
61
81
98
81
36
69
51
48
46
94
56
72
35
39
47
79
80
54
83
94
33
65
44
65
47
37
55
99
35
89
80
46
102
81
46
76
50
52
88
90
88
49
77
68
91
38
49
37
39
77
53
68
79
39
43
37
88
64
69
55
54
53
57
56
83
90
102
34
93
92
42
92
37
49
79
108
59
42
68
81
83
51
83
38
94
55
61
49
74
63
85
58
101
37
48
74
44
42
78
96
53
102
33
71
61
34
83
80
59
34
84
56
95
42
39
72
61
92
79
83
94
69
91
76
55
67
64
62
51
36
39
72
46
49
79
61
53
54
92
82
46
82
62
60
82
101
99
96
66
39
91
94
44
90
60
62
43
35
79
77
97
47
56
81
44
58
91
69
87
92
74
44
55
89
89
36
91
67
47
100
33
54
43
37
106
92
60
65
56
84
36
82
38
57
77
41
77
89
44
45
56
97
43
90
91
99
96
50
61
65
49
93
97
92
57
44
78
81
70
94
82
76
38
69
83
94
58
43
77
93
82
41
39
85
53
82
64
96
67
39
72
80
36
38
47
76
82
46
36
42
74
65
49
48
44
92
64
45
80
60
47
57
52
64
39
76
78
66
97
49
38
55
72
87
69
80
59
41
36
50
47
59
79
65
67
91
45
57
93
93
85
33
41
67
68
76
79
40
46
50
70
58
50
53
74
39
48
78
81
56
92
84
58
53
47
79
60
51
59
87
67
56
81
80
57
53
59
45
56
89
45
82
50
40
38
35
49
73
53
80
37
108
69
89
67
102
73
48
43
54
57
33
68
53
57
94
45
44
36
36
61
68
33
40
41
92
54
46
64
49
82
67
57
54
96
88
75
98
71
86
79
64
34
42
44
77
63
57
37
84
38
91
95
67
77
51
53
39
48
82
84
39
50
54
53
87
79
65
45
53
44
38
83
45
35
69
35
53
36
81
47
55
40
69
41
47
51
46
51
50
87
83
101
38
52
36
70
95
88
43
80
77
78
74
46
35
56
76
74
80
86
78
44
66
93
70
64
79
44
93
88
95
41
94
63
97
87
43
81
95
52
46
66
93
89
46
82
67
85
90
82
98
52
80
57
50
106
56
69
85
62
60
46
45
38
46
40
91
66
42
92
36
82
70
36
77
46
44
82
75
42
47
56
88
34
81
39
98
75
65
42
92
64
61
60
59
63
89
33
87
72
40
70
69
79
96
90
98
46
61
52
48
50
77
64
50
97
93
65
34
37
70
82
47
44
56
43
95
55
48
59
90
45
94
67
75
97
45
68
78
90
87
72
43
41
46
102
35
76
40
56
40
76
47
57
40
56
62
40
80
66
107
38
58
50
86
48
47
47
67
33
51
76
46
50
49
75
79
86
72
46
42
45
96
88
40
65
81
65
87
36
39
44
88
70
54
48
79
80
35
37
70
38
51
58
88
88
56
42
48
65
45
68
80
36
58
66
66
183939
119160
135488
143427
196207
158026
198453
158289
137967
175604
103907
147487
102221
166907
142856
183362
125044
197057
131212
182582
198821
146521
198299
136202
122294
144826
98261
198933
168997
180519
142963
156681
192576
148773
170204
139995
198434
174243
194178
126371
173399
179013
138039
134014
198969
199637
198817
99178
126794
115912
143462
139408
155250
151527
198485
123528
140094
197129
148534
172358
199029
127957
188281
197093
178152
139209
131491
152010
156112
145497
109662
199733
140898
146011
197194
199703
166196
171350
133676
159630
197657
118886
145517
199115
137063
148486
140493
149586
189636
177835
197041
199032
146140
192700
152920
172332
199545
156425
93121
124105
146822
140673
153925
105744
143392
92883
162357
149439
190766
133835
126281
135691
140156
167385
139986
160117
199504
199698
180693
145465
198404
199096
148318
158942
176562
183117
167936
155799
166263
166387
102443
175803
107953
197247
126682
197706
194943
196014
158707
195082
137284
141292
199062
160442
143209
186334
139139
166443
129462
185504
190488
117141
167675
149189
128526
166217
73572
160928
159747
169285
153140
136256
129688
161640
98724
192549
189331
179827
117879
188001
63849
150210
151147
197543
151903
168475
197251
155933
139248
163080
124507
109769
170326
118778
161544
147198
172578
136545
178945
187125
140781
141039
107467
181479
197603
180773
199162
170166
199532
135520
140669
176420
146779
155646
191452
143143
129531
198111
79127
198089
141412
148136
151607
173263
128000
199143
194160
138285
180574
129238
169095
199089
138055
160344
75256
89722
94675
164891
147010
171528
159710
153108
169922
153893
197833
175680
149331
150365
169219
118261
169054
177158
137378
180006
149916
141196
169081
162695
168903
131886
167668
129674
136145
196628
168787
149643
146242
148620
118276
199741
142735
162738
155752
178916
130008
156951
193672
127534
140087
145861
132448
102968
77131
162228
118898
155167
