18
24
7
8
15
9
14
7
8
26
40
42
10
19
11
11
42
41
13
11
28
17
9
36
13
11
39
42
8
11
11
40
35
40
29
25
40
16
41
40
38
39
34
11
37
15
30
24
25
8
16
11
12
20
13
28
33
31
7
17
30
35
25
33
6
31
7
41
8
23
8
39
18
11
32
25
18
41
42
38
17
31
8
23
11
31
41
38
8
9
25
10
41
42
23
17
26
25
13
22
39
4
13
8
16
20
13
39
19
24
45
15
31
34
13
35
15
41
10
13
12
25
20
12
39
15
14
7
35
16
20
30
15
11
6
27
31
19
26
12
7
30
9
22
24
37
41
10
20
17
37
14
37
11
7
33
41
18
33
18
16
9
29
13
32
19
18
37
35
7
9
31
7
31
11
11
7
10
14
8
37
37
31
42
8
18
32
12
41
29
18
22
7
32
5
12
8
16
24
45
16
24
11
20
7
12
7
30
16
25
22
31
13
12
31
25
25
5
40
17
7
8
27
18
40
37
31
13
16
31
32
18
26
40
39
11
13
42
8
13
38
31
27
39
23
37
17
7
31
38
40
7
37
17
15
7
39
29
17
32
11
12
17
6
14
14
10
37
32
31
9
14
14
7
17
7
41
13
6
41
6
22
40
18
19
18
12
34
25
12
6
27
35
14
35
41
11
40
10
12
9
15
14
31
27
22
8
12
17
7
32
22
14
15
40
45
15
32
18
9
9
25
13
23
20
36
9
34
8
17
22
15
10
40
35
39
18
29
30
25
27
6
39
24
36
18
25
27
27
17
40
30
40
26
7
25
15
19
9
15
32
8
20
13
37
41
14
21
11
23
28
11
7
35
8
9
8
24
41
31
27
19
23
24
13
23
19
25
18
18
23
42
41
9
18
22
17
13
37
25
10
8
41
31
40
19
9
28
5
8
15
14
6
16
16
43
42
9
17
31
28
24
23
10
23
32
44
7
8
43
42
13
7
12
7
11
12
28
7
26
28
38
25
6
14
17
13
11
21
8
22
30
31
18
24
13
44
24
40
7
12
38
21
10
39
6
29
8
30
12
36
33
31
26
40
8
32
12
20
39
28
5
8
23
23
38
17
23
12
24
6
18
16
12
19
17
30
12
38
8
12
35
28
25
24
31
11
8
42
39
9
27
24
8
30
32
9
15
13
31
26
17
20
9
17
21
12
26
7
9
30
10
40
32
41
40
42
25
10
16
38
19
41
12
24
22
12
20
33
14
43
17
22
14
18
6
21
6
18
8
12
37
38
24
25
34
15
24
8
11
19
35
7
13
9
18
28
31
41
9
38
32
7
17
9
18
24
10
31
10
22
10
16
40
22
22
10
7
31
8
9
7
24
30
29
22
15
31
39
23
35
40
24
33
33
25
11
32
9
38
18
17
28
35
44
16
10
12
24
41
20
8
11
8
20
23
12
21
13
40
8
18
7
38
25
31
13
41
41
39
32
26
30
11
38
40
8
31
11
29
10
41
11
12
39
32
20
21
39
27
19
18
13
8
19
16
24
27
9
43
11
39
18
21
7
11
31
20
34
24
23
8
29
31
13
9
10
38
20
17
10
38
12
17
18
24
41
18
43
8
42
21
33
18
31
28
8
16
42
29
18
20
8
28
9
17
10
13
11
17
42
20
34
7
24
8
13
23
33
31
13
24
11
12
11
33
31
18
7
13
17
33
23
33
10
45
11
8
27
10
31
37
16
18
10
23
9
9
25
33
16
32
12
41
8
8
35
24
38
8
25
19
24
37
39
16
30
7
24
24
36
22
11
19
17
13
39
4
10
7
13
37
42
13
15
8
36
22
31
6
31
7
15
10
23
18
13
15
9
13
29
7
12
11
8
20
44
34
16
32
23
16
20
40
20
34
20
5
33
29
23
40
38
30
29
9
33
14
15
38
12
24
43
44
9
7
12
31
15
34
20
30
25
7
8
20
25
42
11
41
41
9
39
13
30
12
22
25
14
33
6
22
13
7
19
38
8
25
13
17
25
24
30
31
16
26
7
39
7
9
12
25
27
10
13
12
14
17
33
41
31
11
7
15
41
13
25
15
6
7
20
41
6
7
26
10
17
12
5
19
12
18
6
31
15
13
7
34
32
29
26
31
13
11
16
26
18
12
36
16
30
8
37
48
11
18
45
19
8
20
23
29
17
40
6
33
24
19
23
18
32
12
12
21
8
19
8
13
22
29
8
23
43
13
10
13
26
14
18
12
17
38
37
33
38
23
38
31
7
7
9
44
29
15
24
24
16
37
14
38
30
9
31
21
16
25
41
40
28
11
25
7
22
30
36
40
16
27
41
13
36
10
39
20
42
17
25
11
11
40
30
8
15
14
12
24
22
15
32
26
7
24
7
9
24
10
18
19
24
16
33
33
37
11
7
19
31
42
37
30
7
23
20
30
12
13
20
14
19
38
18
19
18
10
30
29
13
8
17
28
39
34
33
41
29
11
43
6
6
25
32
9
43
7
29
25
13
17
22
40
24
7
18
15
24
7
8
26
9
26
20
19
36
17
8
41
21
36
31
20
32
25
16
17
18
37
24
14
25
31
43
31
14
13
9
40
30
18
40
12
18
26
24
39
21
31
12
25
23
14
9
16
16
40
30
29
31
8
10
17
16
18
12
22
12
42
32
33
37
39
16
32
39
24
35
27
43
24
38
37
21
12
24
39
22
37
21
9
23
23
7
24
42
17
11
11
12
14
14
21
10
40
29
13
20
36
32
30
11
24
7
18
33
34
7
7
10
23
22
17
31
24
5
20
21
10
12
23
42
35
25
37
17
36
35
25
27
24
40
17
34
8
26
22
33
24
13
40
27
8
13
27
25
11
33
30
16
21
28
38
41
16
30
13
12
11
8
20
13
42
10
32
8
10
22
32
22
21
8
39
17
26
37
17
11
36
40
39
25
9
31
9
32
42
17
11
11
27
41
23
32
17
30
26
8
27
9
40
13
17
15
19
23
40
37
25
20
8
8
12
34
27
7
27
33
27
22
22
17
10
39
14
40
41
25
17
20
8
31
38
24
40
14
6
17
23
22
22
12
21
26
19
31
20
21
18
30
35
19
17
28
37
43
13
17
7
12
7
34
27
35
8
41
20
39
16
20
12
20
8
24
38
6
8
11
22
15
19
9
26
41
25
19
23
33
34
36
13
17
12
39
24
8
28
16
6
40
12
22
11
23
24
16
16
7
33
16
33
38
41
23
32
23
19
7
29
41
29
19
13
27
24
10
7
39
5
30
37
20
41
37
23
44
29
25
8
11
11
38
29
13
6
23
30
23
25
12
30
26
33
8
32
17
15
30
7
14
29
24
8
40
43
13
29
7
13
12
25
25
7
18
34
30
6
19
31
23
12
9
29
39
22
14
42
21
25
16
33
45
34
7
38
12
41
40
7
41
31
28
16
8
24
17
37
8
23
35
43
23
18
19
6
14
24
39
23
33
7
38
29
42
9
23
39
24
18
41
14
19
8
29
18
13
6
18
19
44
8
36
7
8
8
31
24
31
31
41
30
12
24
6
18
41
7
31
14
8
13
17
9
16
18
17
16
40
32
33
24
37
4
40
12
31
39
31
11
7
20
17
40
39
17
14
11
43
25
25
16
12
24
31
44
17
41
8
26
34
9
23
7
40
32
6
13
24
10
19
13
39
16
23
36
38
37
9
15
19
10
12
18
23
23
44
29
18
40
35
38
14
22
8
38
16
31
12
7
8
9
24
18
24
22
25
37
9
32
41
8
21
6
20
7
24
7
23
22
9
18
8
42
16
9
38
26
8
16
13
9
37
41
31
26
15
8
27
7
17
8
32
9
31
30
25
8
27
19
17
19
27
13
9
26
38
41
6
42
26
40
37
15
40
6
28
20
18
37
22
29
29
7
18
14
14
24
10
18
40
17
7
39
31
41
19
33
38
17
15
10
18
41
12
15
32
35
39
7
16
41
30
14
38
8
15
8
17
14
29
18
13
19
25
7
13
27
26
16
39
16
37
10
30
14
8
8
14
5
17
12
31
15
32
31
37
18
30
9
32
23
25
22
18
6
10
32
19
10
24
28
35
37
9
30
40
14
23
25
28
42
35
25
34
25
8
16
23
23
8
38
39
32
20
13
13
17
39
15
13
23
26
23
32
31
13
40
14
10
14
21
18
5
21
39
38
39
12
7
24
18
32
26
23
12
34
4
35
31
9
13
8
12
40
33
7
25
40
42
17
30
31
26
26
47
31
14
6
12
33
43
17
31
34
12
8
19
13
8
8
16
19
30
22
22
20
23
11
8
40
25
37
29
22
13
31
17
11
23
34
38
8
34
10
32
8
7
17
22
24
18
32
22
7
7
13
18
6
33
39
25
7
6
40
39
40
32
11
18
8
29
6
8
9
36
31
35
30
6
43
40
32
10
32
37
7
32
9
21
36
22
24
26
9
32
13
10
18
6
16
6
41
29
8
31
11
43
9
31
15
36
41
30
28
13
31
23
15
11
8
35
11
24
34
9
17
25
33
24
8
23
32
33
23
19
9
32
13
6
15
8
24
13
24
32
32
29
31
6
25
43
30
17
24
39
19
39
17
8
8
16
26
30
9
37
40
11
30
24
7
19
9
38
8
11
15
19
11
40
6
25
11
19
29
18
23
14
14
12
41
10
23
25
37
17
27
11
38
9
18
8
15
40
17
25
18
25
12
29
34
23
39
45
15
37
12
43
24
16
43
19
17
23
6
7
6
6
39
12
7
11
19
19
40
21
42
43
30
19
12
8
42
24
14
8
28
39
13
8
25
12
24
32
29
24
10
29
17
13
9
8
9
32
12
11
9
6
22
31
40
37
20
23
11
24
19
25
39
16
42
19
40
13
30
29
36
20
5
39
38
44
42
41
23
20
18
31
8
9
7
22
31
7
17
6
7
42
13
9
24
17
24
10
39
12
12
41
28
31
32
7
12
39
8
39
24
39
35
16
43
8
31
20
16
25
22
7
29
19
30
18
30
16
8
20
19
17
34
25
32
30
8
23
33
38
24
7
14
12
23
12
37
30
42
8
5
34
13
9
18
36
20
11
24
36
29
31
8
11
18
39
15
15
13
39
18
40
30
9
19
16
36
37
39
21
25
11
28
31
27
23
9
18
18
21
20
40
16
6
45
16
36
24
7
12
7
16
7
31
6
13
27
18
38
41
23
30
9
16
25
18
32
38
11
7
22
33
32
25
23
23
42
19
27
16
31
8
16
31
12
23
19
23
31
19
21
37
9
22
17
18
41
39
11
43
25
41
38
32
24
17
11
41
35
12
15
6
23
37
11
40
6
11
19
19
24
8
9
18
42
28
7
16
11
32
23
37
23
20
19
31
39
31
24
9
9
9
12
8
22
11
31
12
16
32
12
29
26
22
41
37
19
6
8
18
18
40
14
35
34
22
17
19
15
7
27
12
13
8
23
25
39
17
12
14
27
12
6
18
30
24
15
8
16
24
16
17
39
6
7
43
24
31
37
28
31
15
35
31
8
38
30
22
9
9
43
24
12
11
17
31
35
10
14
18
26
10
6
22
25
17
33
40
12
9
22
38
9
12
13
26
34
25
30
12
20
34
25
23
41
8
26
22
6
17
16
18
18
8
37
41
12
25
33
17
7
13
43
40
12
37
8
10
28
24
20
16
18
9
31
14
24
12
27
9
32
12
22
39
14
19
41
41
18
17
40
21
18
25
18
19
11
32
7
30
32
37
7
30
30
21
19
8
30
9
18
17
43
36
12
17
30
29
19
10
33
22
32
12
7
26
39
40
42
13
25
31
16
40
38
31
38
32
39
19
28
12
19
10
17
22
24
12
7
42
12
7
13
14
25
10
23
7
39
14
25
17
22
12
27
32
18
17
6
21
30
7
37
30
16
26
9
36
42
8
34
41
40
41
19
15
38
14
13
34
44
15
37
34
38
18
25
41
38
23
6
33
23
24
32
37
31
26
30
12
40
32
41
13
23
31
40
20
39
15
37
12
27
44
7
43
30
13
14
12
38
25
6
8
17
24
16
32
22
25
24
5
33
41
7
14
13
6
25
13
32
40
26
11
30
24
34
8
9
19
31
13
42
15
38
10
23
32
11
10
7
7
8
16
29
26
24
41
38
19
30
31
30
7
32
32
38
16
32
23
23
30
40
13
33
14
14
38
9
24
12
29
17
20
25
41
41
7
8
8
13
28
39
16
17
14
19
45
8
40
33
45
14
31
17
18
10
37
41
40
18
33
39
44
33
19
13
32
13
26
5
14
31
18
33
8
31
12
33
40
36
32
35
40
13
30
17
16
42
7
8
36
7
38
15
7
35
35
25
7
24
8
24
30
7
43
9
13
8
12
24
11
17
39
11
11
21
15
25
30
32
12
30
31
34
8
8
32
40
16
11
39
25
8
37
23
10
12
18
8
7
19
17
42
17
33
19
23
41
18
7
50
25
7
23
20
29
23
24
19
13
10
40
39
9
36
19
18
25
39
25
16
11
21
12
42
17
31
23
20
6
40
36
25
36
36
22
9
16
8
10
30
20
32
13
32
23
34
8
37
38
13
31
8
42
18
8
32
7
20
44
7
7
42
41
6
31
24
11
24
41
38
37
7
32
15
13
38
8
44
23
14
31
16
19
20
18
24
16
40
18
23
11
24
23
31
23
7
29
4
5
9
38
9
28
26
6
42
24
39
8
8
40
23
31
38
23
21
10
40
39
26
33
11
23
13
10
28
22
25
12
33
13
25
18
16
28
7
260232
304284
222181
205574
78491
220903
97718
19155
201988
203570
166597
268724
204903
299988
256415
43544
92658
113973
172030
35453
223337
22192
259809
84386
280493
121321
285162
283686
70439
13876
73654
38366
64055
149801
281189
28130
32563
124517
122706
209531
199071
160494
159125
78167
24440
60745
243078
244106
232674
198662
265875
154540
45767
81842
243079
147224
196322
280843
297531
275603
190376
36325
238311
82507
51425
60498
222155
131672
219178
61893
294245
188343
93953
278036
93359
39819
221376
63275
64661
38520
127918
132255
7729
131672
146441
165551
95884
121746
22226
53550
46486
261716
132063
163719
212978
177917
59884
263538
202768
37738
225349
242544
181840
31086
8506
37740
269315
59965
155704
285155
189242
283051
236799
295799
130158
102263
301932
167904
114101
201407
225300
189298
72294
149908
144320
203549
17717
143051
167111
195875
216884
120715
262502
17647
183025
241339
295536
237581
168940
294435
276176
133622
141549
90311
275423
85048
142482
10846
294189
175074
55820
78167
59186
256823
222095
66313
166342
222531
90434
66635
300941
296146
44866
251590
219268
95243
139255
287559
56378
28829
45048
124391
111798
28874
195250
298948
235286
68008
61362
34857
33428
34030
50780
93049
50847
303613
10051
190504
117935
282692
163658
216415
156718
114139
214535
120198
166078
289899
184677
225294
127364
103817
67598
288252
114878
201860
266068
136151
112414
255478
36961
83839
144536
123972
117329
278819
277335
24442
62143
194158
73651
99505
119588
183804
132257
190324
23693
298799
78835
175143
108530
118377
304478
99365
229258
242466
166840
180569
258826
109001
166586
301548
15377
218441
218760
276784
100987
292900
42042
186718
198660
273413
271400
67413
237068
70833
277072
13113
138263
202188
237533
298505
124752
45828
66128
164471
187200
209443
165821
72397
40648
216297
31909
269714
193379
220870
234506
93951
114101
270869
39923
274586
128516
184876
33384
61361
18475
106818
118980
263540
287098
31047
288519
129108
207343
274585
82943
231589
137309
17667
170764
256260
231590
170506
66638
211774
246103
84152
254855
301739
177589
193382
33386
289216
47014
164725
95242
94733
64143
72395
102408
38366
131482
36960
70739
119151
135752
99225
82623
221347
142479
40031
43546
66815
70835
164723
228079
122099
164769
59803
197881
149466
245069
41990
224920
274347
186338
217663
31953
256082
171024
7747
27460
14679
