33
18
37
15
8
17
40
31
25
40
26
31
43
21
38
17
9
13
14
38
14
9
16
42
8
8
36
33
27
16
13
10
41
16
15
21
31
17
11
6
14
9
18
32
28
8
19
23
30
22
8
24
12
41
20
40
12
23
16
22
36
23
11
38
29
40
24
16
22
17
27
41
42
37
5
13
21
12
6
22
8
39
8
11
11
41
43
30
13
8
30
18
37
30
7
36
41
33
32
18
15
18
41
41
30
31
41
39
20
40
33
8
21
25
25
24
7
22
24
26
37
17
38
40
15
6
13
20
29
36
24
27
23
38
31
17
10
25
29
5
11
22
17
25
32
8
11
9
36
18
14
17
39
6
30
30
38
29
35
38
17
8
25
28
17
9
26
13
37
26
17
23
7
33
5
38
41
16
11
29
35
16
17
37
26
23
36
31
36
25
41
39
37
10
20
11
39
21
39
7
41
7
13
18
7
9
14
15
11
8
16
39
37
20
8
33
37
22
11
8
42
13
25
7
9
30
45
30
31
24
8
41
16
36
13
23
42
27
7
10
31
14
11
17
13
23
31
14
7
7
8
37
8
13
30
14
8
6
21
19
17
27
31
9
6
41
29
31
7
6
42
41
37
38
10
37
28
11
21
23
7
18
15
10
16
28
31
6
12
25
21
9
12
20
29
34
17
30
38
13
28
31
33
9
37
39
29
8
8
26
11
31
31
9
8
10
8
22
8
9
6
6
37
32
12
38
32
40
17
22
13
7
31
11
40
8
18
22
11
43
6
19
11
25
32
19
13
40
34
32
40
31
30
12
18
37
23
35
13
39
12
15
15
38
16
33
31
24
18
11
13
18
18
29
23
32
19
37
6
39
13
32
15
34
8
6
26
20
12
10
30
41
17
37
9
39
29
25
25
40
31
12
33
43
14
16
40
17
13
38
7
38
7
7
6
12
39
22
7
28
24
33
44
24
40
31
6
15
12
41
23
32
8
11
13
27
19
20
12
32
7
31
25
17
15
13
30
6
29
6
16
7
12
6
11
16
7
15
7
22
42
7
13
6
10
37
8
30
43
39
26
20
37
8
7
7
17
9
11
30
10
6
21
31
8
11
8
27
14
29
12
38
30
7
40
14
43
12
30
11
14
4
29
40
11
28
11
13
9
7
18
30
39
11
27
26
25
9
9
39
17
9
38
26
9
22
38
38
18
20
40
38
7
7
27
25
37
23
33
13
10
24
6
33
28
11
24
22
26
8
40
37
32
41
18
33
24
38
25
26
30
25
11
30
33
16
32
39
6
12
30
32
39
12
11
29
13
24
28
37
33
33
29
12
16
10
40
15
19
39
12
37
25
8
19
12
31
39
40
29
36
23
25
20
29
8
10
26
11
33
8
10
9
11
37
8
40
25
25
42
30
43
32
9
18
39
37
15
13
27
10
35
6
12
14
26
13
18
6
30
10
11
7
19
21
10
14
24
23
5
38
31
31
37
23
32
16
28
20
41
6
37
33
16
33
11
13
17
22
37
26
37
17
31
25
12
16
6
30
28
41
10
17
24
16
9
24
13
29
17
9
17
12
26
31
27
25
32
40
8
36
11
14
17
17
7
24
7
15
17
17
10
21
39
8
12
16
25
11
26
10
41
31
39
16
29
8
16
7
7
38
9
18
23
38
16
17
32
12
21
34
16
36
20
24
37
14
12
17
11
26
25
40
10
37
31
12
22
26
21
18
38
29
24
31
24
13
35
6
8
23
16
20
7
17
16
17
9
17
30
26
11
5
30
9
38
7
28
24
37
18
16
26
28
28
40
7
14
17
13
19
32
18
37
14
13
32
34
32
35
10
39
23
9
7
17
24
31
34
31
7
10
14
39
32
17
30
31
22
18
25
8
23
10
7
16
9
5
21
34
21
39
17
29
16
40
13
29
12
29
7
11
18
13
26
23
33
7
11
6
8
6
17
8
41
12
10
22
18
18
18
7
42
6
17
29
43
21
10
21
3
16
15
8
24
39
23
11
26
15
25
10
17
12
32
9
30
39
27
7
10
37
19
9
23
15
32
7
9
17
25
16
7
12
23
40
27
18
22
35
16
8
37
40
11
31
8
12
12
14
40
13
15
35
33
29
6
11
10
9
29
16
24
36
18
11
29
8
25
25
11
28
8
8
30
6
38
17
22
8
22
12
11
40
27
34
39
23
26
17
13
9
39
16
25
37
40
7
30
22
17
32
9
20
16
14
7
5
30
18
9
7
12
32
25
16
23
8
6
39
12
39
7
6
25
8
32
16
11
33
42
25
38
25
22
28
38
6
25
41
36
32
11
36
16
21
13
29
22
13
7
16
17
12
10
14
17
41
10
37
9
31
22
23
11
13
37
18
27
7
31
11
37
12
17
8
29
34
9
5
12
6
28
31
17
36
14
24
12
8
15
33
9
40
38
38
25
38
37
18
8
17
22
18
32
22
35
36
23
24
23
15
27
39
11
42
23
21
7
15
25
23
33
13
18
17
18
13
11
20
22
11
17
11
22
12
24
7
18
38
8
8
13
17
36
40
11
31
26
8
10
7
23
8
8
25
40
15
23
11
27
22
16
19
38
40
5
9
25
23
10
10
11
9
18
13
41
30
30
18
8
8
18
16
16
26
7
11
19
25
40
25
6
9
25
6
31
31
7
12
6
26
35
38
7
15
6
11
31
13
6
25
13
28
8
15
11
35
12
22
22
39
12
39
23
26
34
16
37
19
36
38
47
5
31
24
24
29
9
9
19
10
28
36
28
29
6
22
30
17
9
11
16
39
24
7
11
42
40
44
12
7
22
8
7
40
10
17
29
22
26
29
25
24
42
26
22
12
36
21
11
17
17
7
41
33
23
8
30
24
37
36
24
27
41
17
16
41
8
35
42
38
22
21
36
24
25
38
27
38
12
22
9
17
36
27
10
22
25
12
12
16
5
11
25
29
6
12
8
13
5
11
38
39
39
8
7
6
7
7
41
25
32
6
11
29
6
32
17
19
7
33
25
18
16
16
15
10
16
21
41
24
22
17
9
32
17
28
16
25
39
28
10
14
10
30
16
16
15
23
24
40
43
7
24
6
28
24
18
17
8
23
29
21
18
15
12
31
23
8
19
24
12
23
39
9
19
22
30
8
11
17
17
19
9
11
23
11
30
23
35
35
35
9
12
19
14
34
35
44
8
11
16
42
30
31
8
24
41
6
25
40
40
22
6
38
40
6
39
12
39
29
30
14
29
6
31
5
30
37
13
32
12
26
31
8
29
36
12
12
32
42
17
11
18
11
9
41
37
14
13
22
23
34
19
26
31
29
14
13
29
18
16
10
22
17
19
31
23
13
31
30
31
38
18
18
28
8
32
13
13
40
11
14
16
29
9
29
10
37
31
5
6
33
16
7
25
23
30
11
8
37
33
17
20
16
29
23
10
18
8
6
40
29
35
22
7
22
37
39
24
39
38
16
17
30
18
39
11
20
11
25
28
33
27
42
12
18
6
17
27
33
17
18
17
12
18
20
28
18
23
6
10
17
7
42
6
32
10
18
12
17
15
33
16
8
22
29
18
12
32
44
23
30
28
39
24
41
30
23
32
17
10
12
20
31
30
20
26
41
20
19
36
41
40
11
10
31
15
40
38
24
42
38
9
39
16
36
27
17
21
39
31
15
18
6
51
28
17
7
21
41
16
8
29
12
29
13
22
17
18
9
12
30
30
18
11
37
24
29
37
29
23
43
31
29
11
12
8
38
9
37
7
10
7
25
13
19
8
7
24
25
11
44
22
18
24
33
4
6
24
6
17
38
40
7
24
8
7
7
36
31
19
24
17
22
17
21
31
23
23
23
37
23
6
12
19
6
37
24
21
9
18
35
11
38
24
12
39
42
22
29
11
35
20
41
21
16
10
17
11
43
26
7
24
31
13
31
18
33
8
39
42
29
37
39
32
9
23
25
12
19
16
33
21
17
17
12
35
24
25
12
29
35
6
17
7
41
25
30
23
12
23
12
11
16
8
36
17
22
36
23
12
33
10
14
19
25
18
12
20
29
18
17
18
8
23
36
25
22
6
20
22
38
30
9
38
26
5
34
26
30
38
17
7
20
11
7
7
8
38
13
22
23
30
13
38
13
23
33
27
28
12
34
14
39
14
13
12
12
30
23
18
8
20
13
39
23
25
25
18
33
11
39
43
38
38
6
18
32
21
37
16
16
17
9
19
8
38
5
32
31
7
31
12
15
18
38
14
39
10
8
37
11
30
13
17
7
9
9
33
29
30
18
14
12
4
29
15
7
29
39
7
17
31
22
23
11
11
31
7
12
35
28
21
17
26
10
39
23
32
35
12
31
10
9
23
8
38
14
33
33
24
15
24
11
21
23
23
7
24
11
28
20
30
15
8
8
31
17
19
7
18
18
11
39
22
42
7
24
5
8
16
10
39
19
18
8
8
16
10
12
12
21
5
42
30
48
22
38
41
41
7
40
19
15
21
19
42
31
22
19
38
10
14
14
12
13
22
20
9
11
13
9
6
11
18
10
17
9
10
20
43
10
12
24
31
8
26
16
17
14
22
9
24
22
16
41
29
14
8
20
18
30
19
18
23
31
30
25
22
14
25
10
8
18
11
22
21
11
18
30
40
39
38
31
39
22
22
32
13
8
15
7
34
18
11
16
10
29
10
15
36
9
31
22
7
23
28
41
18
9
22
10
29
40
12
8
10
16
34
47
23
10
33
42
40
32
13
39
10
18
27
21
24
28
8
4
30
6
9
26
39
13
19
33
16
11
16
30
10
22
7
41
8
14
7
9
24
25
28
11
21
30
12
19
12
37
10
11
6
21
37
11
25
42
23
17
31
39
24
11
24
40
29
8
17
13
8
32
23
6
25
11
39
22
8
30
28
17
32
13
28
17
9
6
14
34
30
25
14
23
33
13
9
40
6
7
31
30
7
10
13
40
21
36
9
6
34
39
39
19
28
38
4
15
8
6
40
8
23
29
6
17
34
29
13
30
23
41
6
17
40
29
3
16
21
16
10
39
38
6
15
17
12
30
16
30
7
10
20
24
37
15
17
30
8
16
25
39
28
38
10
35
15
38
10
15
13
16
7
37
39
9
22
10
20
19
14
12
29
7
37
14
21
7
42
24
11
17
4
17
22
7
13
39
19
8
12
40
30
9
24
22
22
7
25
17
38
20
21
6
31
16
6
10
13
36
12
19
18
12
35
15
22
24
36
37
38
5
26
21
17
20
18
39
30
30
37
24
6
9
34
19
15
9
8
17
11
13
25
17
35
33
12
12
32
37
41
36
26
7
6
24
12
23
40
21
14
8
30
33
24
21
27
17
5
15
20
16
16
16
32
35
44
7
31
29
12
22
11
40
16
34
7
6
37
14
14
27
17
30
12
8
11
38
45
38
39
36
11
39
30
11
7
8
7
35
23
22
30
32
34
22
40
24
24
7
8
11
31
25
17
31
13
13
22
36
17
20
20
13
39
12
17
6
25
13
11
39
41
43
11
42
6
34
7
22
24
16
13
28
22
16
24
40
8
21
32
17
8
11
19
8
25
41
7
35
38
42
11
23
37
18
8
29
22
30
36
7
23
15
29
11
19
12
24
17
6
30
21
10
22
5
30
38
31
32
7
43
6
12
38
12
36
8
24
23
22
32
31
29
17
14
6
24
43
31
11
39
6
20
12
16
43
30
18
41
17
22
19
39
35
30
40
17
30
38
6
37
32
10
33
24
38
18
43
41
22
30
12
20
23
16
31
7
23
20
39
12
14
41
34
15
17
28
15
32
15
17
8
35
8
26
39
44
22
23
8
14
8
43
16
40
11
9
40
12
13
38
22
17
32
38
9
9
18
25
28
12
7
5
13
29
24
9
15
23
20
39
36
38
8
15
14
30
35
17
28
19
22
28
23
6
17
20
31
24
14
26
18
34
9
23
39
17
16
37
9
40
39
40
41
37
19
33
17
29
21
6
31
17
19
37
6
39
29
10
23
13
7
14
29
17
17
17
23
6
24
17
30
29
13
22
17
17
12
40
21
15
18
30
41
23
25
15
18
22
5
30
22
15
10
7
31
10
31
32
40
38
38
24
22
18
6
7
26
36
6
9
11
31
27
30
17
7
18
12
38
7
11
7
41
11
29
40
25
30
6
23
35
38
21
33
31
23
17
24
23
8
35
7
18
18
7
40
37
21
26
32
44
13
15
31
6
40
40
30
24
18
6
38
39
6
12
8
7
23
10
27
15
12
19
29
8
17
38
38
35
24
23
37
30
24
33
14
15
16
22
30
11
19
39
9
40
16
16
32
24
22
16
7
29
7
11
44
10
24
38
38
9
25
40
29
18
7
32
12
22
16
10
29
44
30
30
10
32
8
9
39
20
13
26
38
29
11
12
37
24
14
8
32
33
14
27
17
11
16
32
22
33
12
30
6
26
17
15
39
13
14
17
31
39
43
36
32
9
6
9
15
13
27
15
39
31
23
23
12
42
33
7
25
23
29
21
17
38
6
14
17
11
43
29
19
11
17
16
20
10
16
24
25
13
16
7
18
17
23
13
7
24
35
17
37
34
10
11
42
33
14
8
36
8
11
6
21
39
8
22
6
44
29
14
9
28
27
12
23
17
40
14
9
16
26
40
6
33
10
34
21
8
16
24
29
38
9
30
12
32
6
10
23
14
21
23
32
12
32
10
40
38
39
42
29
25
8
17
23
21
9
7
7
32
27
17
8
17
37
15
31
20
8
11
14
38
13
19
32
40
12
14
12
26
31
6
30
16
11
19
21
25
27
18
19
16
6
37
17
39
23
11
40
6
13
12
32
22
19
11
11
12
9
11
27
22
20
13
19
13
23
12
13
22
10
10
40
9
20
23
30
15
20
30
21
6
25
24
20
42
35
7
30
40
13
24
7
31
14
23
18
16
29
8
7
42
36
23
11
12
18
9
15
9
31
24
21
27
22
7
17
40
25
12
25
33
16
12
37
17
16
35
8
7
8
8
10
24
9
38
38
32
16
18
25
41
13
41
19
32
26
12
16
24
31
44
17
10
23
8
9
8
5
30
18
15
6
17
8
33
8
32
37
36
17
33
15
7
30
29
18
40
17
15
10
9
30
12
20
15
6
5
7
17
13
22
21
38
7
26
30
24
18
31
32
40
30
8
10
12
22
12
31
23
22
14
20
7
25
41
29
37
26
8
30
23
25
41
14
9
28
28
22
29
37
32
7
11
28
23
31
16
18
32
36
29
30
10
28
14
14
32
31
17
11
41
24
13
37
8
8
11
26
21
22
33
38
27
12
19
31
38
12
7
9
16
9
20
10
22
8
11
7
21
10
9
25
31
11
11
30
24
12
41
37
40
30
22
6
39
9
31
40
24
16
7
21
14
31
38
37
38
15
13
23
17
13
15
23
11
12
28
30
10
30
31
17
17
8
8
39
21
38
8
30
23
9
23
16
19
14
31
7
26
11
7
5
18
37
31
12
31
9
21
41
8
14
30
39
16
26
30
14
31
39
5
37
27
33
6
8
10
41
13
41
9
21
17
16
26
10
24
43
13
39
12
12
22
36
7
7
37
8
6
13
17
37
7
24
19
6
19
10
15
42
36
9
28
38
7
9
39
27
36
13
22
10
23
32
41
20
22
16
31
20
35
9
8
21
17
29
32
8
11
20
23
34
14
30
8
10
18
18
24
39
42
23
7
29
26
13
21
24
17
27
16
24
18
36
40
22
10
13
8
12
25
13
7
23
20
42
31
41
24
20
36
12
13
29
39
23
15
11
14
12
12
40
32
9
17
7
7
35
11
43
22
23
38
37
14
8
31
29
7
15
11
16
32
13
7
10
8
10
22
38
7
44
18
32
8
11
23
18
37
6
12
18
10
15
9
16
8
16
16
25
36
13
6
18
13
11
12
17
7
27
16
32
15
13
22
22
5
28
22
12
22
5
24
39
30
38
8
27
39
39
11
26
24
22
31
40
17
24
12
15
18
32
30
36
41
34
7
19
10
7
41
5
36
7
12
13
36
41
31
15
17
22
7
10
24
37
19
22
39
38
17
23
30
23
7
41
15
8
44
22
33
25
8
17
19
13
18
21
18
11
29
37
44
7
17
19
22
36
21
40
15
14
43
10
31
8
36
30
12
22
40
33
17
35
38
19
31
22
40
36
37
17
15
16
6
28
22
16
13
42
7
18
6
7
7
13
6
40
28
30
17
15
20
14
33
22
11
29
10
29
21
23
12
18
7
25
14
9
39
13
24
15
10
9
17
29
41
30
6
31
28
25
41
34
33
23
31
8
21
8
36
31
8
32
16
18
39
22
19
24
14
25
11
36
36
17
37
32
9
7
7
41
11
17
28
18
9
17
31
12
14
39
33
41
5
35
21
37
9
23
24
39
7
6
30
31
10
31
33
37
19
10
8
37
26
11
11
30
20
6
18
6
35
13
13
40
10
7
31
7
8
23
33
10
5
11
29
29
16
40
24
24
31
27
15
28
12
20
42
23
22
25
16
23
22
28
21
6
21
15
7
32
24
6
14
32
6
26
23
7
16
32
13
37
22
4
10
9
16
13
40
30
13
39
29
30
7
42
33
7
11
19
30
38
23
28
22
26
24
18
9
5
24
22
26
10
15
17
36
37
6
11
11
37
26
9
17
9
30
30
17
7
14
31
32
16
11
28
17
11
14
8
13
11
40
35
41
32
32
41
37
28
25
13
8
31
10
24
10
25
17
19
7
33
40
8
8
16
28
31
15
17
15
16
12
20
10
34
9
22
27
30
14
31
28
24
31
21
22
15
11
9
35
14
12
4
37
29
7
14
40
16
13
29
31
16
35
27
36
30
22
28
33
7
13
7
23
37
13
24
18
40
23
22
14
17
8
7
35
24
35
23
39
39
34
39
24
20
22
32
6
14
7
38
18
17
32
33
39
29
26
6
7
13
9
39
21
6
22
8
12
15
15
38
30
7
21
26
16
31
15
23
23
23
26
24
5
38
31
7
37
29
24
31
21
28
224065
198638
222271
155974
140185
285769
128042
152564
135736
175208
136335
288852
67823
363894
277247
52075
256798
57255
9910
376738
243948
313777
382706
258931
91014
310728
295083
403540
66384
148538
201151
367210
116047
227930
164312
346019
76769
296345
316663
398322
99902
188867
11654
309829
277638
112538
209969
158512
31880
340823
63097
272046
317428
45502
185177
342541
23977
44614
397438
58937
155197
61425
400640
11659
240453
192288
310342
224290
220395
325621
28231
191486
228249
349340
375718
35136
259481
25783
345617
256957
90464
85851
122961
334875
328166
46400
357139
71841
343867
216790
367734
101871
75155
230979
98217
293088
131758
326499
16116
8030
293610
294736
326674
385645
145394
94285
100623
106680
271065
16052
188284
384112
191956
314132
97076
389258
339950
35115
272580
193465
57282
106610
347950
54725
202158
383697
137101
260015
378026
354002
368297
298674
234992
224350
237597
214052
335838
165232
292612
53792
67130
384537
246203
332848
11677
99120
17844
240198
375454
270620
284602
403270
166951
267933
399012
326391
281431
211334
126243
335924
15191
254573
377817
270600
238913
245491
282413
367479
327289
270109
163711
94425
267017
379348
160937
19639
245421
142349
23076
232961
318001
74497
155847
149000
49742
261626
86646
35146
195143
387107
76879
148124
308964
211155
281918
160937
334225
186287
11678
40327
41136
157135
76112
120087
32703
27435
172263
120839
181885
235769
365451
383978
85519
30047
231796
386911
45288
301854
44474
120827
362002
358983
184948
168743
395064
281901
16176
297260
159044
252004
383495
371225
228488
82677
307181
184037
111721
134857
327090
260552
165316
233475
262135
70338
56209
308128
206301
30930
185630
396165
222540
249912
363169
388098
328343
131616
124968
400197
258949
216774
180743
265409
303248
387453
251521
94820
180343
20384
353635
95438
82555
236654
310329
394137
219784
196222
255403
258924
86467
24765
307678
280071
152597
334291
299114
116783
94570
205233
193533
40254
312569
22204
243332
270770
153010
110086
386021
144519
259138
322258
331664
203965
124315
139137
54617
181602
296493
178624
252573
244079
180697
379758
373280
81473
341358
211506
38611
144047
133681
83131
133794
42814
128617
328340
145093
37766
243367
332318
316707
178033
403810
17872
362916
274737
16129
282807
23123
39546
94458
215611
258022
236463
384986
291875
182085
282863
72140
333601
205874
51400
22143
35105
110981
95291
152514
363359
161679
288066
285935
80150
148330
95127
13545
176453
55566
143773
314439
330962
321358
228510
50422
199872
173086
68336
288939
390499
293042
276893
372130
44431
73345
132086
34210
214649
216123
146678
160444
14305
95445
56214
132103
7149
197130
248000
137228
320774
78560
97641
203056
156781
383916
286414
301517
145976
88745
79870
260176
105311
122812
276608
