54
88
57
47
38
47
99
33
57
89
51
55
93
47
66
55
54
44
59
94
57
58
76
46
56
93
38
87
61
39
46
79
82
77
41
91
44
56
39
38
81
79
92
50
45
54
85
55
85
77
90
77
41
113
37
89
80
91
98
66
114
48
38
89
89
90
52
91
51
91
68
55
37
65
104
36
96
46
57
60
79
48
79
42
93
76
73
87
81
37
48
55
32
50
77
67
35
38
54
46
51
78
85
88
91
49
66
89
83
50
53
55
54
82
58
37
90
49
55
57
65
88
56
45
63
67
91
80
97
49
75
68
46
45
74
57
70
44
42
50
81
46
38
47
45
105
78
89
73
43
38
35
55
94
68
44
69
39
76
95
92
69
39
95
87
66
55
36
78
35
103
32
92
44
78
58
75
102
85
66
93
45
91
75
36
68
74
55
44
65
35
53
35
57
65
81
54
89
55
55
93
55
78
90
78
36
35
95
46
60
64
44
69
77
85
44
77
54
84
37
34
79
69
62
49
76
38
46
97
45
57
55
44
45
79
79
82
56
37
66
79
93
69
90
47
77
66
78
57
46
82
52
49
54
60
42
44
57
56
72
57
90
101
96
68
54
75
58
53
48
35
94
46
54
96
37
87
45
41
79
35
81
71
69
69
52
55
84
34
96
55
53
32
35
41
65
80
86
77
74
50
38
51
51
54
57
49
64
37
79
37
92
61
56
36
89
68
97
42
81
90
47
37
35
85
89
92
46
46
45
88
91
38
38
81
36
36
69
39
75
65
66
89
94
54
54
94
52
66
79
93
45
91
36
63
60
93
56
57
64
34
89
36
65
42
90
43
45
86
42
66
83
78
99
81
37
95
47
75
45
43
90
54
102
65
66
46
98
39
86
55
40
78
75
54
86
64
35
79
81
68
56
49
88
65
61
83
54
57
65
43
79
77
101
46
57
83
36
105
36
92
67
34
44
71
72
90
40
71
91
38
77
47
62
47
36
42
92
70
49
46
43
54
73
47
32
87
36
52
77
83
73
43
92
81
55
60
57
55
98
80
77
62
64
46
69
104
99
58
79
84
90
92
62
67
93
76
46
37
78
58
95
41
94
70
78
56
37
36
77
40
93
67
65
78
65
57
53
64
67
63
67
67
93
61
73
81
88
67
94
69
90
36
48
37
91
58
90
95
53
64
44
35
64
61
76
67
65
71
68
91
37
61
72
43
64
79
37
34
34
79
49
87
30
39
46
78
58
104
95
71
37
41
93
39
40
81
56
92
70
37
69
71
77
55
33
93
91
60
80
93
87
46
41
56
59
53
92
39
91
80
51
91
90
64
78
55
63
62
46
35
46
71
65
67
36
45
40
34
64
42
56
43
40
76
67
79
43
35
71
38
78
57
89
40
41
88
82
45
80
40
36
34
52
97
57
88
67
39
90
36
78
91
45
96
71
52
35
62
53
65
38
45
85
35
52
82
98
86
36
57
89
89
64
91
44
91
57
77
58
68
45
96
35
56
92
34
43
38
64
45
76
53
92
63
96
90
48
35
46
45
53
89
91
65
49
93
37
36
90
53
95
74
47
67
58
35
80
54
76
69
70
42
35
64
44
64
65
55
65
55
36
35
40
35
66
91
89
80
96
45
88
41
53
57
64
69
68
44
47
84
59
87
89
37
45
85
78
45
35
93
93
94
70
60
38
78
68
103
80
43
36
98
58
64
67
70
54
40
84
58
88
86
64
64
55
85
49
88
44
73
55
65
53
90
48
69
55
71
65
61
38
39
88
45
72
46
63
53
89
40
65
93
59
81
76
45
86
90
80
73
95
94
92
66
53
59
42
54
97
66
37
101
50
79
57
46
69
66
52
75
39
76
32
90
37
89
66
64
77
66
87
92
47
90
40
63
87
80
41
66
90
77
79
56
52
89
78
45
35
43
37
53
43
72
54
39
92
89
46
81
77
94
44
75
47
78
37
74
76
44
39
94
77
43
35
73
46
36
69
37
46
97
72
36
53
94
65
80
86
58
78
65
80
79
36
88
48
39
45
52
60
55
95
92
45
67
40
92
49
35
75
92
76
69
93
44
98
89
67
77
40
46
67
92
68
91
49
65
45
93
90
57
55
35
57
78
33
83
34
56
45
76
47
58
39
75
64
85
51
83
46
56
66
37
47
102
66
55
76
78
52
80
85
96
37
67
49
58
36
44
72
47
80
54
87
66
34
80
79
78
49
66
68
55
77
91
64
70
52
35
92
54
46
64
36
73
89
40
80
60
83
56
75
59
85
38
55
43
36
40
33
80
56
44
53
93
100
70
39
44
98
55
64
95
36
55
45
54
34
70
68
90
35
54
91
63
49
56
45
86
55
44
92
45
44
56
34
38
43
34
44
66
66
38
83
49
88
100
92
53
79
54
95
55
69
47
83
38
58
67
53
47
94
90
83
93
69
70
37
38
75
102
54
67
50
54
78
49
46
47
78
67
96
92
77
37
66
36
92
91
93
82
53
63
91
88
69
80
92
66
47
58
38
52
45
48
64
60
48
91
93
66
55
79
73
69
69
46
91
56
105
54
37
43
77
71
67
51
43
78
56
77
66
75
53
77
78
32
45
77
46
64
86
79
46
65
48
56
61
37
54
92
58
45
47
104
69
79
66
79
39
89
60
74
59
102
79
38
78
37
80
65
79
78
51
64
36
46
37
54
45
48
36
73
79
43
31
94
74
65
56
78
98
55
52
54
38
48
98
78
67
45
87
63
57
44
55
65
50
52
81
65
36
46
46
97
80
67
41
78
48
46
51
59
79
85
90
49
66
34
58
43
44
42
55
68
68
38
67
52
99
86
44
55
36
100
104
72
42
65
70
56
83
35
50
58
68
75
39
65
78
86
68
71
88
65
63
44
39
90
34
63
64
55
33
64
44
46
83
38
47
82
68
56
81
58
80
37
53
40
78
92
90
73
46
43
42
37
84
36
65
44
44
55
47
67
66
79
59
66
92
56
96
34
93
41
70
37
99
46
35
91
101
81
79
95
50
41
76
76
40
54
86
92
34
42
92
47
46
90
94
79
42
81
82
94
64
92
93
68
94
78
37
91
44
48
64
55
91
96
91
58
38
41
59
36
35
63
65
37
84
47
79
35
56
68
69
54
62
38
96
98
96
67
54
92
38
50
91
92
35
78
66
83
75
77
56
97
71
82
57
57
66
61
79
62
46
57
45
95
105
62
45
57
85
67
65
58
95
88
45
92
59
97
71
68
36
70
47
97
66
54
37
90
57
38
36
81
37
37
95
71
40
99
47
71
48
37
55
42
40
53
95
76
65
93
45
59
40
43
79
65
91
74
79
56
90
67
65
62
68
56
37
63
49
39
39
34
92
79
91
90
59
38
66
61
39
43
67
49
49
80
45
69
64
42
38
47
67
50
45
38
45
61
44
47
104
44
45
91
80
45
43
38
35
55
94
89
69
81
78
96
96
96
79
65
52
64
78
81
64
38
61
81
57
55
84
59
90
53
88
48
38
54
93
33
83
44
36
90
94
30
35
69
53
48
69
69
96
60
65
50
35
37
35
94
75
49
47
65
42
46
94
55
94
75
35
48
37
43
61
94
64
84
67
49
93
63
53
35
53
92
69
65
67
79
48
76
75
77
31
65
89
71
66
75
95
64
44
35
89
36
91
33
68
51
77
106
77
61
37
102
58
86
58
90
92
37
88
55
68
86
54
93
55
37
76
94
91
37
37
77
87
55
90
69
69
37
55
44
92
68
83
39
58
94
57
66
45
46
46
80
44
63
65
48
84
44
78
54
80
79
48
98
89
112
83
66
44
90
88
48
39
61
94
45
58
40
40
80
89
32
60
59
51
49
93
93
43
38
37
38
56
66
67
37
52
83
80
73
74
91
55
36
97
35
38
55
45
44
36
68
79
37
71
36
92
49
96
36
89
55
45
50
34
38
65
49
81
79
45
83
44
35
75
68
77
67
45
102
60
39
45
71
68
64
81
89
56
53
94
34
63
62
92
65
47
80
66
41
41
93
90
80
59
57
60
63
88
37
64
47
83
59
38
76
39
55
45
55
91
75
53
37
48
35
91
36
70
89
58
104
46
95
36
75
51
46
54
48
75
89
40
37
49
38
32
48
92
39
55
39
39
96
92
47
65
91
78
55
37
49
81
40
64
37
35
36
54
92
35
45
43
57
80
56
36
34
87
52
47
40
67
68
64
55
41
64
39
92
52
81
56
92
55
81
33
46
48
94
67
41
98
80
91
82
47
63
59
57
56
33
90
44
36
54
47
65
36
50
83
91
65
62
89
99
46
67
80
35
94
36
42
55
46
38
46
90
44
45
63
46
44
94
86
47
90
75
60
38
68
104
77
33
53
65
57
77
80
69
75
72
44
37
57
46
38
88
75
73
42
97
34
49
35
67
56
95
69
63
93
53
37
60
67
65
73
73
68
62
62
38
67
68
77
37
48
42
90
36
78
71
75
101
45
59
103
64
57
101
53
64
82
61
68
75
78
67
93
78
89
67
68
66
78
67
69
36
102
47
88
35
53
45
89
91
38
78
54
93
46
90
69
37
36
78
50
82
72
91
34
54
45
94
39
48
63
51
65
68
46
88
84
92
47
80
57
65
37
72
54
88
78
56
99
37
96
45
52
37
52
50
79
90
43
45
94
54
41
67
47
67
37
35
54
44
34
67
46
45
52
50
43
65
60
76
91
78
92
36
48
35
77
37
78
88
76
55
89
59
55
38
93
83
55
55
50
67
39
59
65
48
66
77
48
70
49
102
116
93
91
80
67
90
72
67
37
45
76
82
66
75
65
56
55
39
67
44
62
49
64
89
47
85
93
44
67
78
34
93
85
55
46
56
59
54
36
34
91
34
55
45
76
45
55
43
95
75
66
94
65
90
47
77
78
70
56
45
79
73
55
80
69
77
33
82
56
68
92
98
79
36
55
46
40
55
54
55
72
78
34
72
91
45
35
66
41
95
94
80
87
80
51
51
67
38
54
72
47
45
96
53
38
84
88
34
36
77
57
45
55
56
53
43
64
51
43
60
98
64
93
71
36
68
55
38
75
85
45
48
55
80
52
62
55
36
36
66
65
92
41
38
36
75
77
65
67
55
39
69
37
74
90
79
46
90
36
64
78
45
67
80
44
52
38
65
37
54
68
67
42
68
68
67
35
36
64
47
91
76
55
82
79
91
102
46
54
89
57
59
64
42
84
78
51
78
101
92
77
90
44
61
51
79
72
93
55
34
34
67
59
38
100
78
99
92
54
67
35
77
47
64
84
66
67
90
99
91
68
86
44
68
42
78
76
45
47
55
35
69
63
46
69
56
44
54
57
38
85
55
88
80
38
93
72
89
41
42
55
36
32
98
78
90
88
79
89
53
93
67
67
35
55
62
55
78
34
63
94
63
71
47
58
76
88
90
54
35
67
43
35
37
80
48
47
71
51
50
59
69
54
53
98
87
92
52
55
87
51
66
69
78
60
74
76
86
53
50
89
86
90
44
67
68
80
66
77
44
34
75
41
45
55
56
34
32
45
63
69
73
44
45
65
65
89
92
83
43
53
83
74
36
46
56
59
39
44
43
56
48
69
78
67
52
80
73
38
77
90
75
98
34
93
70
53
54
77
43
45
57
68
90
45
79
82
39
55
55
79
90
78
54
60
52
47
62
90
46
63
48
86
44
64
45
65
84
42
87
36
81
91
46
49
35
45
58
55
90
45
67
65
76
53
76
66
91
70
37
41
44
60
59
49
92
31
36
80
45
54
38
44
68
40
75
103
56
39
64
89
96
36
58
49
47
54
45
37
55
77
59
40
47
75
90
89
57
45
38
85
75
44
98
93
75
95
71
42
51
55
34
89
84
56
92
38
95
54
65
47
35
56
96
78
54
92
79
92
44
38
46
82
57
66
38
35
41
32
57
91
67
47
70
88
82
38
74
56
39
69
35
54
65
70
45
57
55
46
89
76
65
48
69
42
78
67
69
80
45
42
89
44
61
34
38
39
70
82
34
47
69
35
82
89
89
44
66
46
65
42
54
68
58
34
67
83
91
37
90
93
29
39
55
57
35
92
78
94
38
63
40
69
55
76
74
63
79
79
68
37
67
43
37
38
77
65
55
38
81
54
76
85
51
44
89
52
65
56
56
92
95
44
97
46
54
35
51
93
93
49
46
92
97
46
34
75
44
48
35
40
49
65
67
42
90
81
53
63
55
70
64
76
84
58
45
58
49
65
91
61
75
55
39
92
44
40
63
54
82
82
36
51
96
75
46
46
68
84
57
54
92
90
37
59
52
67
90
92
44
38
116
78
66
88
81
61
33
35
55
47
57
35
36
40
94
51
63
90
64
92
81
57
70
87
80
36
57
78
92
58
74
94
87
47
53
61
37
67
83
66
62
76
81
104
67
35
88
55
37
90
38
79
84
39
97
44
43
47
74
61
67
34
56
92
44
55
45
51
89
37
61
67
44
52
77
69
49
94
44
80
36
58
56
37
90
62
76
33
44
54
47
78
39
68
89
48
61
55
63
65
78
32
69
44
44
49
55
64
37
78
66
90
82
55
62
43
68
67
55
90
69
80
37
77
89
94
45
79
37
61
73
72
66
49
68
45
71
77
78
92
91
64
68
34
90
100
74
46
44
91
65
39
67
37
57
57
91
46
37
79
43
80
42
85
34
78
57
35
39
35
65
34
35
84
61
64
41
45
45
35
51
67
85
66
91
44
78
91
68
36
82
41
53
67
79
65
94
67
93
39
90
44
77
43
55
92
93
36
54
47
90
54
52
65
43
95
48
61
89
40
57
69
99
65
83
67
46
54
44
65
56
61
68
46
68
61
99
37
82
75
100
81
91
62
35
62
97
80
72
93
53
76
94
35
35
35
64
54
90
94
93
79
34
58
83
60
36
68
38
64
54
65
80
54
94
67
66
53
66
52
67
46
36
86
34
84
90
100
81
76
76
36
35
94
92
74
79
95
41
32
44
45
55
37
70
80
45
44
55
44
96
33
63
36
47
56
39
37
77
49
37
57
44
71
54
37
61
46
75
36
46
63
77
55
43
75
78
76
52
68
43
52
68
69
64
48
47
36
57
56
90
35
33
90
50
50
45
92
43
34
35
72
60
37
73
79
92
68
78
67
66
54
55
36
56
89
36
100
106
94
68
38
65
45
64
51
45
66
39
75
90
74
70
54
44
46
68
89
89
45
41
81
111
55
46
41
89
67
65
43
85
36
90
100
36
78
39
36
66
79
79
68
54
78
52
67
55
75
75
35
60
45
45
66
57
88
38
47
69
42
65
65
39
55
73
65
39
53
67
97
37
44
35
36
59
78
80
69
54
45
46
44
88
50
73
60
91
68
79
79
92
66
66
38
88
36
93
69
94
48
65
82
45
81
76
90
61
67
37
87
45
78
77
54
89
88
77
79
91
52
58
90
47
44
57
54
63
58
74
45
87
37
67
63
97
72
57
56
67
37
89
90
46
37
54
67
62
64
33
49
39
96
55
77
67
74
77
43
65
37
34
66
72
92
46
35
89
64
91
45
41
67
36
58
38
65
45
46
74
52
56
40
83
64
35
37
78
46
90
45
79
35
49
95
44
32
91
53
43
45
37
52
96
50
42
44
79
66
93
66
74
82
38
68
65
50
70
95
44
80
60
99
81
35
54
45
39
35
96
73
35
51
67
54
34
45
39
79
68
57
91
43
41
67
36
33
92
39
53
92
89
36
69
35
37
81
77
90
91
89
33
43
56
80
49
76
46
89
46
79
54
39
79
64
41
79
65
66
46
95
70
80
55
44
65
92
92
47
62
55
65
38
55
56
91
81
44
82
81
46
68
49
90
72
38
58
63
43
56
98
51
92
78
91
93
43
45
33
41
97
81
75
79
91
81
55
93
56
36
66
79
67
49
36
95
74
57
47
95
69
61
39
74
34
68
52
93
82
55
45
41
35
45
40
88
77
93
65
71
44
91
66
95
66
93
76
88
71
71
38
65
44
66
98
83
44
45
94
70
69
67
45
42
89
35
91
82
77
36
36
95
102
72
52
95
57
79
36
82
38
90
55
95
44
83
65
70
90
45
83
66
92
53
45
95
34
78
93
77
76
80
55
84
53
37
76
44
91
33
43
77
36
35
57
65
57
43
43
44
78
37
90
45
46
59
79
73
82
87
61
64
87
53
76
59
35
92
39
64
57
35
92
104
38
69
50
74
87
58
74
82
62
76
35
90
55
93
33
65
54
45
45
46
36
82
36
54
42
47
69
38
88
90
59
60
35
80
64
74
80
56
66
42
99
91
35
65
74
66
45
79
58
94
43
64
92
47
79
91
32
95
45
88
90
69
68
46
72
96
35
76
64
40
61
53
78
89
91
52
36
47
42
63
47
55
75
38
87
57
44
73
69
37
80
95
97
82
46
92
53
58
94
55
55
93
53
58
77
44
74
79
62
57
57
39
45
79
49
81
78
60
37
49
115
61
54
75
77
38
96
36
84
66
31
90
36
80
65
91
37
63
37
63
52
80
56
107
65
82
63
65
100
78
89
38
82
90
45
53
55
66
46
78
35
47
80
71
34
44
59
76
34
39
66
91
46
58
42
65
34
94
44
77
77
91
48
70
45
66
69
56
61
89
55
45
38
77
88
44
57
48
87
77
37
78
63
37
36
43
91
40
45
54
87
53
103
46
48
66
46
57
46
102
65
61
64
35
35
63
44
44
38
34
56
39
99
67
57
69
88
64
38
47
43
81
96
92
36
77
39
47
68
71
87
97
68
47
45
35
39
102
51
90
54
92
68
39
65
40
37
37
54
64
81
71
74
75
43
47
48
51
93
70
83
48
37
54
81
35
92
47
53
56
58
67
67
66
77
87
57
65
39
36
42
62
70
44
54
57
44
97
65
37
40
68
51
37
51
48
58
66
102
40
32
36
54
89
48
43
82
70
68
37
55
56
90
77
63
98
56
77
52
57
38
69
68
44
76
68
35
44
91
91
53
51
79
44
55
86
67
56
53
47
71
64
80
36
37
83
34
58
37
91
76
94
53
93
45
96
78
88
94
49
87
46
82
87
49
59
78
92
88
45
56
84
36
66
71
33
87
90
102
48
37
66
49
69
78
102
90
54
61
42
80
54
66
37
76
58
85
93
35
99
66
49
67
56
58
81
57
96
57
77
95
82
53
49
50
38
77
38
69
75
68
55
84
78
38
69
47
68
98
88
43
58
92
79
47
67
91
36
77
44
85
89
59
47
94
78
53
84
93
36
47
46
100
37
56
36
36
43
72
95
90
63
97
55
80
102
45
63
52
34
74
57
88
54
56
92
55
86
40
51
56
93
55
86
57
41
38
41
84
66
79
68
45
66
37
55
53
54
87
35
35
64
43
37
74
54
35
94
76
77
35
54
91
55
36
39
35
41
72
53
91
37
68
35
36
44
39
41
45
54
48
47
63
79
94
37
54
37
69
54
82
64
44
54
66
68
89
66
57
54
76
47
93
43
100
55
78
86
41
46
94
77
58
86
36
38
90
74
54
87
83
81
49
77
76
82
73
47
79
56
52
47
79
82
59
93
86
52
38
92
45
75
35
49
82
35
53
35
37
68
48
50
42
45
41
47
92
64
44
81
52
45
68
64
63
37
67
52
35
93
45
66
94
39
66
56
45
55
65
78
55
92
42
93
55
64
46
54
88
56
47
85
52
67
76
51
37
55
35
68
44
81
58
52
38
82
50
92
74
37
85
55
69
43
71
82
44
58
93
48
95
40
41
66
42
80
31
93
54
78
91
72
74
61
67
47
39
82
50
55
79
91
78
90
48
69
65
45
49
42
48
53
46
76
91
37
56
33
45
54
65
87
81
82
88
67
75
47
54
45
67
54
44
79
57
45
53
35
52
75
69
80
61
42
77
90
87
65
93
117
83
35
70
52
81
43
57
45
78
37
34
66
80
79
95
44
85
98
76
92
57
40
33
79
35
100
61
91
67
104
66
45
36
67
95
80
48
77
45
37
36
34
53
79
44
77
76
42
57
56
34
35
79
56
56
92
36
46
64
90
85
56
62
58
31
47
36
90
41
103
44
86
53
103
66
35
62
40
54
103
35
57
93
44
54
45
74
45
36
43
91
75
57
66
38
88
88
73
67
90
90
58
52
31
41
52
44
77
32
61
54
75
49
40
85
44
47
76
58
89
55
60
44
45
44
56
61
74
68
67
96
73
95
35
40
56
82
78
68
44
88
91
42
63
39
58
86
60
51
43
40
80
70
68
66
56
60
83
51
76
55
47
36
93
44
46
35
55
42
46
55
67
64
38
91
80
36
51
81
81
37
71
76
95
65
41
93
34
66
68
69
37
81
43
79
36
77
66
42
74
37
89
80
39
43
56
63
89
93
44
81
44
90
87
78
74
48
38
65
56
39
45
85
50
95
75
51
35
44
98
58
71
44
45
102
68
67
50
49
90
80
36
36
101
56
94
45
46
36
37
80
80
85
81
45
46
66
67
78
66
56
101
95
91
67
64
37
67
64
66
88
41
33
63
47
80
95
72
38
35
94
75
44
55
98
67
35
72
75
41
92
68
78
57
52
46
61
58
68
40
90
90
55
36
45
56
52
40
36
42
65
33
40
60
52
48
90
50
67
62
71
60
64
38
80
90
62
65
102
54
86
51
56
67
64
94
53
47
39
82
45
70
54
66
31
86
45
58
63
61
32
45
57
97
77
68
36
45
91
44
68
57
59
85
65
56
78
54
33
87
36
41
91
37
48
77
76
62
69
66
70
57
47
81
67
35
71
92
53
45
46
53
43
80
44
77
34
47
61
41
37
80
34
88
46
78
42
79
65
63
92
92
37
57
74
33
35
81
55
84
57
45
62
72
39
88
39
38
59
78
35
92
54
35
37
69
91
97
74
55
50
33
37
67
113
66
43
74
91
65
83
47
82
44
47
56
79
50
40
78
84
35
53
78
36
82
36
51
77
48
51
38
87
90
43
95
37
89
70
45
36
93
54
81
85
55
70
94
63
77
98
90
57
55
76
94
55
45
65
87
44
67
44
78
59
66
98
48
82
53
54
79
37
76
57
80
90
54
88
64
45
38
55
79
47
46
65
98
56
76
44
54
80
35
91
44
68
101
76
99
38
92
59
79
57
45
48
36
42
67
36
46
53
79
77
56
68
95
64
45
37
87
82
47
92
94
57
96
37
90
43
46
66
78
50
65
65
57
55
56
57
67
49
58
67
58
62
91
55
36
67
43
35
81
36
91
80
303037
361652
425501
300499
398519
324158
478203
464362
442832
325185
430812
423761
403317
426403
323470
321526
460615
365068
338518
229673
370786
399779
358038
398603
410878
343982
356430
501923
448921
347986
343472
280164
483681
442540
501976
303606
501629
279738
406554
428957
264897
185400
298762
267967
410555
342550
117249
321906
459807
490548
368277
347852
368792
356019
403911
138013
421474
456948
499815
279987
463587
292387
443507
381688
378625
353321
366152
386888
484064
430237
444270
431781
491868
320885
390705
461202
490186
498872
351483
320030
409125
425813
451929
419335
456595
499875
348617
435456
400751
316656
324754
227936
305082
309557
381302
463064
460813
497559
376455
395076
382451
430629
471369
373814
324179
468792
350161
497998
499911
399797
312616
500750
481114
427530
338305
497916
391270
333410
370780
409265
369103
413142
311361
360832
498840
235977
302646
374335
389186
272053
379073
357435
341889
327658
418529
382504
497784
390600
385951
322906
461877
340665
474007
337095
455150
385487
449070
493512
337991
497773
443501
271256
337166
499917
397721
444625
314423
497800
407189
435286
462362
274718
464432
335256
128617
418729
451616
435556
438898
442131
452034
365262
387071
357939
199719
501732
352882
456608
370639
386699
499921
149958
471696
393804
357883
361557
281946
465972
336809
304195
193092
501522
357454
395229
398865
498923
477214
344682
331043
376943
346938
233171
360568
391594
455394
454438
441758
407505
397772
250290
290092
477662
377231
404394
427124
446917
357524
491997
296008
354451
490874
422001
348834
278699
290276
499908
461432
400013
486795
402668
461147
379051
296509
498991
335458
406570
293212
389244
374083
393613
403156
329720
382387
499583
397778
500345
438590
491179
368521
477533
444795
414213
137771
379233
383234
366504
406721
262709
482192
434252
403039
299878
497956
442003
466967
338575
390751
292137
411363
461968
350709
468443
323905
287476
451322
408971
350219
475883
421643
336328
446370
465088
402021
446381
439714
359620
501928
355142
359881
389359
453955
353006
390989
475358
347842
450619
453084
501889
448191
434992
467642
416537
305525
322688
435105
363032
298928
322956
457228
402196
441767
465924
392669
445194
391133
443218
458240
372337
410942
339661
346001
407776
426944
353094
420604
348265
268435
352061
292429
467519
348807
407030
311658
368612
410391
232255
418242
349929
350576
477886
382114
489418
442156
440575
333802
340511
458882
428995
498622
416320
414361
271507
320126
366694
413121
500811
418664
498000
309068
260854
54361
480107
498771
401542
390257
361752
500685
437981
384320
416915
400538
286387
428959
451378
388696
399979
455839
340043
421803
493594
462316
496036
498775
341191
465602
427574
257969
442017
338788
366605
334689
215418
429884
493011
390424
356473
387416
501864
461879
400190
369248
470141
497944
270492
497627
436585
306916
494797
349932
438095
327774
434910
394398
351283
497755
262008
318345
357721
239083
263661
466573
411360
486056
457108
498969
436810
322782
382692
348687
318405
353013
480177
277537
303303
399107
467818
