18759
18548
17402
18936
17424
18924
18175
18364
18946
18756
18747
17616
18937
17228
17584
17386
17245
18177
17980
18538
18162
18753
18910
18357
18735
18537
18541
18723
18355
17975
18141
17610
17240
17246
17958
18530
18944
17977
17618
18730
18553
18556
18519
17751
17965
17770
18917
17223
17803
18573
17213
17603
17784
18344
17200
18554
17239
17397
17801
17228
18395
18347
17971
17609
17624
18159
17563
17207
17383
17984
18190
18331
17600
17393
18922
17764
17408
18762
18145
17799
18536
17429
17600
17426
17225
18552
18383
18371
18335
17788
18170
17240
18514
17233
17579
18899
18317
17225
17587
18173
17979
18921
18178
18179
17772
17588
18757
18187
18173
18933
18194
18926
18743
17978
18179
18519
17768
17963
18521
17198
18555
17945
18354
17372
18159
17582
17947
17980
18355
17445
17225
17415
18149
17990
17411
17600
17416
18544
18530
17235
17597
17220
17379
18301
17961
17784
17223
18150
18955
17942
17758
18353
17391
17779
18501
17983
18930
18357
17984
17430
17206
18565
18154
17394
17629
18168
17237
18546
17758
18969
17238
17771
17408
18538
17758
18947
18346
17212
18343
17602
18334
18722
18764
17597
18335
18734
17783
17218
18153
18718
17167
17783
17438
18933
18917
17188
17442
