2894585
2991616
2979335
3050618
2815847
3097694
2950143
2865797
2830060
2947789
2811062
3067958
3030865
2892211
2861038
2977006
3070490
3023569
3023484
2913801
2913793
2825275
2825292
2923566
2880180
2991687
3028451
3072797
2925914
2957369
2837214
3026044
3035938
3033378
2996555
2994152
3043224
2964742
3087906
2849160
2967328
3082864
3048067
3043260
2868133
3008700
3038330
2834758
3075386
2923548
2928427
2989080
2834737
2853824
3048294
3080275
3016161
2994109
2959930
3107740
2882596
3090343
2865821
2996510
2894624
2822879
2955066
3043248
2945356
2972091
3023441
2976961
2981897
3030864
3035744
2976968
2896929
2904237
3055601
2955115
2947730
2935612
2839503
3082846
2947847
2875310
3070437
3038277
2921121
2928356
2844382
2882595
2986758
2998903
3001427
2844265
2925963
2930910
3095292
3090273
2942946
2977033
2846687
2945398
2849115
2882514
3097730
2872970
2935732
2916330
2916363
2880232
2860923
3050603
2853873
3077805
2996635
2808534
2813445
3033328
3085303
2938092
3033253
2923521
2906700
2991665
2969569
2913778
3003918
2894523
3025902
3082828
2942846
3038357
3033410
2882662
2921168
3070392
3085320
2911572
2897112
2940537
2832378
3033376
3001458
2921102
2849068
2933137
2962435
2994083
2868243
3082865
3050676
3018656
2911487
2839616
2930843
2918632
2825277
2837209
2923547
3090178
2811049
2998923
3100211
3053041
2827701
2813456
2969738
2808676
2882538
2856325
2856208
3090239
3006278
2856219
2969642
2955035
2827571
2928342
3028453
2996494
2964769
2913912
2911397
3040734
2808618
2947753
3092783
2815837
2976967
3065418
3075401
2954985
2981922
2972078
2954955
