2981814
2811001
2911380
2887327
2894672
2901868
3053157
3011207
2933118
2832363
3053072
3050648
3023512
3006348
3102752
2952677
2839598
2911403
2923509
2856235
2938026
3075282
2877756
3092778
3045772
3102702
3048164
2858638
2938087
2972131
3095320
2991541
2984324
2959959
2959859
2834792
3105208
3110138
2870639
3092758
2811146
3048123
3065475
3026020
2930902
3026011
2911479
2989239
3092744
2892223
2938094
3053032
2933270
2839567
2986771
3055499
2989096
2839557
3001392
2923518
2976957
2911434
3092708
2923507
2989162
2996590
3065499
2974564
2930823
2889835
2875376
3038275
2875406
2976983
2955083
2844346
2820594
3095187
2967224
2989186
3077854
2896993
2906603
2981854
3038325
2853965
2825208
3033421
2899371
2834826
2889853
2947832
3065509
2955058
2815718
2923536
3043262
2899391
2860994
3068092
3082797
2894605
2858642
2834806
3102719
2860960
3092839
3003898
3043316
2979385
3048159
2815851
3048197
2880191
2856244
3102586
2904226
2875368
3033301
3035794
2972098
3065413
2901885
2964735
2841877
2815896
3011233
3008740
2822893
2865882
2923588
2849076
3050502
2808663
2808699
2870572
2811037
3107812
2808581
2962335
3092740
2839612
2918639
2880212
2962427
2921158
2974640
2986756
2868308
2892158
3057996
2822878
2999018
2986747
3038313
2969646
3023557
3045733
2839405
2916310
3087854
3057998
2906707
2877832
2861004
3045617
2889793
3097792
2916388
3090262
3011250
2930762
3107691
2911567
3072799
2837120
2870643
2892224
3095368
3035725
2844346
2830042
2994105
2839575
2811044
2858717
3048154
2808717
3045769
3055610
