52
86
59
89
103
58
84
68
100
74
57
82
43
63
108
55
41
91
85
48
83
43
77
89
78
104
76
72
47
67
54
55
52
99
51
57
42
79
61
94
86
57
75
43
51
71
52
44
58
52
85
44
75
74
44
46
76
101
103
68
87
63
46
55
36
103
105
45
53
65
76
48
55
88
53
72
55
98
59
90
61
92
96
47
45
90
39
106
53
77
70
56
75
80
93
61
57
92
105
88
54
29
55
91
47
56
77
93
69
53
75
41
68
57
89
48
66
37
88
106
74
91
89
89
70
77
86
91
45
70
45
78
56
58
53
45
87
84
40
45
87
48
85
67
65
77
77
53
94
104
55
60
66
86
48
67
46
68
92
42
79
88
56
59
73
63
56
45
75
61
99
98
86
74
62
91
56
57
39
61
79
51
100
63
50
66
97
96
93
56
59
37
51
62
68
65
50
86
76
103
46
90
74
49
66
60
71
57
45
89
63
89
77
86
106
54
86
37
57
90
75
64
56
97
39
90
104
43
106
38
54
87
78
56
100
20
37
32
44
71
40
87
97
59
87
106
61
37
108
63
96
103
106
98
76
46
65
79
103
64
37
45
92
89
52
98
76
73
105
43
75
72
52
69
89
56
79
76
45
41
59
75
76
44
45
87
106
47
42
72
86
89
94
89
89
80
105
43
104
57
95
78
39
87
42
89
70
75
38
42
43
45
75
55
61
57
60
53
49
60
93
53
99
55
76
36
93
71
72
36
54
67
48
43
105
53
47
61
53
92
78
87
100
100
44
52
42
87
39
58
76
44
98
79
85
46
64
68
77
97
88
79
60
105
99
63
46
100
79
74
80
77
103
77
71
99
94
103
103
77
88
49
63
74
58
89
47
43
64
68
38
76
40
47
100
103
54
36
40
94
38
103
78
105
86
105
101
53
71
78
79
52
45
87
101
39
63
89
43
92
66
90
90
43
102
41
104
98
35
36
87
53
33
59
37
99
102
90
39
78
53
67
68
55
40
54
93
88
99
106
92
89
62
77
78
76
45
45
102
44
54
64
85
90
94
71
72
63
52
102
99
49
77
52
89
66
45
32
80
54
86
59
62
95
101
79
65
94
77
88
43
46
46
92
101
68
55
68
53
107
92
62
40
71
46
75
40
90
74
90
80
104
93
57
65
68
59
42
98
98
81
44
65
103
103
82
54
76
87
91
72
41
47
92
84
66
103
62
46
43
51
89
44
64
70
54
42
35
55
87
75
76
43
60
52
62
55
104
46
57
45
62
106
35
59
52
66
57
45
99
62
52
74
83
56
65
79
97
64
87
89
37
57
83
73
54
39
63
91
93
74
89
41
53
104
65
28
86
50
97
65
89
52
34
34
75
85
84
67
107
77
68
57
56
78
46
84
64
50
89
75
78
53
76
87
107
59
46
99
65
54
96
93
34
78
61
45
101
87
72
65
40
52
100
55
77
57
76
76
62
77
62
62
73
89
51
55
44
72
67
65
65
90
66
43
109
41
63
101
41
76
74
47
78
68
86
78
51
50
39
63
47
56
90
48
58
100
37
87
99
89
53
39
80
68
45
79
45
75
99
105
63
105
47
92
86
50
42
67
57
49
74
40
87
81
100
71
79
65
103
100
91
62
40
46
77
55
63
49
82
96
64
77
78
60
92
67
89
66
89
42
50
45
62
43
44
48
49
75
71
65
87
31
67
36
84
56
102
75
90
56
47
75
77
46
40
63
62
88
47
62
101
73
96
54
92
55
91
61
100
50
77
108
73
51
89
90
65
75
55
52
67
46
49
45
62
99
103
88
66
53
46
91
55
55
68
39
41
56
52
68
80
88
45
95
65
82
76
52
94
51
80
63
81
89
74
85
68
80
105
101
69
90
102
41
50
65
63
100
51
96
86
46
55
74
67
53
58
73
31
42
62
51
88
104
63
87
84
104
39
43
93
62
39
76
52
51
56
91
52
54
75
44
68
75
73
45
85
76
90
58
32
108
29
40
67
87
102
63
71
56
102
104
57
76
66
35
82
90
89
91
80
93
86
75
54
90
62
96
87
106
53
47
67
88
57
41
88
53
66
104
72
42
76
106
61
61
89
91
104
66
49
67
104
64
44
87
102
85
66
101
88
89
48
92
43
86
51
90
104
55
103
34
64
42
90
56
52
79
46
69
45
34
43
78
53
81
62
77
77
101
88
76
87
69
45
81
46
74
84
75
87
52
59
99
68
64
77
76
53
42
106
90
69
55
99
68
42
86
87
56776
68879
101718
68533
63976
69178
74133
56261
69581
64591
67659
55766
66677
64699
69007
63853
20526
52712
52395
68368
55448
68276
55111
64739
64301
70114
63234
48581
64522
68654
101290
66027
66447
69536
69372
59185
59898
71230
74147
38395
61818
68063
53978
52443
64668
70635
99944
61531
62292
68969
53749
63883
69678
74542
62835
66818
57032
54550
53816
69530
71170
57824
68538
59213
54392
100819
68256
61910
70130
77495
55361
67951
60955
53171
35706
100805
58157
59238
61099
75960
68983
48202
74409
68731
59383
53639
75216
59200
57911
100850
73929
32088
41074
65207
29949
65905
100827
74287
55830
47790
64925
43983
63662
20172
56505
74961
26964
75207
65751
65002
66937
71223
99930
65039
61008
43501
61434
72281
51179
101255
101279
40895
52205
35539
73290
75047
58511
64600
45650
62463
60100
65379
68151
69481
62346
66125
63337
63199
65557
99950
54242
55950
100813
64213
67940
63797
58631
100782
60057
47871
50864
22822
64413
65289
71093
63487
100815
73242
58748
69222
6208
74064
52421
68194
63044
71610
60042
63293
64642
48243
69922
65483
76524
68414
56879
69948
68781
100401
65759
60800
99962
23890
54692
58883
72270
64167
64131
52144
74389
65174
71439
100814
