49972923
10
13
54
2
77
27
34
21
9
27
63
45
6
10
8
19
13
77
2
27
35
6
3
75
5
3
2
65
64
6
3
6
6
45
6
76
78
3
35
5
2
28
2
3
15
8
27
35
10
43
34
9
14
3
5
28
54
3
9
54
44
44
62
77
34
3
27
28
1
64
45
27
34
53
34
6
14
62
44
75
41
2
63
25
14
27
35
41
6
53
25
76
21
26
27
3
44
35
44
5
45
53
5
66
13
3
15
4
3
55
3
21
54
76
10
35
36
10
53
42
78
34
41
32
75
26
28
34
6
9
65
77
27
67
52
36
20
48
35
66
33
6
73
77
13
64
53
13
26
62
14
2
43
64
53
55
75
27
35
3
9
1
10
10
19
25
75
64
53
14
77
64
27
10
35
10
12
48
26
19
10
10
15
19
43
20
76
9
5
10
10
19
15
34
63
33
64
53
44
28
13
74
53
7
1
7
10
63
76
3
76
10
1
14
65
21
20
35
15
76
28
3
52
44
5
27
77
6
6
20
15
27
18
13
5
39
10
14
54
3
3
31
2
6
5
66
45
61
31
4
10
35
3
3
74
65
35
14
53
55
14
15
9
8
65
26
5
36
15
54
20
26
3
63
18
78
27
25
15
64
77
21
64
3
15
5
20
28
35
32
21
2
20
15
2
26
64
7
2
75
41
44
76
35
3
45
21
27
52
20
13
34
34
78
15
9
10
27
65
6
18
15
51
76
24
6
15
3
45
36
26
3
63
8
14
34
15
76
19
32
34
36
44
25
15
15
28
5
20
6
15
66
27
2
27
14
10
76
26
42
15
27
51
76
21
3
43
15
2
62
15
12
3
36
5
44
32
14
6
75
6
53
2
3
75
41
3
15
26
6
14
77
5
6
21
9
53
10
61
10
36
3
20
6
9
3
16
21
18
52
25
19
26
73
34
15
34
51
35
76
3
63
26
74
15
78
14
14
12
3
74
44
3
5
19
75
65
45
75
68
14
12
20
28
20
3
45
28
33
65
6
14
21
19
32
3
3
20
9
27
52
17
65
20
65
18
36
44
27
75
9
76
73
15
73
3
41
54
6
5
6
28
44
21
35
52
32
45
55
6
20
55
36
6
9
52
27
62
3
20
5
10
51
64
65
13
52
3
43
65
55
28
61
36
18
34
67
44
74
52
19
3
53
20
13
54
3
21
10
13
53
10
43
9
28
10
62
35
19
35
65
54
21
30
6
66
15
33
5
45
19
53
19
77
5
45
26
10
40
33
3
2
75
63
65
63
21
6
14
20
76
3
34
3
14
42
14
77
3
13
6
3
44
65
21
3
18
27
25
51
45
35
32
10
14
3
65
74
12
53
21
34
10
2
73
28
31
20
10
78
20
77
72
10
21
6
76
52
27
14
64
64
54
43
2
6
73
4
52
24
20
25
65
53
14
9
20
21
28
54
13
2
10
35
15
6
45
19
21
8
2
56
65
5
54
53
13
8
13
65
3
6
75
21
66
4
61
10
45
63
38
33
34
62
28
14
19
20
17
26
20
64
2
25
19
3
76
54
9
15
76
19
64
10
19
5
53
25
20
27
50
19
14
34
64
26
1
54
43
27
44
76
9
44
60
28
43
44
27
44
64
42
75
71
63
14
14
28
77
54
9
20
27
64
54
76
44
75
77
64
26
3
8
8
64
63
35
13
64
36
28
10
43
33
62
15
53
2
54
15
15
6
9
10
6
28
70
42
27
64
35
67
7
75
15
76
43
13
3
42
65
52
13
55
43
5
45
75
21
14
44
45
20
18
74
3
64
77
33
53
73
35
13
6
14
5
3
9
51
2
6
41
9
44
6
8
9
2
27
64
34
6
28
15
76
3
75
36
2
10
54
35
13
20
5
65
6
76
26
21
3
74
55
76
35
18
11
20
42
10
43
5
3
3
52
54
14
43
25
9
2
20
26
66
35
64
8
2
42
14
10
21
44
77
25
15
21
65
51
6
76
20
53
15
76
42
8
15
50
53
13
2
15
34
19
20
2
54
2
77
5
45
3
9
77
14
3
44
25
10
44
5
74
75
54
43
1
6
34
21
28
64
63
3
27
20
35
13
35
54
65
44
78
77
2
6
2
43
10
65
3
12
73
27
9
27
45
63
3
26
43
3
19
15
3
44
5
62
76
3
9
36
14
45
6
3
15
75
16
6
52
60
27
33
19
66
53
20
4
28
28
36
10
3
10
27
2
8
14
20
20
77
75
27
6
3
14
44
35
21
38993
39001
39016
39000
39008
39018
39006
39003
38992
39008
39001
39008
38997
39002
38989
39005
39009
39016
39001
39008
39016
38998
39000
38996
39003
39005
38998
39002
39004
39005
39004
39004
39006
39012
39009
39008
39001
39000
39001
39008
39012
39001
39004
39000
38987
39009
39016
38999
39001
39006
39021
38983
39006
39001
39000
39018
39009
38991
39011
38993
39002
39008
39010
38998
39015
39003
38999
39012
39005
39003
39005
39005
39001
39001
39012
39007
39009
39000
39007
39013
39011
39004
39014
38995
38998
39008
39002
39008
39011
39006
39007
38995
39008
39001
39006
39009
39004
39011
39009
39004
39010
39005
39004
39010
38994
39008
39008
39012
39004
39028
39006
39000
39004
39010
39003
39001
39006
39011
39005
38997
39011
39014
39010
39025
39005
39009
39012
39007
39007
39003
38993
38995
38994
39008
39016
39009
39012
39006
39006
39007
39022
38994
39004
39023
39004
39005
39008
39006
39023
38999
39009
39012
38999
39009
39007
39013
38989
38996
38985
39010
39010
39004
39007
39006
39000
38998
39000
39004
38999
38997
39006
39000
39014
38998
39007
39000
38986
39007
39012
39000
39009
39000
38994
39013
39008
38984
39011
39009
39002
39000
39003
38999
39009
39001
38998
39006
39002
38998
39011
39007
38998
39015
39002
39010
39001
38996
39016
39006
39001
39007
38992
39005
39009
39005
39009
39006
39009
38996
39007
39014
38995
39014
39002
39004
39005
39006
39005
38989
39015
38999
38991
39009
39004
39015
39007
39001
39011
39002
39011
39009
39008
39007
39005
38998
39002
39008
38996
38999
39014
39025
39006
39004
38999
39006
39009
38997
39005
39009
39006
39014
38990
39002
39006
39013
38997
39011
38993
39008
39012
38994
39008
39018
39009
38995
39004
38998
39007
38988
38994
38999
38996
39002
