19
15
21
12
8
40
25
18
39
15
15
8
37
19
37
6
22
25
20
16
12
32
21
39
39
18
11
16
17
10
22
7
18
21
7
18
22
29
16
12
13
16
36
8
16
15
30
26
7
6
10
9
32
5
13
42
32
7
10
10
9
23
18
22
32
21
8
33
39
16
15
17
22
7
11
39
18
37
15
10
33
12
29
37
34
21
16
22
10
38
16
8
15
7
12
32
23
10
30
17
14
10
30
8
45
18
41
10
33
12
43
39
22
32
17
32
26
32
15
8
34
19
6
7
16
39
21
21
17
7
12
24
13
37
31
15
15
17
14
32
7
10
31
26
25
10
18
13
12
21
23
11
38
18
12
24
41
7
31
12
33
22
26
34
17
31
19
25
17
23
22
23
27
12
29
26
23
12
8
10
10
7
37
25
29
7
32
13
11
16
40
7
32
17
13
11
11
23
7
17
39
11
25
7
7
26
36
19
13
11
37
33
40
8
18
12
17
11
6
30
17
11
36
34
7
19
35
13
38
28
39
24
10
40
23
28
38
39
7
31
17
25
11
23
13
17
25
41
36
39
22
7
39
8
36
11
32
7
37
41
30
31
25
8
9
26
19
37
41
38
7
18
21
23
39
34
7
22
11
38
29
32
30
9
9
36
6
22
25
19
17
7
18
13
14
18
19
32
32
30
21
31
8
30
21
13
13
39
11
26
41
18
38
10
11
31
21
7
29
22
24
11
24
10
25
13
11
17
16
17
24
7
27
17
30
37
22
9
8
8
22
18
21
37
37
39
23
17
15
27
35
39
5
11
42
30
8
24
10
18
17
39
32
41
12
7
29
8
15
19
37
21
31
7
19
31
6
38
12
17
37
17
11
37
10
41
8
8
19
6
14
13
30
30
32
7
10
17
25
33
8
24
13
29
12
8
10
44
11
33
12
10
19
19
32
23
40
10
37
30
33
27
24
34
26
35
9
17
6
13
37
32
23
21
16
22
31
18
17
19
42
8
26
39
8
30
18
37
39
10
11
4
5
32
8
14
20
34
8
12
21
20
9
10
11
40
25
12
32
23
9
18
18
14
7
13
24
17
23
8
29
20
13
12
16
2
34
31
39
27
12
6
11
40
18
39
8
21
9
37
17
12
38
8
30
6
6
33
35
31
19
22
16
24
38
10
22
6
24
23
6
18
12
20
22
7
32
7
17
24
28
39
22
16
32
8
17
41
7
39
25
27
23
8
3
40
10
13
11
30
32
11
16
29
28
29
44
25
20
9
21
15
23
11
10
25
29
33
12
7
39
9
11
5
29
29
21
37
12
8
42
16
40
16
13
25
12
12
11
8
15
18
23
37
6
37
16
10
22
17
27
11
36
23
22
7
29
7
20
29
14
30
6
40
29
25
9
12
17
25
29
16
40
30
22
11
7
31
29
25
38
18
24
20
37
37
9
24
24
19
12
5
39
11
16
18
30
22
26
24
19
8
7
16
37
30
27
39
39
21
7
13
9
12
37
7
25
8
41
8
26
39
35
38
23
23
11
8
9
6
29
12
18
23
8
8
17
20
8
38
18
16
42
39
16
25
9
9
9
8
42
7
40
11
10
10
23
28
17
30
12
44
17
5
31
11
40
42
33
11
23
25
29
7
8
23
11
41
29
27
39
18
40
7
5
10
39
5
29
8
30
11
6
17
21
11
32
9
36
16
21
19
17
29
7
18
27
43
11
23
21
7
9
37
26
31
30
30
17
39
29
39
13
39
26
20
23
19
36
18
16
10
33
38
8
18
41
22
35
7
17
12
42
11
42
22
26
22
11
8
30
39
25
5
16
24
7
14
10
11
41
38
31
21
38
30
12
12
7
28
8
38
37
27
21
28
31
26
29
11
29
30
37
17
44
26
14
39
11
16
7
38
7
39
41
23
28
29
12
10
26
40
7
28
10
11
33
7
11
23
6
34
14
18
14
23
7
15
13
11
15
12
22
12
41
23
17
40
18
22
23
22
24
30
5
6
26
15
13
36
7
26
13
9
36
37
9
31
41
21
14
38
6
34
38
24
30
29
7
7
28
20
27
23
6
10
29
30
11
23
11
23
24
30
8
40
6
22
17
12
5
37
23
30
15
39
14
12
38
11
31
28
8
39
25
11
18
11
29
23
9
10
39
31
7
29
11
16
30
16
15
19
16
22
5
28
23
8
28
29
25
15
16
13
14
24
26
7
35
29
30
17
18
15
22
7
8
19
17
41
14
15
11
17
15
16
14
17
16
18
32
9
40
25
25
26
8
8
41
24
12
39
24
7
29
19
12
9
34
20
11
11
22
41
8
30
17
40
28
23
19
37
9
6
26
12
12
16
20
14
11
10
7
16
39
26
30
29
29
32
32
30
6
26
8
8
10
36
17
9
19
34
37
13
38
23
27
10
26
7
33
24
17
37
5
2
38
31
6
40
10
31
12
10
17
27
8
30
21
7
13
23
32
29
6
7
24
31
14
27
10
25
37
11
38
30
14
32
40
8
21
10
31
11
10
21
25
23
39
13
37
38
11
39
14
6
29
46
17
19
11
12
44
21
12
11
7
29
37
36
11
11
32
11
38
20
8
22
29
28
24
34
39
42
17
40
24
25
40
40
29
12
40
41
22
21
41
33
14
12
10
8
19
24
17
23
9
33
42
6
7
36
7
9
16
6
15
8
25
16
41
29
15
24
10
21
40
40
5
8
11
7
39
9
8
33
13
37
16
32
20
22
9
6
38
39
12
10
22
22
26
7
41
17
13
23
23
6
11
8
30
32
30
6
38
8
47
8
8
8
7
16
6
39
7
6
22
22
34
6
37
15
32
25
6
17
8
32
29
8
25
14
11
16
37
22
18
7
9
10
12
32
16
22
10
38
32
23
41
42
17
14
39
22
6
30
8
36
30
6
8
8
13
38
30
8
11
6
39
8
14
9
6
17
10
33
15
38
25
29
17
21
15
10
24
16
30
12
16
20
23
25
42
33
11
37
35
10
6
9
19
24
30
22
18
29
23
37
24
13
27
16
35
12
37
12
38
7
17
17
20
11
28
36
30
32
39
11
29
22
9
30
25
26
25
10
38
21
8
9
29
15
32
11
17
9
11
13
6
24
6
16
8
14
38
37
29
17
17
8
21
19
7
17
39
11
15
9
36
18
16
15
5
34
10
16
31
35
33
32
37
33
22
40
33
9
21
32
27
7
37
20
13
39
17
21
23
9
30
15
8
18
7
38
31
39
30
17
35
39
21
38
37
20
8
25
35
7
12
19
34
18
14
19
26
21
16
36
13
12
23
37
19
32
12
7
31
13
7
18
22
18
9
12
22
15
27
31
8
14
29
18
6
8
12
31
7
21
10
21
23
15
23
12
31
32
12
29
21
15
17
8
29
17
30
39
6
23
29
8
9
23
14
14
7
8
36
6
45
27
9
8
10
16
8
39
36
12
37
12
13
41
17
23
17
31
20
45
5
37
17
18
42
16
16
13
33
23
13
35
11
16
39
30
18
17
18
16
30
15
24
30
12
14
11
7
31
14
10
30
8
19
28
28
12
17
27
31
17
38
41
18
40
29
7
9
29
38
25
21
13
28
38
15
7
39
27
11
12
12
9
33
37
7
22
30
18
16
39
30
12
8
15
21
39
5
29
36
8
16
7
6
33
36
23
17
42
15
39
7
12
22
36
19
8
15
39
6
42
43
26
40
6
38
23
9
37
22
34
32
12
12
31
42
25
6
14
12
10
12
12
7
32
40
24
24
30
38
16
37
30
8
34
32
18
16
23
32
31
8
6
6
6
40
25
15
20
34
24
18
12
30
12
7
5
24
21
25
30
14
40
8
10
35
36
29
26
16
7
38
11
9
25
35
22
31
37
26
10
30
7
32
18
25
15
31
12
19
12
14
11
13
30
20
21
15
35
39
25
14
22
12
26
7
39
7
40
11
30
23
33
25
18
5
20
13
35
18
13
11
8
7
26
12
6
5
11
38
22
15
24
24
12
17
39
38
7
6
12
37
7
29
30
17
10
17
27
12
16
17
30
18
22
17
8
25
39
32
16
13
18
8
43
10
17
15
31
11
19
24
16
17
24
19
17
20
9
26
11
44
24
41
29
29
8
6
24
23
42
17
13
40
13
8
16
31
23
11
32
39
13
34
40
31
8
22
26
13
10
13
33
34
11
28
5
42
41
9
18
25
17
9
12
26
13
16
37
22
9
24
25
20
38
33
31
9
40
32
38
23
23
32
11
17
29
38
21
16
40
29
15
17
39
29
30
24
16
7
23
9
17
22
17
43
36
32
13
35
10
28
40
9
32
30
23
38
12
22
10
23
8
11
19
12
12
39
10
17
10
21
41
38
36
20
18
10
17
33
17
22
44
21
24
33
7
27
12
17
15
17
24
9
36
26
12
33
18
29
6
36
34
7
25
8
17
31
16
20
23
28
41
29
21
40
43
7
11
22
37
27
17
29
11
7
8
43
17
41
11
22
8
25
27
12
19
13
11
33
12
14
39
32
23
32
41
20
31
24
32
29
30
35
38
18
16
5
11
10
12
30
22
13
9
13
12
36
32
38
22
15
22
25
31
25
18
19
12
8
38
6
26
38
23
13
21
16
10
11
8
12
17
15
30
37
29
18
33
13
5
28
26
9
44
6
12
7
16
36
29
37
10
22
24
19
12
21
39
12
32
38
21
12
20
25
15
13
14
24
9
17
7
9
29
36
28
7
41
29
8
30
34
14
28
18
28
33
30
29
23
39
42
8
11
10
23
23
8
21
17
26
9
42
38
35
18
19
16
13
43
23
18
10
27
38
33
38
25
11
9
12
37
31
14
9
5
7
7
31
16
11
40
6
29
13
6
9
13
40
24
40
29
42
36
18
40
13
16
8
12
10
10
14
19
24
37
37
7
7
16
17
12
7
31
7
30
20
9
27
30
19
32
11
10
8
16
37
30
10
33
40
11
30
37
22
43
30
39
10
16
7
10
32
14
29
22
28
24
14
22
22
20
21
38
8
37
14
31
21
11
40
18
9
19
38
40
21
8
23
13
17
8
8
18
14
39
11
23
37
35
24
30
12
31
14
16
23
16
18
23
38
28
39
39
14
38
36
33
40
17
18
20
22
12
24
36
8
23
8
7
24
23
22
7
7
29
11
38
32
32
19
30
31
17
15
40
9
39
28
11
25
21
38
9
36
7
31
30
7
6
17
30
15
23
34
9
36
40
29
13
7
11
37
25
32
31
11
28
7
25
22
7
16
32
15
28
10
32
19
36
23
10
14
11
27
25
15
19
30
12
9
31
22
31
7
16
22
27
20
22
18
43
16
43
8
32
11
25
34
15
13
26
37
30
9
7
21
18
13
21
17
7
6
9
23
18
21
31
13
20
12
39
25
30
27
23
7
37
34
38
13
19
16
18
23
32
33
12
12
11
6
40
15
33
29
10
43
25
30
6
11
31
38
31
13
12
12
39
34
16
17
30
36
18
36
19
12
7
6
23
17
32
11
23
8
6
36
24
33
15
32
40
30
12
36
41
16
12
23
23
17
31
17
14
32
18
39
11
33
16
14
32
13
6
27
9
5
18
15
18
40
11
7
11
29
23
18
11
41
12
22
22
29
6
27
31
11
9
31
7
10
38
24
7
15
26
12
21
11
9
19
8
33
12
11
28
23
24
10
41
12
18
12
40
19
23
23
11
33
32
44
12
7
16
28
37
17
16
37
8
32
24
31
11
22
35
30
11
9
17
37
19
22
26
31
25
8
41
22
30
22
8
12
32
34
12
21
14
30
17
15
7
20
10
13
28
34
16
37
12
18
12
12
40
13
28
42
32
7
21
40
11
30
12
19
38
30
13
19
29
23
18
27
33
14
7
7
21
29
38
41
12
8
6
33
25
12
24
18
8
11
10
17
11
7
15
32
5
24
24
39
9
8
6
39
12
23
23
28
26
11
17
5
24
21
41
11
36
38
12
8
24
12
29
37
9
12
17
20
37
38
40
17
22
16
38
27
7
39
20
7
34
11
8
8
18
21
11
23
9
38
21
17
21
28
6
39
6
8
11
16
16
35
32
38
23
8
9
11
9
13
14
35
23
34
33
24
11
16
21
28
36
21
17
41
19
17
19
38
26
30
11
15
10
33
36
41
7
9
9
6
32
29
10
26
8
25
13
14
32
7
37
8
17
32
19
9
13
16
13
39
19
22
9
6
23
12
13
24
32
5
10
20
10
24
41
19
25
9
40
23
22
32
10
36
28
43
29
23
17
41
25
16
11
28
6
18
24
23
42
34
39
39
17
27
31
30
8
29
24
16
15
23
18
12
10
31
33
17
36
7
16
41
29
39
22
22
15
38
37
31
12
18
14
6
6
41
12
31
23
20
17
32
24
29
13
17
30
19
17
31
7
28
6
31
16
7
35
6
41
24
40
14
24
27
30
23
17
30
17
24
22
13
22
9
7
24
23
17
16
23
6
22
7
7
15
18
24
10
19
26
9
30
6
18
23
19
37
31
23
8
31
11
10
18
7
29
32
35
35
28
19
16
16
6
34
16
21
30
30
7
18
5
9
14
7
38
12
21
6
6
28
25
23
42
15
31
7
14
10
8
33
38
18
6
31
12
20
18
39
40
12
18
27
18
31
18
40
12
15
19
17
14
41
8
7
10
10
12
15
29
32
11
26
18
8
12
16
38
34
32
6
36
9
24
18
24
29
11
12
12
32
26
15
17
29
11
7
6
11
17
15
16
23
30
12
29
22
8
11
11
30
43
19
30
7
11
12
29
10
37
14
40
22
20
38
16
41
20
6
18
27
38
33
30
39
21
27
20
11
30
40
20
17
14
30
17
32
20
25
38
40
5
29
21
8
21
10
5
11
8
11
30
11
21
9
9
32
31
5
43
13
41
25
11
8
9
18
11
12
22
30
32
17
17
8
6
41
5
39
32
11
22
41
43
11
7
18
16
10
37
38
39
42
8
25
17
12
31
40
16
24
29
13
21
8
26
29
20
39
17
32
14
32
6
11
9
9
38
23
21
14
31
8
17
20
24
39
39
14
14
12
25
9
10
9
11
16
16
18
19
6
13
10
39
27
10
8
33
10
16
35
25
34
31
23
12
25
27
21
41
26
21
35
11
39
38
14
11
21
8
12
30
10
12
32
12
16
23
6
37
22
35
31
39
31
29
20
19
15
15
9
39
15
21
9
11
18
11
22
28
9
36
11
16
16
9
13
15
11
8
13
45
16
11
6
9
30
8
6
6
42
9
6
29
24
17
16
36
24
38
22
11
11
32
15
23
23
29
7
11
9
31
16
33
24
27
33
32
14
18
39
10
37
38
31
41
29
25
8
12
32
6
14
25
39
8
13
15
9
7
14
20
33
14
7
11
13
24
18
21
24
31
10
7
12
17
30
5
16
27
18
30
30
34
18
38
30
42
15
15
15
41
30
16
30
10
8
20
21
24
7
23
28
9
12
14
23
7
36
27
30
29
17
24
27
29
23
6
42
24
22
17
15
32
14
37
21
24
11
10
6
23
20
36
10
36
23
18
28
8
8
8
14
6
43
37
38
37
30
28
20
31
37
21
29
22
40
9
13
30
29
22
16
10
14
39
7
32
24
7
18
22
17
5
23
7
18
17
6
12
30
9
45
29
17
38
29
17
10
7
16
5
21
31
12
16
21
11
20
5
10
15
10
14
12
10
11
24
11
26
15
27
9
9
24
9
29
30
13
8
11
17
31
24
20
10
34
30
23
21
26
13
8
29
26
22
30
33
7
24
38
15
15
7
11
32
15
8
21
14
11
36
24
34
38
18
30
23
29
22
30
18
15
23
15
41
12
27
41
5
26
31
8
6
13
7
41
18
32
24
29
23
12
12
20
15
8
11
36
31
7
30
25
19
31
37
20
30
9
13
23
38
23
9
8
16
12
41
24
32
24
22
26
13
20
25
17
11
18
17
40
32
8
13
14
6
14
20
21
31
26
12
17
30
16
30
41
31
29
12
28
8
6
34
31
31
7
22
11
32
7
13
24
33
17
12
10
42
26
28
23
42
40
9
15
29
10
16
7
10
8
32
37
34
37
6
7
37
39
15
29
31
30
7
34
32
31
11
29
13
33
21
10
17
37
8
40
7
19
9
15
37
8
41
28
24
12
27
12
7
37
15
8
12
23
7
38
28
10
7
12
10
24
22
24
40
38
13
28
30
19
29
23
8
7
38
35
41
29
37
9
29
30
39
22
6
8
16
42
12
38
11
23
17
6
40
39
7
32
36
12
34
9
9
24
38
7
31
6
35
34
29
13
15
10
24
9
31
29
43
16
10
25
38
23
25
24
43
5
6
6
9
41
18
23
7
9
29
24
17
21
7
34
41
7
25
7
19
34
15
32
36
38
39
8
16
15
38
24
40
11
21
38
34
28
31
10
8
40
41
40
9
23
12
37
25
9
36
28
12
25
22
15
7
7
16
7
6
17
38
22
7
18
13
23
23
16
25
16
16
23
38
33
38
18
30
16
9
42
9
39
30
17
26
28
18
11
18
18
28
6
38
13
6
33
19
7
17
18
36
16
19
17
29
32
17
44
6
31
18
9
16
26
31
5
17
7
6
34
10
23
22
7
35
18
42
23
23
18
12
16
7
17
23
6
37
12
16
31
10
30
9
5
30
9
6
33
39
35
38
25
28
8
14
37
22
12
13
36
11
37
17
6
30
7
36
14
24
9
31
10
7
6
10
23
6
25
12
16
17
20
32
30
6
39
10
7
18
34
16
22
31
11
19
13
22
36
15
9
35
10
7
22
16
27
7
11
42
40
38
17
9
8
8
38
23
18
8
42
24
31
36
18
18
17
9
32
41
20
16
22
15
19
40
19
18
24
11
41
21
22
15
8
23
28
38
15
8
23
25
10
18
39
29
33
11
26
14
36
37
17
10
23
24
21
7
24
22
9
17
10
16
23
41
19
32
11
15
43
18
23
6
36
22
9
9
30
40
17
10
11
31
13
10
8
34
8
22
26
40
27
38
32
6
12
22
37
33
24
8
25
23
25
27
19
9
24
5
6
39
29
15
46
5
18
19
23
23
12
40
24
39
24
21
8
10
39
6
12
6
10
31
24
8
19
17
26
12
10
12
41
5
12
27
38
17
39
44
8
24
11
15
8
35
19
19
12
9
23
32
10
39
7
41
33
35
39
6
18
24
21
7
27
7
30
7
24
24
10
38
29
11
18
24
11
13
8
12
36
31
5
6
32
7
8
11
30
27
46
25
11
9
32
12
22
39
44
24
16
29
16
8
9
9
15
23
8
6
9
9
7
39
14
32
19
28
13
20
38
27
19
13
37
11
13
37
14
12
12
7
14
22
29
6
15
36
20
17
42
25
7
18
21
27
19
10
9
26
22
8
8
10
12
5
39
10
18
8
13
25
37
24
24
8
45
17
17
14
14
14
38
36
31
22
42
29
10
11
23
6
29
15
6
11
6
10
8
32
33
32
29
39
40
17
12
12
6
40
41
8
22
31
13
31
13
22
15
5
24
9
22
36
12
32
32
28
7
38
29
25
5
31
8
28
13
32
11
15
31
23
8
5
17
23
26
22
15
26
41
21
36
22
15
11
39
5
40
31
24
7
16
36
21
40
19
22
14
38
7
16
7
10
40
33
27
12
44
17
24
20
12
36
35
8
31
10
10
28
40
6
19
13
26
29
24
6
14
39
19
8
41
8
22
30
29
16
25
14
24
10
44
39
9
13
39
10
23
6
27
17
35
13
14
26
5
9
13
11
28
9
36
26
10
13
8
29
31
31
20
39
13
15
37
18
16
38
27
41
15
37
11
38
39
24
12
12
9
40
11
23
12
34
24
38
39
14
12
31
11
6
27
25
30
30
20
18
6
17
28
13
7
19
29
20
16
13
23
24
17
8
10
22
13
29
30
29
17
39
31
8
7
16
18
12
7
39
31
41
31
28
39
11
33
13
20
16
8
40
13
11
23
17
17
6
18
26
21
39
12
40
15
8
8
37
17
32
22
37
29
29
37
11
38
16
7
8
9
36
40
17
16
42
16
35
23
28
6
14
18
38
35
38
31
24
39
40
8
17
12
29
41
39
15
26
8
11
30
10
28
13
39
11
41
36
23
11
6
5
31
43
11
24
12
30
8
13
9
23
18
38
31
12
31
29
8
13
16
10
37
20
15
12
9
7
24
8
22
7
16
8
35
25
6
17
37
39
18
16
39
17
7
20
24
30
8
13
33
8
26
6
13
7
39
18
39
20
29
39
24
39
28
10
18
20
31
12
32
30
30
25
10
12
29
16
26
28
31
19
42
28
30
12
40
35
18
24
28
29
40
5
42
17
13
38
37
23
17
9
8
42
40
12
35
6
9
7
16
35
6
18
21
39
19
28
8
12
27
36
9
7
13
29
28
15
31
21
22
16
22
13
32
30
10
26
12
7
13
34
44
40
18
15
28
10
10
34
6
30
18
17
40
6
22
11
30
30
12
39
17
10
7
31
14
32
9
7
11
41
43
17
6
19
38
5
32
10
22
13
16
16
22
30
23
10
10
31
10
30
30
7
5
33
27
30
8
27
35
10
7
30
6
9
30
6
29
10
28
32
13
12
38
33
6
18
16
38
17
24
13
32
37
15
37
8
18
11
23
38
32
11
22
6
8
8
15
30
11
23
11
28
24
23
12
6
10
12
42
8
11
30
24
24
15
39
13
10
32
11
6
37
8
31
17
6
8
25
11
16
26
30
23
25
39
14
26
42
14
34
6
16
38
16
27
14
30
11
42
27
37
7
30
6
10
17
21
22
13
41
39
43
8
40
17
13
38
13
19
26
41
24
14
8
24
28
40
16
28
27
24
10
27
16
41
12
23
22
7
31
12
38
7
24
23
9
27
28
18
23
27
21
12
44
13
13
11
10
22
30
19
11
11
30
5
12
8
21
5
15
16
15
22
32
9
35
9
16
29
6
21
8
15
8
29
16
23
11
24
9
7
38
8
20
19
6
27
15
5
13
18
7
17
13
15
9
25
34
6
11
7
12
25
18
8
42
10
20
17
41
7
8
22
7
26
24
31
21
14
17
7
7
7
24
31
8
12
8
19
18
33
11
7
11
12
6
30
7
41
32
17
6
24
13
11
33
7
42
37
23
36
8
9
16
33
32
22
29
39
39
21
30
36
23
22
13
16
15
9
31
33
33
6
25
6
33
40
28
36
14
9
7
37
14
30
42
29
31
17
30
12
14
38
36
32
33
16
31
7
40
15
27
312944
155985
319457
314283
395961
189331
80444
442044
476109
80017
299272
397555
34000
415313
23704
294376
359077
393895
8966
351387
134150
268853
368844
338141
461390
362880
280684
219718
47882
463286
70964
290708
75698
308173
78313
485629
230816
408869
342265
31511
380450
364702
365186
138595
28571
389299
47883
118638
499822
53580
457690
332095
111825
162815
273374
410452
108922
220434
200969
237027
376860
7957
298610
268214
461613
252818
29633
94966
473119
438796
241446
267303
174735
221942
93588
455534
359420
286483
148667
436816
99977
215427
245456
443785
260136
53471
109463
462234
341710
368855
302709
406262
70822
16952
290099
70598
57867
85009
235640
487449
131858
244119
214635
442733
372804
62716
237151
456399
274790
406271
479494
312945
74166
257232
373879
255962
96967
59365
288786
184718
153673
119927
69124
488383
364487
196796
119275
37503
429680
258659
450177
152162
219925
246888
259838
80389
294019
57938
248701
269948
244538
302126
218926
428921
98661
261869
470085
408419
181742
440398
113599
276801
12939
468795
338079
483699
275119
220929
130126
347752
113582
41626
210824
448097
340379
25210
491918
210392
394581
312707
405090
200396
394346
249668
94362
357922
204631
181292
251168
20732
335252
220704
69855
326198
277965
473531
34934
296262
219428
173275
123291
236481
368640
370844
310458
121408
391161
177100
147423
186305
210125
9946
435180
269254
240479
286046
18831
103439
480940
148269
211327
335362
264806
315402
262487
195700
177339
86548
163387
305084
68813
128980
406888
426002
195698
154833
107256
401747
302032
201578
447719
289895
432215
418435
333849
378884
251879
145152
48078
241167
464887
108232
270215
143868
105775
118917
218416
281807
495583
443742
385292
274101
52472
186305
131588
116130
133444
103806
494703
351366
276986
9675
350384
495015
111822
278033
326411
132012
425389
291586
26762
233474
67231
216681
447422
409129
465296
486802
295824
326939
116007
405700
244668
355271
154676
418611
460996
137000
371216
41064
433085
333871
48141
488760
82186
217391
165652
119890
293602
298135
370278
9945
444074
182130
284770
216673
415554
426688
96951
81785
351604
250339
291761
385273
404073
278312
57241
347824
255518
193390
122552
190019
389521
391500
486410
405316
408001
92941
13885
49990
311225
218462
140676
180531
33445
488528
50313
329657
128814
449110
452633
363016
254619
473474
50529
100239
140845
40067
26680
177521
385686
469639
415701
378836
254220
376875
237288
38230
413140
266922
272557
99556
182130
150037
308856
286006
390487
149150
403330
404394
67739
49786
196397
181927
423310
30574
151170
225188
324433
506917
118020
190495
442415
422609
182927
19833
482116
36091
93485
121538
194828
321494
387530
264617
408134
378897
69459
351049
213919
238489
101668
65235
192955
391072
69815
467044
500717
84831
259653
108146
30171
172219
84361
300820
226164
212891
368200
226200
83922
427882
102911
204314
190354
140373
478469
173894
44200
232534
250584
402471
101876
353787
397079
46120
501381
238392
397235
494782
450202
455160
94889
34412
74934
244687
228174
441140
27600
113876
149069
288656
136295
429518
492211
499443
131999
353067
368785
419071
