18341
19106
18541
17936
18536
18925
17797
19106
17321
19119
18318
18352
17405
17388
18703
18890
17964
17944
17966
17596
17969
19099
18364
17924
17952
19122
17957
18147
18943
17779
17403
18315
18351
17543
18153
19112
18139
18154
19096
17949
18143
17966
18930
18159
19118
17750
18893
17977
17400
19116
17587
19123
18345
17795
18541
17747
19104
17767
18151
18524
17950
19129
18916
18913
18922
17941
17570
17974
17607
18730
17770
18906
18552
18135
17393
18357
17407
17749
17400
18538
17593
18153
17925
19120
18901
18927
18133
17403
18918
18361
18123
17982
17951
18949
17400
19105
17423
17775
17783
18707
18699
17927
17406
18538
17764
18900
17588
17350
17392
17568
18540
18527
18694
17957
18155
18527
17952
18166
17747
17367
18533
17395
17967
17577
18718
17953
18355
18501
18927
17404
19090
18885
18712
17971
17600
18156
18532
17568
18143
18529
18155
17948
19135
18706
18548
19105
18737
17961
18507
18732
17777
17427
17608
17782
18547
18137
18741
18360
17376
18731
17774
18914
17573
18343
18518
17783
18701
19107
19120
17381
18734
18372
18344
17397
17403
18348
18749
17966
18314
18535
18121
18536
17964
18881
18361
17379
18543
18556
19112
17561
19131
18535
17966
18551
19094
18180
17578
18708
